節点番号	X 座標 (mm)	Y 座標 (mm)	Z 座標 (mm)	各方向での変形量 (mm)
1	94.444	0.	44.444	0.97946
2	88.889	0.	44.444	4.0498
3	83.333	0.	44.444	9.2053
4	77.778	0.	44.444	16.321
5	72.222	0.	44.444	25.233
6	66.667	0.	44.444	35.757
7	61.111	0.	44.444	47.707
8	55.556	0.	44.444	60.898
9	50.	0.	44.444	75.148
10	44.444	0.	44.444	90.287
11	38.889	0.	44.444	106.15
12	33.333	0.	44.444	122.59
13	27.778	0.	44.444	139.46
14	22.222	0.	44.444	156.64
15	16.667	0.	44.444	174.03
16	11.111	0.	44.444	191.54
17	5.5556	0.	44.444	209.11
18	94.444	0.	38.889	1.108
19	88.889	0.	38.889	4.4201
20	83.333	0.	38.889	9.7821
21	77.778	0.	38.889	17.035
22	72.222	0.	38.889	26.02
23	66.667	0.	38.889	36.565
24	61.111	0.	38.889	48.499
25	55.556	0.	38.889	61.645
26	50.	0.	38.889	75.835
27	44.444	0.	38.889	90.901
28	38.889	0.	38.889	106.69
29	33.333	0.	38.889	123.05
30	27.778	0.	38.889	139.85
31	22.222	0.	38.889	156.97
32	16.667	0.	38.889	174.31
33	11.111	0.	38.889	191.78
34	5.5556	0.	38.889	209.32
35	94.444	0.	33.333	1.1503
36	88.889	0.	33.333	4.5862
37	83.333	0.	33.333	10.081
38	77.778	0.	33.333	17.438
39	72.222	0.	33.333	26.488
40	66.667	0.	33.333	37.063
41	61.111	0.	33.333	48.998
42	55.556	0.	33.333	62.125
43	50.	0.	33.333	76.281
44	44.444	0.	33.333	91.306
45	38.889	0.	33.333	107.05
46	33.333	0.	33.333	123.36
47	27.778	0.	33.333	140.12
48	22.222	0.	33.333	157.2
49	16.667	0.	33.333	174.51
50	11.111	0.	33.333	191.95
51	5.5556	0.	33.333	209.48
52	94.444	0.	27.778	1.1648
53	88.889	0.	27.778	4.6497
54	83.333	0.	27.778	10.207
55	77.778	0.	27.778	17.618
56	72.222	0.	27.778	26.705
57	66.667	0.	27.778	37.299
58	61.111	0.	27.778	49.239
59	55.556	0.	27.778	62.359
60	50.	0.	27.778	76.501
61	44.444	0.	27.778	91.507
62	38.889	0.	27.778	107.23
63	33.333	0.	27.778	123.52
64	27.778	0.	27.778	140.26
65	22.222	0.	27.778	157.32
66	16.667	0.	27.778	174.61
67	11.111	0.	27.778	192.05
68	5.5556	0.	27.778	209.56
69	94.444	0.	22.222	1.1648
70	88.889	0.	22.222	4.6497
71	83.333	0.	22.222	10.207
72	77.778	0.	22.222	17.618
73	72.222	0.	22.222	26.705
74	66.667	0.	22.222	37.299
75	61.111	0.	22.222	49.239
76	55.556	0.	22.222	62.359
77	50.	0.	22.222	76.501
78	44.444	0.	22.222	91.507
79	38.889	0.	22.222	107.23
80	33.333	0.	22.222	123.52
81	27.778	0.	22.222	140.26
82	22.222	0.	22.222	157.32
83	16.667	0.	22.222	174.61
84	11.111	0.	22.222	192.05
85	5.5556	0.	22.222	209.56
86	94.444	0.	16.667	1.1503
87	88.889	0.	16.667	4.5862
88	83.333	0.	16.667	10.081
89	77.778	0.	16.667	17.438
90	72.222	0.	16.667	26.488
91	66.667	0.	16.667	37.063
92	61.111	0.	16.667	48.998
93	55.556	0.	16.667	62.125
94	50.	0.	16.667	76.281
95	44.444	0.	16.667	91.306
96	38.889	0.	16.667	107.05
97	33.333	0.	16.667	123.36
98	27.778	0.	16.667	140.12
99	22.222	0.	16.667	157.2
100	16.667	0.	16.667	174.51
101	11.111	0.	16.667	191.95
102	5.5556	0.	16.667	209.48
103	94.444	0.	11.111	1.108
104	88.889	0.	11.111	4.4201
105	83.333	0.	11.111	9.7821
106	77.778	0.	11.111	17.035
107	72.222	0.	11.111	26.02
108	66.667	0.	11.111	36.565
109	61.111	0.	11.111	48.499
110	55.556	0.	11.111	61.645
111	50.	0.	11.111	75.835
112	44.444	0.	11.111	90.901
113	38.889	0.	11.111	106.69
114	33.333	0.	11.111	123.05
115	27.778	0.	11.111	139.85
116	22.222	0.	11.111	156.97
117	16.667	0.	11.111	174.31
118	11.111	0.	11.111	191.78
119	5.5556	0.	11.111	209.32
120	94.444	0.	5.5556	0.97946
121	88.889	0.	5.5556	4.0498
122	83.333	0.	5.5556	9.2053
123	77.778	0.	5.5556	16.321
124	72.222	0.	5.5556	25.233
125	66.667	0.	5.5556	35.757
126	61.111	0.	5.5556	47.707
127	55.556	0.	5.5556	60.898
128	50.	0.	5.5556	75.148
129	44.444	0.	5.5556	90.287
130	38.889	0.	5.5556	106.15
131	33.333	0.	5.5556	122.59
132	27.778	0.	5.5556	139.46
133	22.222	0.	5.5556	156.64
134	16.667	0.	5.5556	174.03
135	11.111	0.	5.5556	191.54
136	5.5556	0.	5.5556	209.11
137	5.5556	2.	5.5556	209.11
138	11.111	2.	5.5556	191.54
139	16.667	2.	5.5556	174.03
140	22.222	2.	5.5556	156.64
141	27.778	2.	5.5556	139.46
142	33.333	2.	5.5556	122.59
143	38.889	2.	5.5556	106.15
144	44.444	2.	5.5556	90.287
145	50.	2.	5.5556	75.148
146	55.556	2.	5.5556	60.898
147	61.111	2.	5.5556	47.707
148	66.667	2.	5.5556	35.757
149	72.222	2.	5.5556	25.233
150	77.778	2.	5.5556	16.321
151	83.333	2.	5.5556	9.2053
152	88.889	2.	5.5556	4.0498
153	94.444	2.	5.5556	0.97946
154	5.5556	2.	11.111	209.32
155	11.111	2.	11.111	191.78
156	16.667	2.	11.111	174.31
157	22.222	2.	11.111	156.97
158	27.778	2.	11.111	139.85
159	33.333	2.	11.111	123.05
160	38.889	2.	11.111	106.69
161	44.444	2.	11.111	90.901
162	50.	2.	11.111	75.835
163	55.556	2.	11.111	61.645
164	61.111	2.	11.111	48.499
165	66.667	2.	11.111	36.565
166	72.222	2.	11.111	26.02
167	77.778	2.	11.111	17.035
168	83.333	2.	11.111	9.7821
169	88.889	2.	11.111	4.4201
170	94.444	2.	11.111	1.108
171	5.5556	2.	16.667	209.48
172	11.111	2.	16.667	191.95
173	16.667	2.	16.667	174.51
174	22.222	2.	16.667	157.2
175	27.778	2.	16.667	140.12
176	33.333	2.	16.667	123.36
177	38.889	2.	16.667	107.05
178	44.444	2.	16.667	91.306
179	50.	2.	16.667	76.281
180	55.556	2.	16.667	62.125
181	61.111	2.	16.667	48.998
182	66.667	2.	16.667	37.063
183	72.222	2.	16.667	26.488
184	77.778	2.	16.667	17.438
185	83.333	2.	16.667	10.081
186	88.889	2.	16.667	4.5862
187	94.444	2.	16.667	1.1503
188	5.5556	2.	22.222	209.56
189	11.111	2.	22.222	192.05
190	16.667	2.	22.222	174.61
191	22.222	2.	22.222	157.32
192	27.778	2.	22.222	140.26
193	33.333	2.	22.222	123.52
194	38.889	2.	22.222	107.23
195	44.444	2.	22.222	91.507
196	50.	2.	22.222	76.501
197	55.556	2.	22.222	62.359
198	61.111	2.	22.222	49.239
199	66.667	2.	22.222	37.299
200	72.222	2.	22.222	26.705
201	77.778	2.	22.222	17.618
202	83.333	2.	22.222	10.207
203	88.889	2.	22.222	4.6497
204	94.444	2.	22.222	1.1648
205	5.5556	2.	27.778	209.56
206	11.111	2.	27.778	192.05
207	16.667	2.	27.778	174.61
208	22.222	2.	27.778	157.32
209	27.778	2.	27.778	140.26
210	33.333	2.	27.778	123.52
211	38.889	2.	27.778	107.23
212	44.444	2.	27.778	91.507
213	50.	2.	27.778	76.501
214	55.556	2.	27.778	62.359
215	61.111	2.	27.778	49.239
216	66.667	2.	27.778	37.299
217	72.222	2.	27.778	26.705
218	77.778	2.	27.778	17.618
219	83.333	2.	27.778	10.207
220	88.889	2.	27.778	4.6497
221	94.444	2.	27.778	1.1648
222	5.5556	2.	33.333	209.48
223	11.111	2.	33.333	191.95
224	16.667	2.	33.333	174.51
225	22.222	2.	33.333	157.2
226	27.778	2.	33.333	140.12
227	33.333	2.	33.333	123.36
228	38.889	2.	33.333	107.05
229	44.444	2.	33.333	91.306
230	50.	2.	33.333	76.281
231	55.556	2.	33.333	62.125
232	61.111	2.	33.333	48.998
233	66.667	2.	33.333	37.063
234	72.222	2.	33.333	26.488
235	77.778	2.	33.333	17.438
236	83.333	2.	33.333	10.081
237	88.889	2.	33.333	4.5862
238	94.444	2.	33.333	1.1503
239	5.5556	2.	38.889	209.32
240	11.111	2.	38.889	191.78
241	16.667	2.	38.889	174.31
242	22.222	2.	38.889	156.97
243	27.778	2.	38.889	139.85
244	33.333	2.	38.889	123.05
245	38.889	2.	38.889	106.69
246	44.444	2.	38.889	90.901
247	50.	2.	38.889	75.835
248	55.556	2.	38.889	61.645
249	61.111	2.	38.889	48.499
250	66.667	2.	38.889	36.565
251	72.222	2.	38.889	26.02
252	77.778	2.	38.889	17.035
253	83.333	2.	38.889	9.7821
254	88.889	2.	38.889	4.4201
255	94.444	2.	38.889	1.108
256	5.5556	2.	44.444	209.11
257	11.111	2.	44.444	191.54
258	16.667	2.	44.444	174.03
259	22.222	2.	44.444	156.64
260	27.778	2.	44.444	139.46
261	33.333	2.	44.444	122.59
262	38.889	2.	44.444	106.15
263	44.444	2.	44.444	90.287
264	50.	2.	44.444	75.148
265	55.556	2.	44.444	60.898
266	61.111	2.	44.444	47.707
267	66.667	2.	44.444	35.757
268	72.222	2.	44.444	25.233
269	77.778	2.	44.444	16.321
270	83.333	2.	44.444	9.2053
271	88.889	2.	44.444	4.0498
272	94.444	2.	44.444	0.97946
273	94.444	2.	0.	0.55326
274	88.889	2.	0.	3.2665
275	83.333	2.	0.	8.1861
276	77.778	2.	0.	15.174
277	72.222	2.	0.	24.037
278	66.667	2.	0.	34.574
279	61.111	2.	0.	46.579
280	55.556	2.	0.	59.854
281	50.	2.	0.	74.207
282	44.444	2.	0.	89.458
283	38.889	2.	0.	105.44
284	33.333	2.	0.	121.98
285	27.778	2.	0.	138.95
286	22.222	2.	0.	156.23
287	16.667	2.	0.	173.69
288	11.111	2.	0.	191.25
289	5.5556	2.	0.	208.86
290	0.	2.	0.	226.46
291	0.	2.	5.5556	226.7
292	0.	2.	11.111	226.9
293	0.	2.	16.667	227.05
294	0.	2.	22.222	227.13
295	0.	2.	27.778	227.13
296	0.	2.	33.333	227.05
297	0.	2.	38.889	226.9
298	0.	2.	44.444	226.7
299	0.	2.	50.	226.46
300	5.5556	2.	50.	208.86
301	11.111	2.	50.	191.25
302	16.667	2.	50.	173.69
303	22.222	2.	50.	156.23
304	27.778	2.	50.	138.95
305	33.333	2.	50.	121.98
306	38.889	2.	50.	105.44
307	44.444	2.	50.	89.458
308	50.	2.	50.	74.207
309	55.556	2.	50.	59.854
310	61.111	2.	50.	46.579
311	66.667	2.	50.	34.574
312	72.222	2.	50.	24.037
313	77.778	2.	50.	15.174
314	83.333	2.	50.	8.1861
315	88.889	2.	50.	3.2665
316	94.444	2.	50.	0.55326
317	100.	2.	50.	0.
318	100.	2.	44.444	0.
319	100.	2.	38.889	0.
320	100.	2.	33.333	0.
321	100.	2.	27.778	0.
322	100.	2.	22.222	0.
323	100.	2.	16.667	0.
324	100.	2.	11.111	0.
325	100.	2.	5.5556	0.
326	100.	2.	0.	0.
327	100.	0.	44.444	0.
328	100.	0.	38.889	0.
329	100.	0.	33.333	0.
330	100.	0.	27.778	0.
331	100.	0.	22.222	0.
332	100.	0.	16.667	0.
333	100.	0.	11.111	0.
334	100.	0.	5.5556	0.
335	100.	0.	0.	0.
336	100.	0.	50.	0.
337	5.5556	0.	50.	208.86
338	11.111	0.	50.	191.25
339	16.667	0.	50.	173.69
340	22.222	0.	50.	156.23
341	27.778	0.	50.	138.95
342	33.333	0.	50.	121.98
343	38.889	0.	50.	105.44
344	44.444	0.	50.	89.458
345	50.	0.	50.	74.207
346	55.556	0.	50.	59.854
347	61.111	0.	50.	46.579
348	66.667	0.	50.	34.574
349	72.222	0.	50.	24.037
350	77.778	0.	50.	15.174
351	83.333	0.	50.	8.1861
352	88.889	0.	50.	3.2665
353	94.444	0.	50.	0.55326
354	0.	0.	50.	226.46
355	0.	0.	5.5556	226.7
356	0.	0.	11.111	226.9
357	0.	0.	16.667	227.05
358	0.	0.	22.222	227.13
359	0.	0.	27.778	227.13
360	0.	0.	33.333	227.05
361	0.	0.	38.889	226.9
362	0.	0.	44.444	226.7
363	0.	0.	0.	226.46
364	94.444	0.	0.	0.55326
365	88.889	0.	0.	3.2665
366	83.333	0.	0.	8.1861
367	77.778	0.	0.	15.174
368	72.222	0.	0.	24.037
369	66.667	0.	0.	34.574
370	61.111	0.	0.	46.579
371	55.556	0.	0.	59.854
372	50.	0.	0.	74.207
373	44.444	0.	0.	89.458
374	38.889	0.	0.	105.44
375	33.333	0.	0.	121.98
376	27.778	0.	0.	138.95
377	22.222	0.	0.	156.23
378	16.667	0.	0.	173.69
379	11.111	0.	0.	191.25
380	5.5556	0.	0.	208.86
381	91.667	0.	44.444	2.2465
382	94.444	0.	41.667	1.0616
383	94.444	1.	44.444	0.96272
384	97.222	0.	44.444	0.24609
385	94.444	0.	47.222	0.83347
386	86.111	0.	44.444	6.3753
387	88.889	0.	41.667	4.2719
388	88.889	1.	44.444	4.0391
389	88.889	0.	47.222	3.727
390	80.556	0.	44.444	12.528
391	83.333	0.	41.667	9.5382
392	83.333	1.	44.444	9.1944
393	83.333	0.	47.222	8.7633
394	75.	0.	44.444	20.564
395	77.778	0.	41.667	16.724
396	77.778	1.	44.444	16.312
397	77.778	0.	47.222	15.81
398	69.444	0.	44.444	30.305
399	72.222	0.	41.667	25.671
400	72.222	1.	44.444	25.225
401	72.222	0.	47.222	24.693
402	63.889	0.	44.444	41.566
403	66.667	0.	41.667	36.204
404	66.667	1.	44.444	35.75
405	66.667	0.	47.222	35.217
406	58.333	0.	44.444	54.159
407	61.111	0.	41.667	48.142
408	61.111	1.	44.444	47.701
409	61.111	0.	47.222	47.188
410	52.778	0.	44.444	67.901
411	55.556	0.	41.667	61.307
412	55.556	1.	44.444	60.892
413	55.556	0.	47.222	60.415
414	47.222	0.	44.444	82.617
415	50.	0.	41.667	75.522
416	50.	1.	44.444	75.144
417	50.	0.	47.222	74.711
418	41.667	0.	44.444	98.138
419	44.444	0.	41.667	90.621
420	44.444	1.	44.444	90.283
421	44.444	0.	47.222	89.899
422	36.111	0.	44.444	114.31
423	38.889	0.	41.667	106.44
424	38.889	1.	44.444	106.15
425	38.889	0.	47.222	105.81
426	30.556	0.	44.444	130.97
427	33.333	0.	41.667	122.84
428	33.333	1.	44.444	122.58
429	33.333	0.	47.222	122.3
430	25.	0.	44.444	148.02
431	27.778	0.	41.667	139.67
432	27.778	1.	44.444	139.46
433	27.778	0.	47.222	139.22
434	19.444	0.	44.444	165.31
435	22.222	0.	41.667	156.82
436	22.222	1.	44.444	156.64
437	22.222	0.	47.222	156.44
438	13.889	0.	44.444	182.77
439	16.667	0.	41.667	174.18
440	16.667	1.	44.444	174.03
441	16.667	0.	47.222	173.86
442	8.3333	0.	44.444	200.32
443	11.111	0.	41.667	191.67
444	11.111	1.	44.444	191.54
445	11.111	0.	47.222	191.4
446	5.5556	0.	41.667	209.22
447	5.5556	1.	44.444	209.11
448	5.5556	0.	47.222	208.99
449	2.7778	0.	44.444	217.9
450	91.667	0.	38.889	2.4936
451	94.444	0.	36.111	1.1335
452	94.444	1.	38.889	1.0883
453	97.222	0.	38.889	0.2779
454	86.111	0.	38.889	6.8572
455	88.889	0.	36.111	4.5211
456	88.889	1.	38.889	4.4086
457	80.556	0.	38.889	13.182
458	83.333	0.	36.111	9.9587
459	83.333	1.	38.889	9.7705
460	75.	0.	38.889	21.322
461	77.778	0.	36.111	17.269
462	77.778	1.	38.889	17.025
463	69.444	0.	38.889	31.108
464	72.222	0.	36.111	26.289
465	72.222	1.	38.889	26.011
466	63.889	0.	38.889	42.37
467	66.667	0.	36.111	36.85
468	66.667	1.	38.889	36.558
469	58.333	0.	38.889	54.931
470	61.111	0.	36.111	48.783
471	61.111	1.	38.889	48.492
472	52.778	0.	38.889	68.62
473	55.556	0.	36.111	61.917
474	55.556	1.	38.889	61.64
475	47.222	0.	38.889	83.268
476	50.	0.	36.111	76.087
477	50.	1.	38.889	75.83
478	41.667	0.	38.889	98.714
479	44.444	0.	36.111	91.13
480	44.444	1.	38.889	90.898
481	36.111	0.	38.889	114.81
482	38.889	0.	36.111	106.89
483	38.889	1.	38.889	106.69
484	30.556	0.	38.889	131.4
485	33.333	0.	36.111	123.23
486	33.333	1.	38.889	123.05
487	25.	0.	38.889	148.38
488	27.778	0.	36.111	140.
489	27.778	1.	38.889	139.85
490	19.444	0.	38.889	165.62
491	22.222	0.	36.111	157.1
492	22.222	1.	38.889	156.97
493	13.889	0.	38.889	183.03
494	16.667	0.	36.111	174.42
495	16.667	1.	38.889	174.31
496	8.3333	0.	38.889	200.55
497	11.111	0.	36.111	191.88
498	11.111	1.	38.889	191.78
499	5.5556	0.	36.111	209.41
500	5.5556	1.	38.889	209.32
501	2.7778	0.	38.889	218.11
502	91.667	0.	33.333	2.5918
503	94.444	0.	30.556	1.1593
504	94.444	1.	33.333	1.1296
505	97.222	0.	33.333	0.28833
506	86.111	0.	33.333	7.0913
507	88.889	0.	30.556	4.6273
508	88.889	1.	33.333	4.574
509	80.556	0.	33.333	13.537
510	83.333	0.	30.556	10.162
511	83.333	1.	33.333	10.069
512	75.	0.	33.333	21.762
513	77.778	0.	30.556	17.552
514	77.778	1.	33.333	17.428
515	69.444	0.	33.333	31.596
516	72.222	0.	30.556	26.625
517	72.222	1.	33.333	26.479
518	63.889	0.	33.333	42.871
519	66.667	0.	30.556	37.212
520	66.667	1.	33.333	37.056
521	58.333	0.	33.333	55.423
522	61.111	0.	30.556	49.149
523	61.111	1.	33.333	48.992
524	52.778	0.	33.333	69.085
525	55.556	0.	30.556	62.272
526	55.556	1.	33.333	62.12
527	47.222	0.	33.333	83.695
528	50.	0.	30.556	76.419
529	50.	1.	33.333	76.277
530	41.667	0.	33.333	99.097
531	44.444	0.	30.556	91.432
532	44.444	1.	33.333	91.303
533	36.111	0.	33.333	115.14
534	38.889	0.	30.556	107.16
535	38.889	1.	33.333	107.05
536	30.556	0.	33.333	131.69
537	33.333	0.	30.556	123.46
538	33.333	1.	33.333	123.36
539	25.	0.	33.333	148.63
540	27.778	0.	30.556	140.21
541	27.778	1.	33.333	140.12
542	19.444	0.	33.333	165.83
543	22.222	0.	30.556	157.28
544	22.222	1.	33.333	157.2
545	13.889	0.	33.333	183.22
546	16.667	0.	30.556	174.57
547	16.667	1.	33.333	174.51
548	8.3333	0.	33.333	200.71
549	11.111	0.	30.556	192.01
550	11.111	1.	33.333	191.95
551	5.5556	0.	30.556	209.53
552	5.5556	1.	33.333	209.48
553	2.7778	0.	33.333	218.26
554	91.667	0.	27.778	2.6271
555	94.444	0.	25.	1.166
556	94.444	1.	27.778	1.1437
557	97.222	0.	27.778	0.29173
558	86.111	0.	27.778	7.1858
559	88.889	0.	25.	4.6568
560	88.889	1.	27.778	4.6372
561	80.556	0.	27.778	13.692
562	83.333	0.	25.	10.222
563	83.333	1.	27.778	10.195
564	75.	0.	27.778	21.963
565	77.778	0.	25.	17.64
566	77.778	1.	27.778	17.608
567	69.444	0.	27.778	31.824
568	72.222	0.	25.	26.731
569	72.222	1.	27.778	26.696
570	63.889	0.	27.778	43.111
571	66.667	0.	25.	37.329
572	66.667	1.	27.778	37.292
573	58.333	0.	27.778	55.661
574	61.111	0.	25.	49.268
575	61.111	1.	27.778	49.232
576	52.778	0.	27.778	69.313
577	55.556	0.	25.	62.388
578	55.556	1.	27.778	62.354
579	47.222	0.	27.778	83.906
580	50.	0.	25.	76.528
581	50.	1.	27.778	76.497
582	41.667	0.	27.778	99.287
583	44.444	0.	25.	91.532
584	44.444	1.	27.778	91.504
585	36.111	0.	27.778	115.31
586	38.889	0.	25.	107.25
587	38.889	1.	27.778	107.22
588	30.556	0.	27.778	131.84
589	33.333	0.	25.	123.54
590	33.333	1.	27.778	123.52
591	25.	0.	27.778	148.75
592	27.778	0.	25.	140.27
593	27.778	1.	27.778	140.26
594	19.444	0.	27.778	165.94
595	22.222	0.	25.	157.33
596	22.222	1.	27.778	157.32
597	13.889	0.	27.778	183.31
598	16.667	0.	25.	174.62
599	16.667	1.	27.778	174.61
600	8.3333	0.	27.778	200.8
601	11.111	0.	25.	192.06
602	11.111	1.	27.778	192.05
603	5.5556	0.	25.	209.57
604	5.5556	1.	27.778	209.56
605	2.7778	0.	27.778	218.34
606	91.667	0.	22.222	2.6271
607	94.444	0.	19.444	1.1593
608	94.444	1.	22.222	1.1437
609	97.222	0.	22.222	0.29173
610	86.111	0.	22.222	7.1858
611	88.889	0.	19.444	4.6273
612	88.889	1.	22.222	4.6372
613	80.556	0.	22.222	13.692
614	83.333	0.	19.444	10.162
615	83.333	1.	22.222	10.195
616	75.	0.	22.222	21.963
617	77.778	0.	19.444	17.552
618	77.778	1.	22.222	17.608
619	69.444	0.	22.222	31.824
620	72.222	0.	19.444	26.625
621	72.222	1.	22.222	26.696
622	63.889	0.	22.222	43.111
623	66.667	0.	19.444	37.212
624	66.667	1.	22.222	37.292
625	58.333	0.	22.222	55.661
626	61.111	0.	19.444	49.149
627	61.111	1.	22.222	49.232
628	52.778	0.	22.222	69.313
629	55.556	0.	19.444	62.272
630	55.556	1.	22.222	62.354
631	47.222	0.	22.222	83.906
632	50.	0.	19.444	76.419
633	50.	1.	22.222	76.497
634	41.667	0.	22.222	99.287
635	44.444	0.	19.444	91.432
636	44.444	1.	22.222	91.504
637	36.111	0.	22.222	115.31
638	38.889	0.	19.444	107.16
639	38.889	1.	22.222	107.22
640	30.556	0.	22.222	131.84
641	33.333	0.	19.444	123.46
642	33.333	1.	22.222	123.52
643	25.	0.	22.222	148.75
644	27.778	0.	19.444	140.21
645	27.778	1.	22.222	140.26
646	19.444	0.	22.222	165.94
647	22.222	0.	19.444	157.28
648	22.222	1.	22.222	157.32
649	13.889	0.	22.222	183.31
650	16.667	0.	19.444	174.57
651	16.667	1.	22.222	174.61
652	8.3333	0.	22.222	200.8
653	11.111	0.	19.444	192.01
654	11.111	1.	22.222	192.05
655	5.5556	0.	19.444	209.53
656	5.5556	1.	22.222	209.56
657	2.7778	0.	22.222	218.34
658	91.667	0.	16.667	2.5918
659	94.444	0.	13.889	1.1335
660	94.444	1.	16.667	1.1296
661	97.222	0.	16.667	0.28833
662	86.111	0.	16.667	7.0913
663	88.889	0.	13.889	4.5211
664	88.889	1.	16.667	4.574
665	80.556	0.	16.667	13.537
666	83.333	0.	13.889	9.9587
667	83.333	1.	16.667	10.069
668	75.	0.	16.667	21.762
669	77.778	0.	13.889	17.269
670	77.778	1.	16.667	17.428
671	69.444	0.	16.667	31.596
672	72.222	0.	13.889	26.289
673	72.222	1.	16.667	26.479
674	63.889	0.	16.667	42.871
675	66.667	0.	13.889	36.85
676	66.667	1.	16.667	37.056
677	58.333	0.	16.667	55.423
678	61.111	0.	13.889	48.783
679	61.111	1.	16.667	48.992
680	52.778	0.	16.667	69.085
681	55.556	0.	13.889	61.917
682	55.556	1.	16.667	62.12
683	47.222	0.	16.667	83.695
684	50.	0.	13.889	76.087
685	50.	1.	16.667	76.277
686	41.667	0.	16.667	99.097
687	44.444	0.	13.889	91.13
688	44.444	1.	16.667	91.303
689	36.111	0.	16.667	115.14
690	38.889	0.	13.889	106.89
691	38.889	1.	16.667	107.05
692	30.556	0.	16.667	131.69
693	33.333	0.	13.889	123.23
694	33.333	1.	16.667	123.36
695	25.	0.	16.667	148.63
696	27.778	0.	13.889	140.
697	27.778	1.	16.667	140.12
698	19.444	0.	16.667	165.83
699	22.222	0.	13.889	157.1
700	22.222	1.	16.667	157.2
701	13.889	0.	16.667	183.22
702	16.667	0.	13.889	174.42
703	16.667	1.	16.667	174.51
704	8.3333	0.	16.667	200.71
705	11.111	0.	13.889	191.88
706	11.111	1.	16.667	191.95
707	5.5556	0.	13.889	209.41
708	5.5556	1.	16.667	209.48
709	2.7778	0.	16.667	218.26
710	91.667	0.	11.111	2.4936
711	94.444	0.	8.3333	1.0616
712	94.444	1.	11.111	1.0883
713	97.222	0.	11.111	0.2779
714	86.111	0.	11.111	6.8572
715	88.889	0.	8.3333	4.2719
716	88.889	1.	11.111	4.4086
717	80.556	0.	11.111	13.182
718	83.333	0.	8.3333	9.5382
719	83.333	1.	11.111	9.7705
720	75.	0.	11.111	21.322
721	77.778	0.	8.3333	16.724
722	77.778	1.	11.111	17.025
723	69.444	0.	11.111	31.108
724	72.222	0.	8.3333	25.671
725	72.222	1.	11.111	26.011
726	63.889	0.	11.111	42.37
727	66.667	0.	8.3333	36.204
728	66.667	1.	11.111	36.558
729	58.333	0.	11.111	54.931
730	61.111	0.	8.3333	48.142
731	61.111	1.	11.111	48.492
732	52.778	0.	11.111	68.62
733	55.556	0.	8.3333	61.307
734	55.556	1.	11.111	61.64
735	47.222	0.	11.111	83.268
736	50.	0.	8.3333	75.522
737	50.	1.	11.111	75.83
738	41.667	0.	11.111	98.714
739	44.444	0.	8.3333	90.621
740	44.444	1.	11.111	90.898
741	36.111	0.	11.111	114.81
742	38.889	0.	8.3333	106.44
743	38.889	1.	11.111	106.69
744	30.556	0.	11.111	131.4
745	33.333	0.	8.3333	122.84
746	33.333	1.	11.111	123.05
747	25.	0.	11.111	148.38
748	27.778	0.	8.3333	139.67
749	27.778	1.	11.111	139.85
750	19.444	0.	11.111	165.62
751	22.222	0.	8.3333	156.82
752	22.222	1.	11.111	156.97
753	13.889	0.	11.111	183.03
754	16.667	0.	8.3333	174.18
755	16.667	1.	11.111	174.31
756	8.3333	0.	11.111	200.55
757	11.111	0.	8.3333	191.67
758	11.111	1.	11.111	191.78
759	5.5556	0.	8.3333	209.22
760	5.5556	1.	11.111	209.32
761	2.7778	0.	11.111	218.11
762	91.667	0.	5.5556	2.2465
763	94.444	1.	5.5556	0.96272
764	97.222	0.	5.5556	0.24609
765	94.444	0.	2.7778	0.83347
766	86.111	0.	5.5556	6.3753
767	88.889	1.	5.5556	4.0391
768	88.889	0.	2.7778	3.727
769	80.556	0.	5.5556	12.528
770	83.333	1.	5.5556	9.1944
771	83.333	0.	2.7778	8.7633
772	75.	0.	5.5556	20.564
773	77.778	1.	5.5556	16.312
774	77.778	0.	2.7778	15.81
775	69.444	0.	5.5556	30.305
776	72.222	1.	5.5556	25.225
777	72.222	0.	2.7778	24.693
778	63.889	0.	5.5556	41.566
779	66.667	1.	5.5556	35.75
780	66.667	0.	2.7778	35.217
781	58.333	0.	5.5556	54.159
782	61.111	1.	5.5556	47.701
783	61.111	0.	2.7778	47.188
784	52.778	0.	5.5556	67.901
785	55.556	1.	5.5556	60.892
786	55.556	0.	2.7778	60.415
787	47.222	0.	5.5556	82.617
788	50.	1.	5.5556	75.144
789	50.	0.	2.7778	74.711
790	41.667	0.	5.5556	98.138
791	44.444	1.	5.5556	90.283
792	44.444	0.	2.7778	89.899
793	36.111	0.	5.5556	114.31
794	38.889	1.	5.5556	106.15
795	38.889	0.	2.7778	105.81
796	30.556	0.	5.5556	130.97
797	33.333	1.	5.5556	122.58
798	33.333	0.	2.7778	122.3
799	25.	0.	5.5556	148.02
800	27.778	1.	5.5556	139.46
801	27.778	0.	2.7778	139.22
802	19.444	0.	5.5556	165.31
803	22.222	1.	5.5556	156.64
804	22.222	0.	2.7778	156.44
805	13.889	0.	5.5556	182.77
806	16.667	1.	5.5556	174.03
807	16.667	0.	2.7778	173.86
808	8.3333	0.	5.5556	200.32
809	11.111	1.	5.5556	191.54
810	11.111	0.	2.7778	191.4
811	5.5556	1.	5.5556	209.11
812	2.7778	0.	5.5556	217.9
813	5.5556	0.	2.7778	208.99
814	8.3333	2.	5.5556	200.32
815	5.5556	2.	8.3333	209.22
816	5.5556	2.	2.7778	208.99
817	2.7778	2.	5.5556	217.9
818	13.889	2.	5.5556	182.77
819	11.111	2.	8.3333	191.67
820	11.111	2.	2.7778	191.4
821	19.444	2.	5.5556	165.31
822	16.667	2.	8.3333	174.18
823	16.667	2.	2.7778	173.86
824	25.	2.	5.5556	148.02
825	22.222	2.	8.3333	156.82
826	22.222	2.	2.7778	156.44
827	30.556	2.	5.5556	130.97
828	27.778	2.	8.3333	139.67
829	27.778	2.	2.7778	139.22
830	36.111	2.	5.5556	114.31
831	33.333	2.	8.3333	122.84
832	33.333	2.	2.7778	122.3
833	41.667	2.	5.5556	98.138
834	38.889	2.	8.3333	106.44
835	38.889	2.	2.7778	105.81
836	47.222	2.	5.5556	82.617
837	44.444	2.	8.3333	90.621
838	44.444	2.	2.7778	89.899
839	52.778	2.	5.5556	67.901
840	50.	2.	8.3333	75.522
841	50.	2.	2.7778	74.711
842	58.333	2.	5.5556	54.159
843	55.556	2.	8.3333	61.307
844	55.556	2.	2.7778	60.415
845	63.889	2.	5.5556	41.566
846	61.111	2.	8.3333	48.142
847	61.111	2.	2.7778	47.188
848	69.444	2.	5.5556	30.305
849	66.667	2.	8.3333	36.204
850	66.667	2.	2.7778	35.217
851	75.	2.	5.5556	20.564
852	72.222	2.	8.3333	25.671
853	72.222	2.	2.7778	24.693
854	80.556	2.	5.5556	12.528
855	77.778	2.	8.3333	16.724
856	77.778	2.	2.7778	15.81
857	86.111	2.	5.5556	6.3753
858	83.333	2.	8.3333	9.5382
859	83.333	2.	2.7778	8.7633
860	91.667	2.	5.5556	2.2465
861	88.889	2.	8.3333	4.2719
862	88.889	2.	2.7778	3.727
863	94.444	2.	8.3333	1.0616
864	94.444	2.	2.7778	0.83347
865	97.222	2.	5.5556	0.24609
866	8.3333	2.	11.111	200.55
867	5.5556	2.	13.889	209.41
868	2.7778	2.	11.111	218.11
869	13.889	2.	11.111	183.03
870	11.111	2.	13.889	191.88
871	19.444	2.	11.111	165.62
872	16.667	2.	13.889	174.42
873	25.	2.	11.111	148.38
874	22.222	2.	13.889	157.1
875	30.556	2.	11.111	131.4
876	27.778	2.	13.889	140.
877	36.111	2.	11.111	114.81
878	33.333	2.	13.889	123.23
879	41.667	2.	11.111	98.714
880	38.889	2.	13.889	106.89
881	47.222	2.	11.111	83.268
882	44.444	2.	13.889	91.13
883	52.778	2.	11.111	68.62
884	50.	2.	13.889	76.087
885	58.333	2.	11.111	54.931
886	55.556	2.	13.889	61.917
887	63.889	2.	11.111	42.37
888	61.111	2.	13.889	48.783
889	69.444	2.	11.111	31.108
890	66.667	2.	13.889	36.85
891	75.	2.	11.111	21.322
892	72.222	2.	13.889	26.289
893	80.556	2.	11.111	13.182
894	77.778	2.	13.889	17.269
895	86.111	2.	11.111	6.8572
896	83.333	2.	13.889	9.9587
897	91.667	2.	11.111	2.4936
898	88.889	2.	13.889	4.5211
899	94.444	2.	13.889	1.1335
900	97.222	2.	11.111	0.2779
901	8.3333	2.	16.667	200.71
902	5.5556	2.	19.444	209.53
903	2.7778	2.	16.667	218.26
904	13.889	2.	16.667	183.22
905	11.111	2.	19.444	192.01
906	19.444	2.	16.667	165.83
907	16.667	2.	19.444	174.57
908	25.	2.	16.667	148.63
909	22.222	2.	19.444	157.28
910	30.556	2.	16.667	131.69
911	27.778	2.	19.444	140.21
912	36.111	2.	16.667	115.14
913	33.333	2.	19.444	123.46
914	41.667	2.	16.667	99.097
915	38.889	2.	19.444	107.16
916	47.222	2.	16.667	83.695
917	44.444	2.	19.444	91.432
918	52.778	2.	16.667	69.085
919	50.	2.	19.444	76.419
920	58.333	2.	16.667	55.423
921	55.556	2.	19.444	62.272
922	63.889	2.	16.667	42.871
923	61.111	2.	19.444	49.149
924	69.444	2.	16.667	31.596
925	66.667	2.	19.444	37.212
926	75.	2.	16.667	21.762
927	72.222	2.	19.444	26.625
928	80.556	2.	16.667	13.537
929	77.778	2.	19.444	17.552
930	86.111	2.	16.667	7.0913
931	83.333	2.	19.444	10.162
932	91.667	2.	16.667	2.5918
933	88.889	2.	19.444	4.6273
934	94.444	2.	19.444	1.1593
935	97.222	2.	16.667	0.28833
936	8.3333	2.	22.222	200.8
937	5.5556	2.	25.	209.57
938	2.7778	2.	22.222	218.34
939	13.889	2.	22.222	183.31
940	11.111	2.	25.	192.06
941	19.444	2.	22.222	165.94
942	16.667	2.	25.	174.62
943	25.	2.	22.222	148.75
944	22.222	2.	25.	157.33
945	30.556	2.	22.222	131.84
946	27.778	2.	25.	140.27
947	36.111	2.	22.222	115.31
948	33.333	2.	25.	123.54
949	41.667	2.	22.222	99.287
950	38.889	2.	25.	107.25
951	47.222	2.	22.222	83.906
952	44.444	2.	25.	91.532
953	52.778	2.	22.222	69.313
954	50.	2.	25.	76.528
955	58.333	2.	22.222	55.661
956	55.556	2.	25.	62.388
957	63.889	2.	22.222	43.111
958	61.111	2.	25.	49.268
959	69.444	2.	22.222	31.824
960	66.667	2.	25.	37.329
961	75.	2.	22.222	21.963
962	72.222	2.	25.	26.731
963	80.556	2.	22.222	13.692
964	77.778	2.	25.	17.64
965	86.111	2.	22.222	7.1858
966	83.333	2.	25.	10.222
967	91.667	2.	22.222	2.6271
968	88.889	2.	25.	4.6568
969	94.444	2.	25.	1.166
970	97.222	2.	22.222	0.29173
971	8.3333	2.	27.778	200.8
972	5.5556	2.	30.556	209.53
973	2.7778	2.	27.778	218.34
974	13.889	2.	27.778	183.31
975	11.111	2.	30.556	192.01
976	19.444	2.	27.778	165.94
977	16.667	2.	30.556	174.57
978	25.	2.	27.778	148.75
979	22.222	2.	30.556	157.28
980	30.556	2.	27.778	131.84
981	27.778	2.	30.556	140.21
982	36.111	2.	27.778	115.31
983	33.333	2.	30.556	123.46
984	41.667	2.	27.778	99.287
985	38.889	2.	30.556	107.16
986	47.222	2.	27.778	83.906
987	44.444	2.	30.556	91.432
988	52.778	2.	27.778	69.313
989	50.	2.	30.556	76.419
990	58.333	2.	27.778	55.661
991	55.556	2.	30.556	62.272
992	63.889	2.	27.778	43.111
993	61.111	2.	30.556	49.149
994	69.444	2.	27.778	31.824
995	66.667	2.	30.556	37.212
996	75.	2.	27.778	21.963
997	72.222	2.	30.556	26.625
998	80.556	2.	27.778	13.692
999	77.778	2.	30.556	17.552
1000	86.111	2.	27.778	7.1858
1001	83.333	2.	30.556	10.162
1002	91.667	2.	27.778	2.6271
1003	88.889	2.	30.556	4.6273
1004	94.444	2.	30.556	1.1593
1005	97.222	2.	27.778	0.29173
1006	8.3333	2.	33.333	200.71
1007	5.5556	2.	36.111	209.41
1008	2.7778	2.	33.333	218.26
1009	13.889	2.	33.333	183.22
1010	11.111	2.	36.111	191.88
1011	19.444	2.	33.333	165.83
1012	16.667	2.	36.111	174.42
1013	25.	2.	33.333	148.63
1014	22.222	2.	36.111	157.1
1015	30.556	2.	33.333	131.69
1016	27.778	2.	36.111	140.
1017	36.111	2.	33.333	115.14
1018	33.333	2.	36.111	123.23
1019	41.667	2.	33.333	99.097
1020	38.889	2.	36.111	106.89
1021	47.222	2.	33.333	83.695
1022	44.444	2.	36.111	91.13
1023	52.778	2.	33.333	69.085
1024	50.	2.	36.111	76.087
1025	58.333	2.	33.333	55.423
1026	55.556	2.	36.111	61.917
1027	63.889	2.	33.333	42.871
1028	61.111	2.	36.111	48.783
1029	69.444	2.	33.333	31.596
1030	66.667	2.	36.111	36.85
1031	75.	2.	33.333	21.762
1032	72.222	2.	36.111	26.289
1033	80.556	2.	33.333	13.537
1034	77.778	2.	36.111	17.269
1035	86.111	2.	33.333	7.0913
1036	83.333	2.	36.111	9.9587
1037	91.667	2.	33.333	2.5918
1038	88.889	2.	36.111	4.5211
1039	94.444	2.	36.111	1.1335
1040	97.222	2.	33.333	0.28833
1041	8.3333	2.	38.889	200.55
1042	5.5556	2.	41.667	209.22
1043	2.7778	2.	38.889	218.11
1044	13.889	2.	38.889	183.03
1045	11.111	2.	41.667	191.67
1046	19.444	2.	38.889	165.62
1047	16.667	2.	41.667	174.18
1048	25.	2.	38.889	148.38
1049	22.222	2.	41.667	156.82
1050	30.556	2.	38.889	131.4
1051	27.778	2.	41.667	139.67
1052	36.111	2.	38.889	114.81
1053	33.333	2.	41.667	122.84
1054	41.667	2.	38.889	98.714
1055	38.889	2.	41.667	106.44
1056	47.222	2.	38.889	83.268
1057	44.444	2.	41.667	90.621
1058	52.778	2.	38.889	68.62
1059	50.	2.	41.667	75.522
1060	58.333	2.	38.889	54.931
1061	55.556	2.	41.667	61.307
1062	63.889	2.	38.889	42.37
1063	61.111	2.	41.667	48.142
1064	69.444	2.	38.889	31.108
1065	66.667	2.	41.667	36.204
1066	75.	2.	38.889	21.322
1067	72.222	2.	41.667	25.671
1068	80.556	2.	38.889	13.182
1069	77.778	2.	41.667	16.724
1070	86.111	2.	38.889	6.8572
1071	83.333	2.	41.667	9.5382
1072	91.667	2.	38.889	2.4936
1073	88.889	2.	41.667	4.2719
1074	94.444	2.	41.667	1.0616
1075	97.222	2.	38.889	0.2779
1076	8.3333	2.	44.444	200.32
1077	2.7778	2.	44.444	217.9
1078	5.5556	2.	47.222	208.99
1079	13.889	2.	44.444	182.77
1080	11.111	2.	47.222	191.4
1081	19.444	2.	44.444	165.31
1082	16.667	2.	47.222	173.86
1083	25.	2.	44.444	148.02
1084	22.222	2.	47.222	156.44
1085	30.556	2.	44.444	130.97
1086	27.778	2.	47.222	139.22
1087	36.111	2.	44.444	114.31
1088	33.333	2.	47.222	122.3
1089	41.667	2.	44.444	98.138
1090	38.889	2.	47.222	105.81
1091	47.222	2.	44.444	82.617
1092	44.444	2.	47.222	89.899
1093	52.778	2.	44.444	67.901
1094	50.	2.	47.222	74.711
1095	58.333	2.	44.444	54.159
1096	55.556	2.	47.222	60.415
1097	63.889	2.	44.444	41.566
1098	61.111	2.	47.222	47.188
1099	69.444	2.	44.444	30.305
1100	66.667	2.	47.222	35.217
1101	75.	2.	44.444	20.564
1102	72.222	2.	47.222	24.693
1103	80.556	2.	44.444	12.528
1104	77.778	2.	47.222	15.81
1105	86.111	2.	44.444	6.3753
1106	83.333	2.	47.222	8.7633
1107	91.667	2.	44.444	2.2465
1108	88.889	2.	47.222	3.727
1109	94.444	2.	47.222	0.83347
1110	97.222	2.	44.444	0.24609
1111	91.667	2.	0.	1.6289
1112	97.222	2.	0.	6.3729e-002
1113	94.444	1.	0.	0.54084
1114	86.111	2.	0.	5.4583
1115	88.889	1.	0.	3.2565
1116	80.556	2.	0.	11.433
1117	83.333	1.	0.	8.176
1118	75.	2.	0.	19.384
1119	77.778	1.	0.	15.165
1120	69.444	2.	0.	29.109
1121	72.222	1.	0.	24.029
1122	63.889	2.	0.	40.405
1123	66.667	1.	0.	34.567
1124	58.333	2.	0.	53.07
1125	61.111	1.	0.	46.573
1126	52.778	2.	0.	66.907
1127	55.556	1.	0.	59.849
1128	47.222	2.	0.	81.731
1129	50.	1.	0.	74.203
1130	41.667	2.	0.	97.366
1131	44.444	1.	0.	89.454
1132	36.111	2.	0.	113.65
1133	38.889	1.	0.	105.43
1134	30.556	2.	0.	130.42
1135	33.333	1.	0.	121.98
1136	25.	2.	0.	147.56
1137	27.778	1.	0.	138.95
1138	19.444	2.	0.	164.94
1139	22.222	1.	0.	156.23
1140	13.889	2.	0.	182.46
1141	16.667	1.	0.	173.69
1142	8.3333	2.	0.	200.05
1143	11.111	1.	0.	191.25
1144	2.7778	2.	0.	217.66
1145	5.5556	1.	0.	208.86
1146	0.	2.	2.7778	226.58
1147	0.	1.	0.	226.46
1148	0.	2.	8.3333	226.81
1149	0.	1.	5.5556	226.7
1150	0.	2.	13.889	226.98
1151	0.	1.	11.111	226.9
1152	0.	2.	19.444	227.1
1153	0.	1.	16.667	227.05
1154	0.	2.	25.	227.14
1155	0.	1.	22.222	227.13
1156	0.	2.	30.556	227.1
1157	0.	1.	27.778	227.13
1158	0.	2.	36.111	226.98
1159	0.	1.	33.333	227.05
1160	0.	2.	41.667	226.81
1161	0.	1.	38.889	226.9
1162	0.	2.	47.222	226.58
1163	0.	1.	44.444	226.7
1164	2.7778	2.	50.	217.66
1165	0.	1.	50.	226.46
1166	8.3333	2.	50.	200.05
1167	5.5556	1.	50.	208.86
1168	13.889	2.	50.	182.46
1169	11.111	1.	50.	191.25
1170	19.444	2.	50.	164.94
1171	16.667	1.	50.	173.69
1172	25.	2.	50.	147.56
1173	22.222	1.	50.	156.23
1174	30.556	2.	50.	130.42
1175	27.778	1.	50.	138.95
1176	36.111	2.	50.	113.65
1177	33.333	1.	50.	121.98
1178	41.667	2.	50.	97.366
1179	38.889	1.	50.	105.43
1180	47.222	2.	50.	81.731
1181	44.444	1.	50.	89.454
1182	52.778	2.	50.	66.907
1183	50.	1.	50.	74.203
1184	58.333	2.	50.	53.07
1185	55.556	1.	50.	59.849
1186	63.889	2.	50.	40.405
1187	61.111	1.	50.	46.573
1188	69.444	2.	50.	29.109
1189	66.667	1.	50.	34.567
1190	75.	2.	50.	19.384
1191	72.222	1.	50.	24.029
1192	80.556	2.	50.	11.433
1193	77.778	1.	50.	15.165
1194	86.111	2.	50.	5.4583
1195	83.333	1.	50.	8.176
1196	91.667	2.	50.	1.6289
1197	88.889	1.	50.	3.2565
1198	97.222	2.	50.	6.3729e-002
1199	94.444	1.	50.	0.54084
1200	100.	2.	47.222	0.
1201	100.	1.	50.	0.
1202	100.	2.	41.667	0.
1203	100.	1.	44.444	0.
1204	100.	2.	36.111	0.
1205	100.	1.	38.889	0.
1206	100.	2.	30.556	0.
1207	100.	1.	33.333	0.
1208	100.	2.	25.	0.
1209	100.	1.	27.778	0.
1210	100.	2.	19.444	0.
1211	100.	1.	22.222	0.
1212	100.	2.	13.889	0.
1213	100.	1.	16.667	0.
1214	100.	2.	8.3333	0.
1215	100.	1.	11.111	0.
1216	100.	2.	2.7778	0.
1217	100.	1.	5.5556	0.
1218	100.	1.	0.	0.
1219	100.	0.	41.667	0.
1220	100.	0.	47.222	0.
1221	100.	0.	36.111	0.
1222	100.	0.	30.556	0.
1223	100.	0.	25.	0.
1224	100.	0.	19.444	0.
1225	100.	0.	13.889	0.
1226	100.	0.	8.3333	0.
1227	100.	0.	2.7778	0.
1228	97.222	0.	0.	6.3729e-002
1229	97.222	0.	50.	6.3729e-002
1230	8.3333	0.	50.	200.05
1231	2.7778	0.	50.	217.66
1232	13.889	0.	50.	182.46
1233	19.444	0.	50.	164.94
1234	25.	0.	50.	147.56
1235	30.556	0.	50.	130.42
1236	36.111	0.	50.	113.65
1237	41.667	0.	50.	97.366
1238	47.222	0.	50.	81.731
1239	52.778	0.	50.	66.907
1240	58.333	0.	50.	53.07
1241	63.889	0.	50.	40.405
1242	69.444	0.	50.	29.109
1243	75.	0.	50.	19.384
1244	80.556	0.	50.	11.433
1245	86.111	0.	50.	5.4583
1246	91.667	0.	50.	1.6289
1247	0.	0.	47.222	226.58
1248	0.	0.	8.3333	226.81
1249	0.	0.	2.7778	226.58
1250	0.	0.	13.889	226.98
1251	0.	0.	19.444	227.1
1252	0.	0.	25.	227.14
1253	0.	0.	30.556	227.1
1254	0.	0.	36.111	226.98
1255	0.	0.	41.667	226.81
1256	2.7778	0.	0.	217.66
1257	91.667	0.	0.	1.6289
1258	86.111	0.	0.	5.4583
1259	80.556	0.	0.	11.433
1260	75.	0.	0.	19.384
1261	69.444	0.	0.	29.109
1262	63.889	0.	0.	40.405
1263	58.333	0.	0.	53.07
1264	52.778	0.	0.	66.907
1265	47.222	0.	0.	81.731
1266	41.667	0.	0.	97.366
1267	36.111	0.	0.	113.65
1268	30.556	0.	0.	130.42
1269	25.	0.	0.	147.56
1270	19.444	0.	0.	164.94
1271	13.889	0.	0.	182.46
1272	8.3333	0.	0.	200.05
