節点番号	X 座標 (mm)	Y 座標 (mm)	Z 座標 (mm)	各方向での変形量 (mm)
1778	135.	-66.247	5.7959	1.041
1802	135.	-66.5	-8.1439e-015	-0.19213
1803	135.	-66.247	-5.7959	-1.4194
1804	135.	-65.49	-11.548	-2.6036
1805	135.	-64.234	-17.211	-3.7087
1806	135.	-62.49	-22.744	-4.7011
1807	135.	-60.269	-28.104	-5.5507
1808	135.	-57.591	-33.25	-6.2316
1809	135.	-54.474	-38.143	-6.7231
1810	135.	-50.942	-42.745	-7.0104
1811	135.	-47.023	-47.023	-7.0847
1812	135.	-42.745	-50.942	-6.9437
1813	135.	-38.143	-54.474	-6.5917
1814	135.	-33.25	-57.591	-6.0394
1815	135.	-28.104	-60.269	-5.3037
1816	135.	-22.744	-62.49	-4.4067
1817	135.	-17.211	-64.234	-3.3759
1818	135.	-11.548	-65.49	-2.2426
1819	135.	-5.7959	-66.247	-1.041
1820	135.	1.8838e-014	-66.5	0.19213
1821	135.	5.7959	-66.247	1.4194
1822	135.	11.548	-65.49	2.6036
1823	135.	17.211	-64.234	3.7087
1824	135.	22.744	-62.49	4.7011
1825	135.	28.104	-60.269	5.5507
1826	135.	33.25	-57.591	6.2316
1827	135.	38.143	-54.474	6.7231
1828	135.	42.745	-50.942	7.0104
1829	135.	47.023	-47.023	7.0847
1830	135.	50.942	-42.745	6.9437
1831	135.	54.474	-38.143	6.5917
1832	135.	57.591	-33.25	6.0394
1833	135.	60.269	-28.104	5.3037
1834	135.	62.49	-22.744	4.4067
1835	135.	64.234	-17.211	3.3759
1836	135.	65.49	-11.548	2.2426
1837	135.	66.247	-5.7959	1.041
1838	135.	66.5	5.5511e-014	-0.19213
1839	135.	66.247	5.7959	-1.4194
1840	135.	65.49	11.548	-2.6036
1841	135.	64.234	17.211	-3.7087
1842	135.	62.49	22.744	-4.7011
1843	135.	60.269	28.104	-5.5507
1844	135.	57.591	33.25	-6.2316
1845	135.	54.474	38.143	-6.7231
1846	135.	50.942	42.745	-7.0104
1847	135.	47.023	47.023	-7.0847
1848	135.	42.745	50.942	-6.9437
1849	135.	38.143	54.474	-6.5917
1850	135.	33.25	57.591	-6.0394
1851	135.	28.104	60.269	-5.3037
1852	135.	22.744	62.49	-4.4067
1853	135.	17.211	64.234	-3.3759
1854	135.	11.548	65.49	-2.2426
1855	135.	5.7959	66.247	-1.041
1856	135.	3.1416e-013	66.5	0.19213
1857	135.	-5.7959	66.247	1.4194
1858	135.	-11.548	65.49	2.6036
1859	135.	-17.211	64.234	3.7087
1860	135.	-22.744	62.49	4.7011
1861	135.	-28.104	60.269	5.5507
1862	135.	-33.25	57.591	6.2316
1863	135.	-38.143	54.474	6.7231
1864	135.	-42.745	50.942	7.0104
1865	135.	-47.023	47.023	7.0847
1866	135.	-50.942	42.745	6.9437
1867	135.	-54.474	38.143	6.5917
1868	135.	-57.591	33.25	6.0394
1869	135.	-60.269	28.104	5.3037
1870	135.	-62.49	22.744	4.4067
1871	135.	-64.234	17.211	3.3759
1872	135.	-65.49	11.548	2.2426
8883	135.	-66.437	2.9007	0.42607
8884	135.	-65.931	8.68	1.6481
8932	135.	-66.437	-2.9007	-0.80887
8934	135.	-65.931	-8.68	-2.0192
8936	135.	-64.924	-14.393	-3.1683
8938	135.	-63.422	-19.997	-4.221
8940	135.	-61.438	-25.448	-5.1455
8942	135.	-58.986	-30.706	-5.9137
8944	135.	-56.086	-35.73	-6.5021
8946	135.	-52.758	-40.483	-6.893
8948	135.	-49.029	-44.927	-7.0745
8950	135.	-44.927	-49.029	-7.041
8952	135.	-40.483	-52.758	-6.7936
8954	135.	-35.73	-56.086	-6.3397
8956	135.	-30.706	-58.986	-5.6933
8958	135.	-25.448	-61.438	-4.8738
8960	135.	-19.997	-63.422	-3.9062
8962	135.	-14.393	-64.924	-2.82
8964	135.	-8.68	-65.931	-1.6481
8966	135.	-2.9007	-66.437	-0.42607
8968	135.	2.9007	-66.437	0.80887
8970	135.	8.68	-65.931	2.0192
8972	135.	14.393	-64.924	3.1683
8974	135.	19.997	-63.422	4.221
8976	135.	25.448	-61.438	5.1455
8978	135.	30.706	-58.986	5.9137
8980	135.	35.73	-56.086	6.5021
8982	135.	40.483	-52.758	6.893
8984	135.	44.927	-49.029	7.0745
8986	135.	49.029	-44.927	7.041
8988	135.	52.758	-40.483	6.7936
8990	135.	56.086	-35.73	6.3397
8992	135.	58.986	-30.706	5.6933
8994	135.	61.438	-25.448	4.8738
8996	135.	63.422	-19.997	3.9062
8998	135.	64.924	-14.393	2.82
9000	135.	65.931	-8.68	1.6481
9002	135.	66.437	-2.9007	0.42607
9004	135.	66.437	2.9007	-0.80887
9006	135.	65.931	8.68	-2.0192
9008	135.	64.924	14.393	-3.1683
9010	135.	63.422	19.997	-4.221
9012	135.	61.438	25.448	-5.1455
9014	135.	58.986	30.706	-5.9137
9016	135.	56.086	35.73	-6.5021
9018	135.	52.758	40.483	-6.893
9020	135.	49.029	44.927	-7.0745
9022	135.	44.927	49.029	-7.041
9024	135.	40.483	52.758	-6.7936
9026	135.	35.73	56.086	-6.3397
9028	135.	30.706	58.986	-5.6933
9030	135.	25.448	61.438	-4.8738
9032	135.	19.997	63.422	-3.9062
9034	135.	14.393	64.924	-2.82
9036	135.	8.68	65.931	-1.6481
9038	135.	2.9007	66.437	-0.42607
9040	135.	-2.9007	66.437	0.80887
9042	135.	-8.68	65.931	2.0192
9044	135.	-14.393	64.924	3.1683
9046	135.	-19.997	63.422	4.221
9048	135.	-25.448	61.438	5.1455
9050	135.	-30.706	58.986	5.9137
9052	135.	-35.73	56.086	6.5021
9054	135.	-40.483	52.758	6.893
9056	135.	-44.927	49.029	7.0745
9058	135.	-49.029	44.927	7.041
9060	135.	-52.758	40.483	6.7936
9062	135.	-56.086	35.73	6.3397
9064	135.	-58.986	30.706	5.6933
9066	135.	-61.438	25.448	4.8738
9068	135.	-63.422	19.997	3.9062
9070	135.	-64.924	14.393	2.82
