é¸îgêî (Hz)	êUïù (mm)	à ëääp (ìx)	é¿ïî (mm)	ãïïî (mm)
4.	2.0139e-014	0.	2.0139e-014	0.
8.	2.0139e-014	0.	2.0139e-014	0.
12.	2.0139e-014	0.	2.0139e-014	0.
16.	2.0139e-014	0.	2.0139e-014	0.
20.	2.0139e-014	0.	2.0139e-014	0.
24.	2.014e-014	0.	2.014e-014	0.
28.	2.014e-014	0.	2.014e-014	0.
32.	2.014e-014	0.	2.014e-014	0.
36.	2.0141e-014	0.	2.0141e-014	0.
40.	2.0142e-014	0.	2.0142e-014	0.
44.	2.0142e-014	0.	2.0142e-014	0.
48.	2.0143e-014	0.	2.0143e-014	0.
52.	2.0144e-014	0.	2.0144e-014	0.
56.	2.0145e-014	0.	2.0145e-014	0.
60.	2.0146e-014	0.	2.0146e-014	0.
64.	2.0147e-014	0.	2.0147e-014	0.
68.	2.0148e-014	0.	2.0148e-014	0.
72.	2.0149e-014	0.	2.0149e-014	0.
76.	2.015e-014	0.	2.015e-014	0.
80.	2.0151e-014	0.	2.0151e-014	0.
84.	2.0152e-014	0.	2.0152e-014	0.
88.	2.0154e-014	0.	2.0154e-014	0.
92.	2.0155e-014	0.	2.0155e-014	0.
96.	2.0157e-014	0.	2.0157e-014	0.
100.	2.0158e-014	0.	2.0158e-014	0.
104.	2.016e-014	0.	2.016e-014	0.
108.	2.0161e-014	0.	2.0161e-014	0.
112.	2.0163e-014	0.	2.0163e-014	0.
116.	2.0165e-014	0.	2.0165e-014	0.
120.	2.0167e-014	0.	2.0167e-014	0.
124.	2.0169e-014	0.	2.0169e-014	0.
128.	2.017e-014	0.	2.017e-014	0.
132.	2.0173e-014	0.	2.0173e-014	0.
136.	2.0175e-014	0.	2.0175e-014	0.
140.	2.0177e-014	0.	2.0177e-014	0.
144.	2.018e-014	0.	2.018e-014	0.
148.	2.0182e-014	0.	2.0182e-014	0.
152.	2.0184e-014	0.	2.0184e-014	0.
156.	2.0186e-014	0.	2.0186e-014	0.
160.	2.0189e-014	0.	2.0189e-014	0.
164.	2.0192e-014	0.	2.0192e-014	0.
168.	2.0194e-014	0.	2.0194e-014	0.
172.	2.0197e-014	0.	2.0197e-014	0.
176.	2.0199e-014	0.	2.0199e-014	0.
180.	2.0203e-014	0.	2.0203e-014	0.
184.	2.0205e-014	0.	2.0205e-014	0.
188.	2.0208e-014	0.	2.0208e-014	0.
192.	2.0211e-014	0.	2.0211e-014	0.
196.	2.0214e-014	0.	2.0214e-014	0.
200.	2.0218e-014	0.	2.0218e-014	0.
204.	2.0221e-014	0.	2.0221e-014	0.
208.	2.0224e-014	0.	2.0224e-014	0.
212.	2.0227e-014	0.	2.0227e-014	0.
216.	2.0231e-014	0.	2.0231e-014	0.
220.	2.0234e-014	0.	2.0234e-014	0.
224.	2.0238e-014	0.	2.0238e-014	0.
228.	2.0241e-014	0.	2.0241e-014	0.
232.	2.0245e-014	0.	2.0245e-014	0.
236.	2.0249e-014	0.	2.0249e-014	0.
240.	2.0253e-014	0.	2.0253e-014	0.
244.	2.0256e-014	0.	2.0256e-014	0.
248.	2.026e-014	0.	2.026e-014	0.
252.	2.0264e-014	0.	2.0264e-014	0.
256.	2.0268e-014	0.	2.0268e-014	0.
260.	2.0273e-014	0.	2.0273e-014	0.
264.	2.0276e-014	0.	2.0276e-014	0.
268.	2.0281e-014	0.	2.0281e-014	0.
272.	2.0285e-014	0.	2.0285e-014	0.
276.	2.0289e-014	0.	2.0289e-014	0.
280.	2.0294e-014	0.	2.0294e-014	0.
284.	2.0298e-014	0.	2.0298e-014	0.
288.	2.0303e-014	0.	2.0303e-014	0.
292.	2.0308e-014	0.	2.0308e-014	0.
296.	2.0313e-014	0.	2.0313e-014	0.
300.	2.0317e-014	0.	2.0317e-014	0.
304.	2.0322e-014	0.	2.0322e-014	0.
308.	2.0327e-014	0.	2.0327e-014	0.
312.	2.0332e-014	0.	2.0332e-014	0.
316.	2.0337e-014	0.	2.0337e-014	0.
320.	2.0342e-014	0.	2.0342e-014	0.
324.	2.0347e-014	0.	2.0347e-014	0.
328.	2.0353e-014	0.	2.0353e-014	0.
332.	2.0358e-014	0.	2.0358e-014	0.
336.	2.0363e-014	0.	2.0363e-014	0.
340.	2.0369e-014	0.	2.0369e-014	0.
344.	2.0374e-014	0.	2.0374e-014	0.
348.	2.038e-014	0.	2.038e-014	0.
352.	2.0386e-014	0.	2.0386e-014	0.
356.	2.0391e-014	0.	2.0391e-014	0.
360.	2.0397e-014	0.	2.0397e-014	0.
364.	2.0403e-014	0.	2.0403e-014	0.
368.	2.0409e-014	0.	2.0409e-014	0.
372.	2.0415e-014	0.	2.0415e-014	0.
376.	2.0421e-014	0.	2.0421e-014	0.
380.	2.0427e-014	0.	2.0427e-014	0.
384.	2.0434e-014	0.	2.0434e-014	0.
388.	2.044e-014	0.	2.044e-014	0.
392.	2.0446e-014	0.	2.0446e-014	0.
396.	2.0452e-014	0.	2.0452e-014	0.
400.	2.0459e-014	0.	2.0459e-014	0.
404.	2.0466e-014	0.	2.0466e-014	0.
408.	2.0472e-014	0.	2.0472e-014	0.
412.	2.0479e-014	0.	2.0479e-014	0.
416.	2.0486e-014	0.	2.0486e-014	0.
420.	2.0493e-014	0.	2.0493e-014	0.
424.	2.05e-014	0.	2.05e-014	0.
428.	2.0506e-014	0.	2.0506e-014	0.
432.	2.0514e-014	0.	2.0514e-014	0.
436.	2.0522e-014	0.	2.0522e-014	0.
440.	2.0528e-014	0.	2.0528e-014	0.
444.	2.0535e-014	0.	2.0535e-014	0.
448.	2.0543e-014	0.	2.0543e-014	0.
452.	2.0551e-014	0.	2.0551e-014	0.
456.	2.0558e-014	0.	2.0558e-014	0.
460.	2.0566e-014	0.	2.0566e-014	0.
464.	2.0573e-014	0.	2.0573e-014	0.
468.	2.0581e-014	0.	2.0581e-014	0.
472.	2.0589e-014	0.	2.0589e-014	0.
476.	2.0597e-014	0.	2.0597e-014	0.
480.	2.0605e-014	0.	2.0605e-014	0.
484.	2.0613e-014	0.	2.0613e-014	0.
488.	2.0621e-014	0.	2.0621e-014	0.
492.	2.0629e-014	0.	2.0629e-014	0.
496.	2.0638e-014	0.	2.0638e-014	0.
500.	2.0646e-014	0.	2.0646e-014	0.
504.	2.0654e-014	0.	2.0654e-014	0.
508.	2.0663e-014	0.	2.0663e-014	0.
512.	2.0671e-014	0.	2.0671e-014	0.
516.	2.068e-014	0.	2.068e-014	0.
520.	2.0689e-014	0.	2.0689e-014	0.
524.	2.0698e-014	0.	2.0698e-014	0.
528.	2.0707e-014	0.	2.0707e-014	0.
532.	2.0715e-014	0.	2.0715e-014	0.
536.	2.0725e-014	0.	2.0725e-014	0.
540.	2.0734e-014	0.	2.0734e-014	0.
544.	2.0743e-014	0.	2.0743e-014	0.
548.	2.0752e-014	0.	2.0752e-014	0.
552.	2.0761e-014	0.	2.0761e-014	0.
556.	2.0771e-014	0.	2.0771e-014	0.
560.	2.0781e-014	0.	2.0781e-014	0.
564.	2.079e-014	0.	2.079e-014	0.
568.	2.08e-014	0.	2.08e-014	0.
572.	2.081e-014	0.	2.081e-014	0.
576.	2.082e-014	0.	2.082e-014	0.
580.	2.083e-014	0.	2.083e-014	0.
584.	2.084e-014	0.	2.084e-014	0.
588.	2.085e-014	0.	2.085e-014	0.
592.	2.086e-014	0.	2.086e-014	0.
596.	2.087e-014	0.	2.087e-014	0.
600.	2.088e-014	0.	2.088e-014	0.
604.	2.0891e-014	0.	2.0891e-014	0.
608.	2.0901e-014	0.	2.0901e-014	0.
612.	2.0912e-014	0.	2.0912e-014	0.
616.	2.0923e-014	0.	2.0923e-014	0.
620.	2.0934e-014	0.	2.0934e-014	0.
624.	2.0944e-014	0.	2.0944e-014	0.
628.	2.0955e-014	0.	2.0955e-014	0.
632.	2.0966e-014	0.	2.0966e-014	0.
636.	2.0978e-014	0.	2.0978e-014	0.
640.	2.0989e-014	0.	2.0989e-014	0.
644.	2.1e-014	0.	2.1e-014	0.
648.	2.1011e-014	0.	2.1011e-014	0.
652.	2.1023e-014	0.	2.1023e-014	0.
656.	2.1035e-014	0.	2.1035e-014	0.
660.	2.1046e-014	0.	2.1046e-014	0.
664.	2.1059e-014	0.	2.1059e-014	0.
668.	2.107e-014	0.	2.107e-014	0.
672.	2.1082e-014	0.	2.1082e-014	0.
676.	2.1094e-014	0.	2.1094e-014	0.
680.	2.1105e-014	0.	2.1105e-014	0.
684.	2.1118e-014	0.	2.1118e-014	0.
688.	2.1131e-014	0.	2.1131e-014	0.
692.	2.1143e-014	0.	2.1143e-014	0.
696.	2.1156e-014	0.	2.1156e-014	0.
700.	2.1168e-014	0.	2.1168e-014	0.
704.	2.1181e-014	0.	2.1181e-014	0.
708.	2.1193e-014	0.	2.1193e-014	0.
712.	2.1207e-014	0.	2.1207e-014	0.
716.	2.1219e-014	0.	2.1219e-014	0.
720.	2.1233e-014	0.	2.1233e-014	0.
724.	2.1245e-014	0.	2.1245e-014	0.
728.	2.1259e-014	0.	2.1259e-014	0.
732.	2.1272e-014	0.	2.1272e-014	0.
736.	2.1286e-014	0.	2.1286e-014	0.
740.	2.1299e-014	0.	2.1299e-014	0.
744.	2.1312e-014	0.	2.1312e-014	0.
748.	2.1327e-014	0.	2.1327e-014	0.
752.	2.134e-014	0.	2.134e-014	0.
756.	2.1354e-014	0.	2.1354e-014	0.
760.	2.1368e-014	0.	2.1368e-014	0.
764.	2.1382e-014	0.	2.1382e-014	0.
768.	2.1397e-014	0.	2.1397e-014	0.
772.	2.1411e-014	0.	2.1411e-014	0.
776.	2.1425e-014	0.	2.1425e-014	0.
780.	2.144e-014	0.	2.144e-014	0.
784.	2.1454e-014	0.	2.1454e-014	0.
788.	2.1469e-014	0.	2.1469e-014	0.
792.	2.1484e-014	0.	2.1484e-014	0.
796.	2.1499e-014	0.	2.1499e-014	0.
800.	2.1514e-014	0.	2.1514e-014	0.
804.	2.1529e-014	0.	2.1529e-014	0.
808.	2.1545e-014	0.	2.1545e-014	0.
812.	2.156e-014	0.	2.156e-014	0.
816.	2.1575e-014	0.	2.1575e-014	0.
820.	2.1591e-014	0.	2.1591e-014	0.
824.	2.1607e-014	0.	2.1607e-014	0.
828.	2.1622e-014	0.	2.1622e-014	0.
832.	2.1639e-014	0.	2.1639e-014	0.
836.	2.1654e-014	0.	2.1654e-014	0.
840.	2.1671e-014	0.	2.1671e-014	0.
844.	2.1687e-014	0.	2.1687e-014	0.
848.	2.1703e-014	0.	2.1703e-014	0.
852.	2.172e-014	0.	2.172e-014	0.
856.	2.1736e-014	0.	2.1736e-014	0.
860.	2.1753e-014	0.	2.1753e-014	0.
864.	2.177e-014	0.	2.177e-014	0.
868.	2.1787e-014	0.	2.1787e-014	0.
872.	2.1804e-014	0.	2.1804e-014	0.
876.	2.1822e-014	0.	2.1822e-014	0.
880.	2.1839e-014	0.	2.1839e-014	0.
884.	2.1856e-014	0.	2.1856e-014	0.
888.	2.1874e-014	0.	2.1874e-014	0.
892.	2.1891e-014	0.	2.1891e-014	0.
896.	2.1909e-014	0.	2.1909e-014	0.
900.	2.1927e-014	0.	2.1927e-014	0.
904.	2.1945e-014	0.	2.1945e-014	0.
908.	2.1963e-014	0.	2.1963e-014	0.
912.	2.1982e-014	0.	2.1982e-014	0.
916.	2.2e-014	0.	2.2e-014	0.
920.	2.2018e-014	0.	2.2018e-014	0.
924.	2.2037e-014	0.	2.2037e-014	0.
928.	2.2056e-014	0.	2.2056e-014	0.
932.	2.2075e-014	0.	2.2075e-014	0.
936.	2.2094e-014	0.	2.2094e-014	0.
940.	2.2114e-014	0.	2.2114e-014	0.
944.	2.2132e-014	0.	2.2132e-014	0.
948.	2.2152e-014	0.	2.2152e-014	0.
952.	2.2172e-014	0.	2.2172e-014	0.
956.	2.2192e-014	0.	2.2192e-014	0.
960.	2.2211e-014	0.	2.2211e-014	0.
964.	2.2231e-014	0.	2.2231e-014	0.
968.	2.2252e-014	0.	2.2252e-014	0.
972.	2.2271e-014	0.	2.2271e-014	0.
976.	2.2292e-014	0.	2.2292e-014	0.
980.	2.2313e-014	0.	2.2313e-014	0.
984.	2.2333e-014	0.	2.2333e-014	0.
988.	2.2354e-014	0.	2.2354e-014	0.
992.	2.2375e-014	0.	2.2375e-014	0.
996.	2.2396e-014	0.	2.2396e-014	0.
1000.	2.2417e-014	0.	2.2417e-014	0.
1004.	2.2439e-014	0.	2.2439e-014	0.
1008.	2.246e-014	0.	2.246e-014	0.
1012.	2.2482e-014	0.	2.2482e-014	0.
1016.	2.2504e-014	0.	2.2504e-014	0.
1020.	2.2526e-014	0.	2.2526e-014	0.
1024.	2.2548e-014	0.	2.2548e-014	0.
1028.	2.2571e-014	0.	2.2571e-014	0.
1032.	2.2593e-014	0.	2.2593e-014	0.
1036.	2.2616e-014	0.	2.2616e-014	0.
1040.	2.2639e-014	0.	2.2639e-014	0.
1044.	2.2662e-014	0.	2.2662e-014	0.
1048.	2.2684e-014	0.	2.2684e-014	0.
1052.	2.2708e-014	0.	2.2708e-014	0.
1056.	2.2731e-014	0.	2.2731e-014	0.
1060.	2.2754e-014	0.	2.2754e-014	0.
1064.	2.2779e-014	0.	2.2779e-014	0.
1068.	2.2802e-014	0.	2.2802e-014	0.
1072.	2.2826e-014	0.	2.2826e-014	0.
1076.	2.2851e-014	0.	2.2851e-014	0.
1080.	2.2875e-014	0.	2.2875e-014	0.
1084.	2.29e-014	0.	2.29e-014	0.
1088.	2.2924e-014	0.	2.2924e-014	0.
1092.	2.295e-014	0.	2.295e-014	0.
1096.	2.2975e-014	0.	2.2975e-014	0.
1100.	2.3e-014	0.	2.3e-014	0.
1104.	2.3026e-014	0.	2.3026e-014	0.
1108.	2.3051e-014	0.	2.3051e-014	0.
1112.	2.3077e-014	0.	2.3077e-014	0.
1116.	2.3103e-014	0.	2.3103e-014	0.
1120.	2.3129e-014	0.	2.3129e-014	0.
1124.	2.3156e-014	0.	2.3156e-014	0.
1128.	2.3182e-014	0.	2.3182e-014	0.
1132.	2.3209e-014	0.	2.3209e-014	0.
1136.	2.3236e-014	0.	2.3236e-014	0.
1140.	2.3263e-014	0.	2.3263e-014	0.
1144.	2.329e-014	0.	2.329e-014	0.
1148.	2.3318e-014	0.	2.3318e-014	0.
1152.	2.3346e-014	0.	2.3346e-014	0.
1156.	2.3373e-014	0.	2.3373e-014	0.
1160.	2.3402e-014	0.	2.3402e-014	0.
1164.	2.3431e-014	0.	2.3431e-014	0.
1168.	2.3459e-014	0.	2.3459e-014	0.
1172.	2.3488e-014	0.	2.3488e-014	0.
1176.	2.3516e-014	0.	2.3516e-014	0.
1180.	2.3546e-014	0.	2.3546e-014	0.
1184.	2.3575e-014	0.	2.3575e-014	0.
1188.	2.3605e-014	0.	2.3605e-014	0.
1192.	2.3635e-014	0.	2.3635e-014	0.
1196.	2.3665e-014	0.	2.3665e-014	0.
1200.	2.3695e-014	0.	2.3695e-014	0.
1204.	2.3726e-014	0.	2.3726e-014	0.
1208.	2.3756e-014	0.	2.3756e-014	0.
1212.	2.3788e-014	0.	2.3788e-014	0.
1216.	2.3818e-014	0.	2.3818e-014	0.
1220.	2.385e-014	0.	2.385e-014	0.
1224.	2.3882e-014	0.	2.3882e-014	0.
1228.	2.3913e-014	0.	2.3913e-014	0.
1232.	2.3946e-014	0.	2.3946e-014	0.
1236.	2.3979e-014	0.	2.3979e-014	0.
1240.	2.4011e-014	0.	2.4011e-014	0.
1244.	2.4044e-014	0.	2.4044e-014	0.
1248.	2.4077e-014	0.	2.4077e-014	0.
1252.	2.4111e-014	0.	2.4111e-014	0.
1256.	2.4144e-014	0.	2.4144e-014	0.
1260.	2.4178e-014	0.	2.4178e-014	0.
1264.	2.4212e-014	0.	2.4212e-014	0.
1268.	2.4247e-014	0.	2.4247e-014	0.
1272.	2.4282e-014	0.	2.4282e-014	0.
1276.	2.4316e-014	0.	2.4316e-014	0.
1280.	2.4352e-014	0.	2.4352e-014	0.
1284.	2.4388e-014	0.	2.4388e-014	0.
1288.	2.4423e-014	0.	2.4423e-014	0.
1292.	2.4459e-014	0.	2.4459e-014	0.
1296.	2.4496e-014	0.	2.4496e-014	0.
1300.	2.4532e-014	0.	2.4532e-014	0.
1304.	2.4569e-014	0.	2.4569e-014	0.
1308.	2.4607e-014	0.	2.4607e-014	0.
1312.	2.4644e-014	0.	2.4644e-014	0.
1316.	2.4683e-014	0.	2.4683e-014	0.
1320.	2.4721e-014	0.	2.4721e-014	0.
1324.	2.4759e-014	0.	2.4759e-014	0.
1328.	2.4798e-014	0.	2.4798e-014	0.
1332.	2.4837e-014	0.	2.4837e-014	0.
1336.	2.4877e-014	0.	2.4877e-014	0.
1340.	2.4916e-014	0.	2.4916e-014	0.
1344.	2.4957e-014	0.	2.4957e-014	0.
1348.	2.4997e-014	0.	2.4997e-014	0.
1352.	2.5038e-014	0.	2.5038e-014	0.
1356.	2.5079e-014	0.	2.5079e-014	0.
1360.	2.5121e-014	0.	2.5121e-014	0.
1364.	2.5162e-014	0.	2.5162e-014	0.
1368.	2.5204e-014	0.	2.5204e-014	0.
1372.	2.5248e-014	0.	2.5248e-014	0.
1376.	2.529e-014	0.	2.529e-014	0.
1380.	2.5333e-014	0.	2.5333e-014	0.
1384.	2.5377e-014	0.	2.5377e-014	0.
1388.	2.5421e-014	0.	2.5421e-014	0.
1392.	2.5466e-014	0.	2.5466e-014	0.
1396.	2.551e-014	0.	2.551e-014	0.
1400.	2.5556e-014	0.	2.5556e-014	0.
1404.	2.5602e-014	0.	2.5602e-014	0.
1408.	2.5648e-014	0.	2.5648e-014	0.
1412.	2.5695e-014	0.	2.5695e-014	0.
1416.	2.5741e-014	0.	2.5741e-014	0.
1420.	2.5788e-014	0.	2.5788e-014	0.
1424.	2.5837e-014	0.	2.5837e-014	0.
1428.	2.5885e-014	0.	2.5885e-014	0.
1432.	2.5933e-014	0.	2.5933e-014	0.
1436.	2.5982e-014	0.	2.5982e-014	0.
1440.	2.6032e-014	0.	2.6032e-014	0.
1444.	2.6082e-014	0.	2.6082e-014	0.
1448.	2.6133e-014	0.	2.6133e-014	0.
1452.	2.6184e-014	0.	2.6184e-014	0.
1456.	2.6236e-014	0.	2.6236e-014	0.
1460.	2.6288e-014	0.	2.6288e-014	0.
1464.	2.6341e-014	0.	2.6341e-014	0.
1468.	2.6393e-014	0.	2.6393e-014	0.
1472.	2.6446e-014	0.	2.6446e-014	0.
1476.	2.65e-014	0.	2.65e-014	0.
1480.	2.6556e-014	0.	2.6556e-014	0.
1484.	2.661e-014	0.	2.661e-014	0.
1488.	2.6666e-014	0.	2.6666e-014	0.
1492.	2.6722e-014	0.	2.6722e-014	0.
1496.	2.6779e-014	0.	2.6779e-014	0.
1500.	2.6836e-014	0.	2.6836e-014	0.
1504.	2.6895e-014	0.	2.6895e-014	0.
1508.	2.6953e-014	0.	2.6953e-014	0.
1512.	2.7013e-014	0.	2.7013e-014	0.
1516.	2.7072e-014	0.	2.7072e-014	0.
1520.	2.7132e-014	0.	2.7132e-014	0.
1524.	2.7194e-014	0.	2.7194e-014	0.
1528.	2.7256e-014	0.	2.7256e-014	0.
1532.	2.7318e-014	0.	2.7318e-014	0.
1536.	2.7381e-014	0.	2.7381e-014	0.
1540.	2.7445e-014	0.	2.7445e-014	0.
1544.	2.7509e-014	0.	2.7509e-014	0.
1548.	2.7575e-014	0.	2.7575e-014	0.
1552.	2.764e-014	0.	2.764e-014	0.
1556.	2.7707e-014	0.	2.7707e-014	0.
1560.	2.7774e-014	0.	2.7774e-014	0.
1564.	2.7843e-014	0.	2.7843e-014	0.
1568.	2.7911e-014	0.	2.7911e-014	0.
1572.	2.7981e-014	0.	2.7981e-014	0.
1576.	2.8052e-014	0.	2.8052e-014	0.
1580.	2.8123e-014	0.	2.8123e-014	0.
1584.	2.8195e-014	0.	2.8195e-014	0.
1588.	2.8269e-014	0.	2.8269e-014	0.
1592.	2.8342e-014	0.	2.8342e-014	0.
1596.	2.8417e-014	0.	2.8417e-014	0.
1600.	2.8493e-014	0.	2.8493e-014	0.
1604.	2.8569e-014	0.	2.8569e-014	0.
1608.	2.8646e-014	0.	2.8646e-014	0.
1612.	2.8726e-014	0.	2.8726e-014	0.
1616.	2.8805e-014	0.	2.8805e-014	0.
1620.	2.8884e-014	0.	2.8884e-014	0.
1624.	2.8966e-014	0.	2.8966e-014	0.
1628.	2.9048e-014	0.	2.9048e-014	0.
1632.	2.9132e-014	0.	2.9132e-014	0.
1636.	2.9216e-014	0.	2.9216e-014	0.
1640.	2.9301e-014	0.	2.9301e-014	0.
1644.	2.9388e-014	0.	2.9388e-014	0.
1648.	2.9476e-014	0.	2.9476e-014	0.
1652.	2.9564e-014	0.	2.9564e-014	0.
1656.	2.9655e-014	0.	2.9655e-014	0.
1660.	2.9746e-014	0.	2.9746e-014	0.
1664.	2.9838e-014	0.	2.9838e-014	0.
1668.	2.9932e-014	0.	2.9932e-014	0.
1672.	3.0026e-014	0.	3.0026e-014	0.
1676.	3.0122e-014	0.	3.0122e-014	0.
1680.	3.022e-014	0.	3.022e-014	0.
1684.	3.0318e-014	0.	3.0318e-014	0.
1688.	3.0418e-014	0.	3.0418e-014	0.
1692.	3.052e-014	0.	3.052e-014	0.
1696.	3.0622e-014	0.	3.0622e-014	0.
1700.	3.0725e-014	0.	3.0725e-014	0.
1704.	3.0831e-014	0.	3.0831e-014	0.
1708.	3.0937e-014	0.	3.0937e-014	0.
1712.	3.1044e-014	0.	3.1044e-014	0.
1716.	3.1154e-014	0.	3.1154e-014	0.
1720.	3.1265e-014	0.	3.1265e-014	0.
1724.	3.1376e-014	0.	3.1376e-014	0.
1728.	3.1489e-014	0.	3.1489e-014	0.
1732.	3.1603e-014	0.	3.1603e-014	0.
1736.	3.1719e-014	0.	3.1719e-014	0.
1740.	3.1835e-014	0.	3.1835e-014	0.
1744.	3.1954e-014	0.	3.1954e-014	0.
1748.	3.2073e-014	0.	3.2073e-014	0.
1752.	3.2193e-014	0.	3.2193e-014	0.
1756.	3.2312e-014	0.	3.2312e-014	0.
1760.	3.2433e-014	0.	3.2433e-014	0.
1764.	3.2553e-014	0.	3.2553e-014	0.
1768.	3.2675e-014	0.	3.2675e-014	0.
1772.	3.2795e-014	0.	3.2795e-014	0.
1776.	3.2918e-014	0.	3.2918e-014	0.
1780.	3.3034e-014	0.	3.3034e-014	0.
1784.	3.3152e-014	0.	3.3152e-014	0.
1788.	3.3266e-014	0.	3.3266e-014	0.
1792.	3.3374e-014	0.	3.3374e-014	0.
1796.	3.3479e-014	0.	3.3479e-014	0.
1800.	3.3576e-014	0.	3.3576e-014	0.
1804.	3.3661e-014	0.	3.3661e-014	0.
1808.	3.3731e-014	0.	3.3731e-014	0.
1812.	3.3784e-014	0.	3.3784e-014	0.
1816.	3.3807e-014	0.	3.3807e-014	0.
1820.	3.3796e-014	0.	3.3796e-014	0.
1824.	3.3731e-014	0.	3.3731e-014	0.
1828.	3.3581e-014	0.	3.3581e-014	0.
1832.	3.3313e-014	0.	3.3313e-014	0.
1836.	3.2839e-014	0.	3.2839e-014	0.
1840.	3.1984e-014	0.	3.1984e-014	0.
1844.	3.0317e-014	0.	3.0317e-014	0.
1848.	2.65e-014	0.	2.65e-014	0.
1852.	1.198e-014	0.	1.198e-014	0.
1856.	1.1024e-013	0.	1.1024e-013	0.
1860.	5.4199e-014	0.	5.4199e-014	0.
1864.	4.7622e-014	0.	4.7622e-014	0.
1868.	4.526e-014	0.	4.526e-014	0.
1872.	4.4172e-014	0.	4.4172e-014	0.
1876.	4.3625e-014	0.	4.3625e-014	0.
1880.	4.3369e-014	0.	4.3369e-014	0.
1884.	4.3294e-014	0.	4.3294e-014	0.
1888.	4.3337e-014	0.	4.3337e-014	0.
1892.	4.3467e-014	0.	4.3467e-014	0.
1896.	4.3658e-014	0.	4.3658e-014	0.
1900.	4.3902e-014	0.	4.3902e-014	0.
1904.	4.4194e-014	0.	4.4194e-014	0.
1908.	4.4525e-014	0.	4.4525e-014	0.
1912.	4.4888e-014	0.	4.4888e-014	0.
1916.	4.529e-014	0.	4.529e-014	0.
1920.	4.5725e-014	0.	4.5725e-014	0.
1924.	4.6194e-014	0.	4.6194e-014	0.
1928.	4.6691e-014	0.	4.6691e-014	0.
1932.	4.7227e-014	0.	4.7227e-014	0.
1936.	4.7795e-014	0.	4.7795e-014	0.
1940.	4.8402e-014	0.	4.8402e-014	0.
1944.	4.9048e-014	0.	4.9048e-014	0.
1948.	4.9735e-014	0.	4.9735e-014	0.
1952.	5.0468e-014	0.	5.0468e-014	0.
1956.	5.1249e-014	0.	5.1249e-014	0.
1960.	5.2081e-014	0.	5.2081e-014	0.
1964.	5.2971e-014	0.	5.2971e-014	0.
1968.	5.3921e-014	0.	5.3921e-014	0.
1972.	5.4942e-014	0.	5.4942e-014	0.
1976.	5.6035e-014	0.	5.6035e-014	0.
1980.	5.7214e-014	0.	5.7214e-014	0.
1984.	5.8486e-014	0.	5.8486e-014	0.
1988.	5.9861e-014	0.	5.9861e-014	0.
1992.	6.1357e-014	0.	6.1357e-014	0.
1996.	6.2985e-014	0.	6.2985e-014	0.
2000.	6.4763e-014	0.	6.4763e-014	0.
2004.	6.6716e-014	0.	6.6716e-014	0.
2008.	6.8871e-014	0.	6.8871e-014	0.
2012.	7.1261e-014	0.	7.1261e-014	0.
2016.	7.3922e-014	0.	7.3922e-014	0.
2020.	7.6912e-014	0.	7.6912e-014	0.
2024.	8.0289e-014	0.	8.0289e-014	0.
2028.	8.4136e-014	0.	8.4136e-014	0.
2032.	8.8562e-014	0.	8.8562e-014	0.
2036.	9.3705e-014	0.	9.3705e-014	0.
2040.	9.9758e-014	0.	9.9758e-014	0.
2044.	1.0699e-013	0.	1.0699e-013	0.
2048.	1.1577e-013	0.	1.1577e-013	0.
2052.	1.2669e-013	0.	1.2669e-013	0.
2056.	1.4061e-013	0.	1.4061e-013	0.
2060.	1.5897e-013	0.	1.5897e-013	0.
2064.	1.8436e-013	0.	1.8436e-013	0.
2068.	2.2171e-013	0.	2.2171e-013	0.
2072.	2.8214e-013	0.	2.8214e-013	0.
2076.	3.9662e-013	0.	3.9662e-013	0.
2080.	6.9677e-013	0.	6.9677e-013	0.
2084.	3.6464e-012	0.	3.6464e-012	0.
2088.	1.0576e-012	180.	-1.0576e-012	0.
2092.	4.4214e-013	180.	-4.4214e-013	0.
2096.	2.7244e-013	180.	-2.7244e-013	0.
2100.	1.9292e-013	180.	-1.9292e-013	0.
2104.	1.4676e-013	180.	-1.4676e-013	0.
2108.	1.1661e-013	180.	-1.1661e-013	0.
2112.	9.5344e-014	180.	-9.5344e-014	0.
2116.	7.9552e-014	180.	-7.9552e-014	0.
2120.	6.7354e-014	180.	-6.7354e-014	0.
2124.	5.7644e-014	180.	-5.7644e-014	0.
2128.	4.9727e-014	180.	-4.9727e-014	0.
2132.	4.3147e-014	180.	-4.3147e-014	0.
2136.	3.7587e-014	180.	-3.7587e-014	0.
2140.	3.2834e-014	180.	-3.2834e-014	0.
2144.	2.8715e-014	180.	-2.8715e-014	0.
2148.	2.5109e-014	180.	-2.5109e-014	0.
2152.	2.1932e-014	180.	-2.1932e-014	0.
2156.	1.9102e-014	180.	-1.9102e-014	0.
2160.	1.6571e-014	180.	-1.6571e-014	0.
2164.	1.4286e-014	180.	-1.4286e-014	0.
2168.	1.222e-014	180.	-1.222e-014	0.
2172.	1.0335e-014	180.	-1.0335e-014	0.
2176.	8.6129e-015	180.	-8.6129e-015	0.
2180.	7.0283e-015	180.	-7.0283e-015	0.
2184.	5.5693e-015	180.	-5.5693e-015	0.
2188.	4.2183e-015	180.	-4.2183e-015	0.
2192.	2.9627e-015	180.	-2.9627e-015	0.
2196.	1.7946e-015	180.	-1.7946e-015	0.
2200.	7.0211e-016	180.	-7.0211e-016	0.
2204.	3.2039e-016	0.	3.2039e-016	0.
2208.	1.2813e-015	0.	1.2813e-015	0.
2212.	2.1849e-015	0.	2.1849e-015	0.
2216.	3.039e-015	0.	3.039e-015	0.
2220.	3.8456e-015	0.	3.8456e-015	0.
2224.	4.6093e-015	0.	4.6093e-015	0.
2228.	5.3339e-015	0.	5.3339e-015	0.
2232.	6.023e-015	0.	6.023e-015	0.
2236.	6.6804e-015	0.	6.6804e-015	0.
2240.	7.3063e-015	0.	7.3063e-015	0.
2244.	7.9039e-015	0.	7.9039e-015	0.
2248.	8.4766e-015	0.	8.4766e-015	0.
2252.	9.0251e-015	0.	9.0251e-015	0.
2256.	9.5514e-015	0.	9.5514e-015	0.
2260.	1.0057e-014	0.	1.0057e-014	0.
2264.	1.0543e-014	0.	1.0543e-014	0.
2268.	1.1012e-014	0.	1.1012e-014	0.
2272.	1.1464e-014	0.	1.1464e-014	0.
2276.	1.19e-014	0.	1.19e-014	0.
2280.	1.2321e-014	0.	1.2321e-014	0.
2284.	1.2728e-014	0.	1.2728e-014	0.
2288.	1.3123e-014	0.	1.3123e-014	0.
2292.	1.3506e-014	0.	1.3506e-014	0.
2296.	1.3877e-014	0.	1.3877e-014	0.
2300.	1.4236e-014	0.	1.4236e-014	0.
2304.	1.4587e-014	0.	1.4587e-014	0.
2308.	1.4927e-014	0.	1.4927e-014	0.
2312.	1.526e-014	0.	1.526e-014	0.
2316.	1.5583e-014	0.	1.5583e-014	0.
2320.	1.5897e-014	0.	1.5897e-014	0.
2324.	1.6205e-014	0.	1.6205e-014	0.
2328.	1.6505e-014	0.	1.6505e-014	0.
2332.	1.6799e-014	0.	1.6799e-014	0.
2336.	1.7087e-014	0.	1.7087e-014	0.
2340.	1.7368e-014	0.	1.7368e-014	0.
2344.	1.7642e-014	0.	1.7642e-014	0.
2348.	1.7912e-014	0.	1.7912e-014	0.
2352.	1.8177e-014	0.	1.8177e-014	0.
2356.	1.8436e-014	0.	1.8436e-014	0.
2360.	1.8691e-014	0.	1.8691e-014	0.
2364.	1.8942e-014	0.	1.8942e-014	0.
2368.	1.9187e-014	0.	1.9187e-014	0.
2372.	1.9429e-014	0.	1.9429e-014	0.
2376.	1.9668e-014	0.	1.9668e-014	0.
2380.	1.9902e-014	0.	1.9902e-014	0.
2384.	2.0134e-014	0.	2.0134e-014	0.
2388.	2.0361e-014	0.	2.0361e-014	0.
2392.	2.0585e-014	0.	2.0585e-014	0.
2396.	2.0807e-014	0.	2.0807e-014	0.
2400.	2.1025e-014	0.	2.1025e-014	0.
2404.	2.124e-014	0.	2.124e-014	0.
2408.	2.1454e-014	0.	2.1454e-014	0.
2412.	2.1665e-014	0.	2.1665e-014	0.
2416.	2.1875e-014	0.	2.1875e-014	0.
2420.	2.208e-014	0.	2.208e-014	0.
2424.	2.2285e-014	0.	2.2285e-014	0.
2428.	2.2487e-014	0.	2.2487e-014	0.
2432.	2.2687e-014	0.	2.2687e-014	0.
2436.	2.2885e-014	0.	2.2885e-014	0.
2440.	2.3083e-014	0.	2.3083e-014	0.
2444.	2.3278e-014	0.	2.3278e-014	0.
2448.	2.3471e-014	0.	2.3471e-014	0.
2452.	2.3663e-014	0.	2.3663e-014	0.
2456.	2.3854e-014	0.	2.3854e-014	0.
2460.	2.4043e-014	0.	2.4043e-014	0.
2464.	2.4231e-014	0.	2.4231e-014	0.
2468.	2.4418e-014	0.	2.4418e-014	0.
2472.	2.4605e-014	0.	2.4605e-014	0.
2476.	2.4789e-014	0.	2.4789e-014	0.
2480.	2.4975e-014	0.	2.4975e-014	0.
2484.	2.5157e-014	0.	2.5157e-014	0.
2488.	2.534e-014	0.	2.534e-014	0.
2492.	2.5522e-014	0.	2.5522e-014	0.
2496.	2.5702e-014	0.	2.5702e-014	0.
2500.	2.5882e-014	0.	2.5882e-014	0.
2504.	2.6062e-014	0.	2.6062e-014	0.
2508.	2.6241e-014	0.	2.6241e-014	0.
2512.	2.642e-014	0.	2.642e-014	0.
2516.	2.6597e-014	0.	2.6597e-014	0.
2520.	2.6776e-014	0.	2.6776e-014	0.
2524.	2.6953e-014	0.	2.6953e-014	0.
2528.	2.713e-014	0.	2.713e-014	0.
2532.	2.7307e-014	0.	2.7307e-014	0.
2536.	2.7483e-014	0.	2.7483e-014	0.
2540.	2.766e-014	0.	2.766e-014	0.
2544.	2.7836e-014	0.	2.7836e-014	0.
2548.	2.8012e-014	0.	2.8012e-014	0.
2552.	2.8188e-014	0.	2.8188e-014	0.
2556.	2.8364e-014	0.	2.8364e-014	0.
2560.	2.8541e-014	0.	2.8541e-014	0.
2564.	2.8716e-014	0.	2.8716e-014	0.
2568.	2.8892e-014	0.	2.8892e-014	0.
2572.	2.9069e-014	0.	2.9069e-014	0.
2576.	2.9245e-014	0.	2.9245e-014	0.
2580.	2.9422e-014	0.	2.9422e-014	0.
2584.	2.9599e-014	0.	2.9599e-014	0.
2588.	2.9777e-014	0.	2.9777e-014	0.
2592.	2.9954e-014	0.	2.9954e-014	0.
2596.	3.0132e-014	0.	3.0132e-014	0.
2600.	3.031e-014	0.	3.031e-014	0.
2604.	3.0489e-014	0.	3.0489e-014	0.
2608.	3.0669e-014	0.	3.0669e-014	0.
2612.	3.0848e-014	0.	3.0848e-014	0.
2616.	3.1029e-014	0.	3.1029e-014	0.
2620.	3.121e-014	0.	3.121e-014	0.
2624.	3.139e-014	0.	3.139e-014	0.
2628.	3.1573e-014	0.	3.1573e-014	0.
2632.	3.1755e-014	0.	3.1755e-014	0.
2636.	3.1939e-014	0.	3.1939e-014	0.
2640.	3.2123e-014	0.	3.2123e-014	0.
2644.	3.2307e-014	0.	3.2307e-014	0.
2648.	3.2493e-014	0.	3.2493e-014	0.
2652.	3.2679e-014	0.	3.2679e-014	0.
2656.	3.2867e-014	0.	3.2867e-014	0.
2660.	3.3055e-014	0.	3.3055e-014	0.
2664.	3.3244e-014	0.	3.3244e-014	0.
2668.	3.3434e-014	0.	3.3434e-014	0.
2672.	3.3624e-014	0.	3.3624e-014	0.
2676.	3.3816e-014	0.	3.3816e-014	0.
2680.	3.4009e-014	0.	3.4009e-014	0.
2684.	3.4203e-014	0.	3.4203e-014	0.
2688.	3.4399e-014	0.	3.4399e-014	0.
2692.	3.4595e-014	0.	3.4595e-014	0.
2696.	3.4792e-014	0.	3.4792e-014	0.
2700.	3.4991e-014	0.	3.4991e-014	0.
2704.	3.5191e-014	0.	3.5191e-014	0.
2708.	3.5392e-014	0.	3.5392e-014	0.
2712.	3.5594e-014	0.	3.5594e-014	0.
2716.	3.5799e-014	0.	3.5799e-014	0.
2720.	3.6003e-014	0.	3.6003e-014	0.
2724.	3.621e-014	0.	3.621e-014	0.
2728.	3.6418e-014	0.	3.6418e-014	0.
2732.	3.6627e-014	0.	3.6627e-014	0.
2736.	3.6839e-014	0.	3.6839e-014	0.
2740.	3.7051e-014	0.	3.7051e-014	0.
2744.	3.7266e-014	0.	3.7266e-014	0.
2748.	3.7482e-014	0.	3.7482e-014	0.
2752.	3.7699e-014	0.	3.7699e-014	0.
2756.	3.7918e-014	0.	3.7918e-014	0.
2760.	3.814e-014	0.	3.814e-014	0.
2764.	3.8363e-014	0.	3.8363e-014	0.
2768.	3.8585e-014	0.	3.8585e-014	0.
2772.	3.8813e-014	0.	3.8813e-014	0.
2776.	3.9041e-014	0.	3.9041e-014	0.
2780.	3.9272e-014	0.	3.9272e-014	0.
2784.	3.9504e-014	0.	3.9504e-014	0.
2788.	3.9739e-014	0.	3.9739e-014	0.
2792.	3.9976e-014	0.	3.9976e-014	0.
2796.	4.0215e-014	0.	4.0215e-014	0.
2800.	4.0455e-014	0.	4.0455e-014	0.
2804.	4.0698e-014	0.	4.0698e-014	0.
2808.	4.0943e-014	0.	4.0943e-014	0.
2812.	4.1191e-014	0.	4.1191e-014	0.
2816.	4.1441e-014	0.	4.1441e-014	0.
2820.	4.1694e-014	0.	4.1694e-014	0.
2824.	4.1949e-014	0.	4.1949e-014	0.
2828.	4.2207e-014	0.	4.2207e-014	0.
2832.	4.2466e-014	0.	4.2466e-014	0.
2836.	4.2729e-014	0.	4.2729e-014	0.
2840.	4.2995e-014	0.	4.2995e-014	0.
2844.	4.3262e-014	0.	4.3262e-014	0.
2848.	4.3535e-014	0.	4.3535e-014	0.
2852.	4.3809e-014	0.	4.3809e-014	0.
2856.	4.4085e-014	0.	4.4085e-014	0.
2860.	4.4365e-014	0.	4.4365e-014	0.
2864.	4.4647e-014	0.	4.4647e-014	0.
2868.	4.4933e-014	0.	4.4933e-014	0.
2872.	4.5223e-014	0.	4.5223e-014	0.
2876.	4.5516e-014	0.	4.5516e-014	0.
2880.	4.5812e-014	0.	4.5812e-014	0.
2884.	4.6112e-014	0.	4.6112e-014	0.
2888.	4.6414e-014	0.	4.6414e-014	0.
2892.	4.672e-014	0.	4.672e-014	0.
2896.	4.703e-014	0.	4.703e-014	0.
2900.	4.7344e-014	0.	4.7344e-014	0.
2904.	4.7662e-014	0.	4.7662e-014	0.
2908.	4.7982e-014	0.	4.7982e-014	0.
2912.	4.8309e-014	0.	4.8309e-014	0.
2916.	4.8638e-014	0.	4.8638e-014	0.
2920.	4.8971e-014	0.	4.8971e-014	0.
2924.	4.931e-014	0.	4.931e-014	0.
2928.	4.9651e-014	0.	4.9651e-014	0.
2932.	4.9998e-014	0.	4.9998e-014	0.
2936.	5.035e-014	0.	5.035e-014	0.
2940.	5.0705e-014	0.	5.0705e-014	0.
2944.	5.1066e-014	0.	5.1066e-014	0.
2948.	5.1431e-014	0.	5.1431e-014	0.
2952.	5.1801e-014	0.	5.1801e-014	0.
2956.	5.2179e-014	0.	5.2179e-014	0.
2960.	5.2558e-014	0.	5.2558e-014	0.
2964.	5.2944e-014	0.	5.2944e-014	0.
2968.	5.3336e-014	0.	5.3336e-014	0.
2972.	5.3732e-014	0.	5.3732e-014	0.
2976.	5.4135e-014	0.	5.4135e-014	0.
2980.	5.4543e-014	0.	5.4543e-014	0.
2984.	5.4959e-014	0.	5.4959e-014	0.
2988.	5.538e-014	0.	5.538e-014	0.
2992.	5.5807e-014	0.	5.5807e-014	0.
2996.	5.624e-014	0.	5.624e-014	0.
3000.	5.6679e-014	0.	5.6679e-014	0.
3004.	5.7127e-014	0.	5.7127e-014	0.
3008.	5.758e-014	0.	5.758e-014	0.
3012.	5.8041e-014	0.	5.8041e-014	0.
3016.	5.851e-014	0.	5.851e-014	0.
3020.	5.8984e-014	0.	5.8984e-014	0.
3024.	5.9468e-014	0.	5.9468e-014	0.
3028.	5.9959e-014	0.	5.9959e-014	0.
3032.	6.0459e-014	0.	6.0459e-014	0.
3036.	6.0966e-014	0.	6.0966e-014	0.
3040.	6.1482e-014	0.	6.1482e-014	0.
3044.	6.2007e-014	0.	6.2007e-014	0.
3048.	6.2541e-014	0.	6.2541e-014	0.
3052.	6.3083e-014	0.	6.3083e-014	0.
3056.	6.3636e-014	0.	6.3636e-014	0.
3060.	6.4198e-014	0.	6.4198e-014	0.
3064.	6.477e-014	0.	6.477e-014	0.
3068.	6.535e-014	0.	6.535e-014	0.
3072.	6.5946e-014	0.	6.5946e-014	0.
3076.	6.6549e-014	0.	6.6549e-014	0.
3080.	6.7163e-014	0.	6.7163e-014	0.
3084.	6.779e-014	0.	6.779e-014	0.
3088.	6.8428e-014	0.	6.8428e-014	0.
3092.	6.9077e-014	0.	6.9077e-014	0.
3096.	6.9743e-014	0.	6.9743e-014	0.
3100.	7.0418e-014	0.	7.0418e-014	0.
3104.	7.1106e-014	0.	7.1106e-014	0.
3108.	7.181e-014	0.	7.181e-014	0.
3112.	7.2527e-014	0.	7.2527e-014	0.
3116.	7.3259e-014	0.	7.3259e-014	0.
3120.	7.4006e-014	0.	7.4006e-014	0.
3124.	7.477e-014	0.	7.477e-014	0.
3128.	7.5548e-014	0.	7.5548e-014	0.
3132.	7.6343e-014	0.	7.6343e-014	0.
3136.	7.7154e-014	0.	7.7154e-014	0.
3140.	7.7985e-014	0.	7.7985e-014	0.
3144.	7.8834e-014	0.	7.8834e-014	0.
3148.	7.9701e-014	0.	7.9701e-014	0.
3152.	8.0587e-014	0.	8.0587e-014	0.
3156.	8.1494e-014	0.	8.1494e-014	0.
3160.	8.2421e-014	0.	8.2421e-014	0.
3164.	8.3373e-014	0.	8.3373e-014	0.
3168.	8.4346e-014	0.	8.4346e-014	0.
3172.	8.534e-014	0.	8.534e-014	0.
3176.	8.6361e-014	0.	8.6361e-014	0.
3180.	8.7405e-014	0.	8.7405e-014	0.
3184.	8.8477e-014	0.	8.8477e-014	0.
3188.	8.9575e-014	0.	8.9575e-014	0.
3192.	9.07e-014	0.	9.07e-014	0.
3196.	9.1856e-014	0.	9.1856e-014	0.
3200.	9.3041e-014	0.	9.3041e-014	0.
3204.	9.426e-014	0.	9.426e-014	0.
3208.	9.551e-014	0.	9.551e-014	0.
3212.	9.6794e-014	0.	9.6794e-014	0.
3216.	9.8115e-014	0.	9.8115e-014	0.
3220.	9.9469e-014	0.	9.9469e-014	0.
3224.	1.0087e-013	0.	1.0087e-013	0.
3228.	1.023e-013	0.	1.023e-013	0.
3232.	1.0378e-013	0.	1.0378e-013	0.
3236.	1.0531e-013	0.	1.0531e-013	0.
3240.	1.0688e-013	0.	1.0688e-013	0.
3244.	1.0849e-013	0.	1.0849e-013	0.
3248.	1.1016e-013	0.	1.1016e-013	0.
3252.	1.1188e-013	0.	1.1188e-013	0.
3256.	1.1366e-013	0.	1.1366e-013	0.
3260.	1.155e-013	0.	1.155e-013	0.
3264.	1.174e-013	0.	1.174e-013	0.
3268.	1.1936e-013	0.	1.1936e-013	0.
3272.	1.2139e-013	0.	1.2139e-013	0.
3276.	1.2349e-013	0.	1.2349e-013	0.
3280.	1.2567e-013	0.	1.2567e-013	0.
3284.	1.2792e-013	0.	1.2792e-013	0.
3288.	1.3026e-013	0.	1.3026e-013	0.
3292.	1.3269e-013	0.	1.3269e-013	0.
3296.	1.3522e-013	0.	1.3522e-013	0.
3300.	1.3784e-013	0.	1.3784e-013	0.
3304.	1.4057e-013	0.	1.4057e-013	0.
3308.	1.4341e-013	0.	1.4341e-013	0.
3312.	1.4637e-013	0.	1.4637e-013	0.
3316.	1.4946e-013	0.	1.4946e-013	0.
3320.	1.5268e-013	0.	1.5268e-013	0.
3324.	1.5604e-013	0.	1.5604e-013	0.
3328.	1.5956e-013	0.	1.5956e-013	0.
3332.	1.6325e-013	0.	1.6325e-013	0.
3336.	1.6712e-013	0.	1.6712e-013	0.
3340.	1.7117e-013	0.	1.7117e-013	0.
3344.	1.7543e-013	0.	1.7543e-013	0.
3348.	1.799e-013	0.	1.799e-013	0.
3352.	1.8463e-013	0.	1.8463e-013	0.
3356.	1.896e-013	0.	1.896e-013	0.
3360.	1.9485e-013	0.	1.9485e-013	0.
3364.	2.0041e-013	0.	2.0041e-013	0.
3368.	2.063e-013	0.	2.063e-013	0.
3372.	2.1254e-013	0.	2.1254e-013	0.
3376.	2.1919e-013	0.	2.1919e-013	0.
3380.	2.2627e-013	0.	2.2627e-013	0.
3384.	2.3382e-013	0.	2.3382e-013	0.
3388.	2.4191e-013	0.	2.4191e-013	0.
3392.	2.5058e-013	0.	2.5058e-013	0.
3396.	2.599e-013	0.	2.599e-013	0.
3400.	2.6995e-013	0.	2.6995e-013	0.
3404.	2.8082e-013	0.	2.8082e-013	0.
3408.	2.926e-013	0.	2.926e-013	0.
3412.	3.0544e-013	0.	3.0544e-013	0.
3416.	3.1946e-013	0.	3.1946e-013	0.
3420.	3.3482e-013	0.	3.3482e-013	0.
3424.	3.5176e-013	0.	3.5176e-013	0.
3428.	3.7052e-013	0.	3.7052e-013	0.
3432.	3.9139e-013	0.	3.9139e-013	0.
3436.	4.1471e-013	0.	4.1471e-013	0.
3440.	4.408e-013	0.	4.408e-013	0.
3444.	4.663e-013	0.	4.663e-013	0.
3448.	5.0612e-013	0.	5.0612e-013	0.
3452.	5.4643e-013	0.	5.4643e-013	0.
3456.	5.9334e-013	0.	5.9334e-013	0.
3460.	6.4916e-013	0.	6.4916e-013	0.
3464.	7.1667e-013	0.	7.1667e-013	0.
3468.	8.0002e-013	0.	8.0002e-013	0.
3472.	9.0549e-013	0.	9.0549e-013	0.
3476.	1.0433e-012	0.	1.0433e-012	0.
3480.	1.2311e-012	0.	1.2311e-012	0.
3484.	1.5025e-012	0.	1.5025e-012	0.
3488.	1.9302e-012	0.	1.9302e-012	0.
3492.	2.7082e-012	0.	2.7082e-012	0.
3496.	4.6013e-012	0.	4.6013e-012	0.
3500.	1.826e-011	0.	1.826e-011	0.
3504.	3.3636e-012	180.	-3.3636e-012	0.
3508.	6.7341e-012	180.	-6.7341e-012	0.
3512.	3.0937e-012	180.	-3.0937e-012	0.
3516.	2.0929e-012	180.	-2.0929e-012	0.
3520.	1.5921e-012	180.	-1.5921e-012	0.
3524.	1.2872e-012	180.	-1.2872e-012	0.
3528.	1.0812e-012	180.	-1.0812e-012	0.
3532.	9.3229e-013	180.	-9.3229e-013	0.
3536.	8.1955e-013	180.	-8.1955e-013	0.
3540.	7.3121e-013	180.	-7.3121e-013	0.
3544.	6.6005e-013	180.	-6.6005e-013	0.
3548.	6.0151e-013	180.	-6.0151e-013	0.
3552.	5.5251e-013	180.	-5.5251e-013	0.
3556.	5.1087e-013	180.	-5.1087e-013	0.
3560.	4.7507e-013	180.	-4.7507e-013	0.
3564.	4.4393e-013	180.	-4.4393e-013	0.
3568.	4.1662e-013	180.	-4.1662e-013	0.
3572.	3.9246e-013	180.	-3.9246e-013	0.
3576.	3.7094e-013	180.	-3.7094e-013	0.
3580.	3.5164e-013	180.	-3.5164e-013	0.
3584.	3.3425e-013	180.	-3.3425e-013	0.
3588.	3.1849e-013	180.	-3.1849e-013	0.
3592.	3.0414e-013	180.	-3.0414e-013	0.
3596.	2.9102e-013	180.	-2.9102e-013	0.
3600.	2.7898e-013	180.	-2.7898e-013	0.
3604.	2.6789e-013	180.	-2.6789e-013	0.
3608.	2.5764e-013	180.	-2.5764e-013	0.
3612.	2.4814e-013	180.	-2.4814e-013	0.
3616.	2.3932e-013	180.	-2.3932e-013	0.
3620.	2.3109e-013	180.	-2.3109e-013	0.
3624.	2.2341e-013	180.	-2.2341e-013	0.
3628.	2.1622e-013	180.	-2.1622e-013	0.
3632.	2.0948e-013	180.	-2.0948e-013	0.
3636.	2.0313e-013	180.	-2.0313e-013	0.
3640.	1.9716e-013	180.	-1.9716e-013	0.
3644.	1.9153e-013	180.	-1.9153e-013	0.
3648.	1.8621e-013	180.	-1.8621e-013	0.
3652.	1.8117e-013	180.	-1.8117e-013	0.
3656.	1.764e-013	180.	-1.764e-013	0.
3660.	1.7187e-013	180.	-1.7187e-013	0.
3664.	1.6756e-013	180.	-1.6756e-013	0.
3668.	1.6346e-013	180.	-1.6346e-013	0.
3672.	1.5956e-013	180.	-1.5956e-013	0.
3676.	1.5584e-013	180.	-1.5584e-013	0.
3680.	1.5228e-013	180.	-1.5228e-013	0.
3684.	1.4889e-013	180.	-1.4889e-013	0.
3688.	1.4564e-013	180.	-1.4564e-013	0.
3692.	1.4253e-013	180.	-1.4253e-013	0.
3696.	1.3954e-013	180.	-1.3954e-013	0.
3700.	1.3668e-013	180.	-1.3668e-013	0.
3704.	1.3393e-013	180.	-1.3393e-013	0.
3708.	1.3129e-013	180.	-1.3129e-013	0.
3712.	1.2875e-013	180.	-1.2875e-013	0.
3716.	1.2631e-013	180.	-1.2631e-013	0.
3720.	1.2396e-013	180.	-1.2396e-013	0.
3724.	1.2169e-013	180.	-1.2169e-013	0.
3728.	1.195e-013	180.	-1.195e-013	0.
3732.	1.1739e-013	180.	-1.1739e-013	0.
3736.	1.1536e-013	180.	-1.1536e-013	0.
3740.	1.1339e-013	180.	-1.1339e-013	0.
3744.	1.1148e-013	180.	-1.1148e-013	0.
3748.	1.0964e-013	180.	-1.0964e-013	0.
3752.	1.0786e-013	180.	-1.0786e-013	0.
3756.	1.0614e-013	180.	-1.0614e-013	0.
3760.	1.0447e-013	180.	-1.0447e-013	0.
3764.	1.0285e-013	180.	-1.0285e-013	0.
3768.	1.0128e-013	180.	-1.0128e-013	0.
3772.	9.976e-014	180.	-9.976e-014	0.
3776.	9.8282e-014	180.	-9.8282e-014	0.
3780.	9.6848e-014	180.	-9.6848e-014	0.
3784.	9.5453e-014	180.	-9.5453e-014	0.
3788.	9.4099e-014	180.	-9.4099e-014	0.
3792.	9.2783e-014	180.	-9.2783e-014	0.
3796.	9.1502e-014	180.	-9.1502e-014	0.
3800.	9.0258e-014	180.	-9.0258e-014	0.
3804.	8.9049e-014	180.	-8.9049e-014	0.
3808.	8.7868e-014	180.	-8.7868e-014	0.
3812.	8.672e-014	180.	-8.672e-014	0.
3816.	8.5601e-014	180.	-8.5601e-014	0.
3820.	8.4512e-014	180.	-8.4512e-014	0.
3824.	8.3449e-014	180.	-8.3449e-014	0.
3828.	8.2413e-014	180.	-8.2413e-014	0.
3832.	8.1404e-014	180.	-8.1404e-014	0.
3836.	8.0416e-014	180.	-8.0416e-014	0.
3840.	7.9456e-014	180.	-7.9456e-014	0.
3844.	7.8515e-014	180.	-7.8515e-014	0.
3848.	7.7598e-014	180.	-7.7598e-014	0.
3852.	7.6704e-014	180.	-7.6704e-014	0.
3856.	7.5831e-014	180.	-7.5831e-014	0.
3860.	7.4975e-014	180.	-7.4975e-014	0.
3864.	7.4139e-014	180.	-7.4139e-014	0.
3868.	7.3322e-014	180.	-7.3322e-014	0.
3872.	7.2525e-014	180.	-7.2525e-014	0.
3876.	7.1744e-014	180.	-7.1744e-014	0.
3880.	7.0979e-014	180.	-7.0979e-014	0.
3884.	7.0231e-014	180.	-7.0231e-014	0.
3888.	6.9499e-014	180.	-6.9499e-014	0.
3892.	6.8784e-014	180.	-6.8784e-014	0.
3896.	6.8083e-014	180.	-6.8083e-014	0.
3900.	6.7395e-014	180.	-6.7395e-014	0.
3904.	6.6724e-014	180.	-6.6724e-014	0.
3908.	6.6065e-014	180.	-6.6065e-014	0.
3912.	6.542e-014	180.	-6.542e-014	0.
3916.	6.4788e-014	180.	-6.4788e-014	0.
3920.	6.4167e-014	180.	-6.4167e-014	0.
3924.	6.356e-014	180.	-6.356e-014	0.
3928.	6.2964e-014	180.	-6.2964e-014	0.
3932.	6.238e-014	180.	-6.238e-014	0.
3936.	6.1806e-014	180.	-6.1806e-014	0.
3940.	6.1244e-014	180.	-6.1244e-014	0.
3944.	6.0693e-014	180.	-6.0693e-014	0.
3948.	6.0152e-014	180.	-6.0152e-014	0.
3952.	5.962e-014	180.	-5.962e-014	0.
3956.	5.91e-014	180.	-5.91e-014	0.
3960.	5.8588e-014	180.	-5.8588e-014	0.
3964.	5.8086e-014	180.	-5.8086e-014	0.
3968.	5.7591e-014	180.	-5.7591e-014	0.
3972.	5.7109e-014	180.	-5.7109e-014	0.
3976.	5.6632e-014	180.	-5.6632e-014	0.
3980.	5.6165e-014	180.	-5.6165e-014	0.
3984.	5.5706e-014	180.	-5.5706e-014	0.
3988.	5.5256e-014	180.	-5.5256e-014	0.
3992.	5.4812e-014	180.	-5.4812e-014	0.
3996.	5.4376e-014	180.	-5.4376e-014	0.
4000.	5.3948e-014	180.	-5.3948e-014	0.
