é¸îgêî (Hz)	êUïù (mm)	à ëääp (ìx)	é¿ïî (mm)	ãïïî (mm)
4.	2.5444e-010	0.	2.5444e-010	0.
8.	2.5444e-010	0.	2.5444e-010	0.
12.	2.5445e-010	0.	2.5445e-010	0.
16.	2.5446e-010	0.	2.5446e-010	0.
20.	2.5446e-010	0.	2.5446e-010	0.
24.	2.5447e-010	0.	2.5447e-010	0.
28.	2.5449e-010	0.	2.5449e-010	0.
32.	2.545e-010	0.	2.545e-010	0.
36.	2.5452e-010	0.	2.5452e-010	0.
40.	2.5454e-010	0.	2.5454e-010	0.
44.	2.5456e-010	0.	2.5456e-010	0.
48.	2.5458e-010	0.	2.5458e-010	0.
52.	2.546e-010	0.	2.546e-010	0.
56.	2.5463e-010	0.	2.5463e-010	0.
60.	2.5466e-010	0.	2.5466e-010	0.
64.	2.5469e-010	0.	2.5469e-010	0.
68.	2.5472e-010	0.	2.5472e-010	0.
72.	2.5476e-010	0.	2.5476e-010	0.
76.	2.5479e-010	0.	2.5479e-010	0.
80.	2.5483e-010	0.	2.5483e-010	0.
84.	2.5487e-010	0.	2.5487e-010	0.
88.	2.5491e-010	0.	2.5491e-010	0.
92.	2.5496e-010	0.	2.5496e-010	0.
96.	2.55e-010	0.	2.55e-010	0.
100.	2.5505e-010	0.	2.5505e-010	0.
104.	2.551e-010	0.	2.551e-010	0.
108.	2.5515e-010	0.	2.5515e-010	0.
112.	2.5521e-010	0.	2.5521e-010	0.
116.	2.5526e-010	0.	2.5526e-010	0.
120.	2.5532e-010	0.	2.5532e-010	0.
124.	2.5538e-010	0.	2.5538e-010	0.
128.	2.5544e-010	0.	2.5544e-010	0.
132.	2.5551e-010	0.	2.5551e-010	0.
136.	2.5557e-010	0.	2.5557e-010	0.
140.	2.5564e-010	0.	2.5564e-010	0.
144.	2.5571e-010	0.	2.5571e-010	0.
148.	2.5578e-010	0.	2.5578e-010	0.
152.	2.5586e-010	0.	2.5586e-010	0.
156.	2.5593e-010	0.	2.5593e-010	0.
160.	2.5601e-010	0.	2.5601e-010	0.
164.	2.5609e-010	0.	2.5609e-010	0.
168.	2.5617e-010	0.	2.5617e-010	0.
172.	2.5626e-010	0.	2.5626e-010	0.
176.	2.5634e-010	0.	2.5634e-010	0.
180.	2.5643e-010	0.	2.5643e-010	0.
184.	2.5652e-010	0.	2.5652e-010	0.
188.	2.5661e-010	0.	2.5661e-010	0.
192.	2.5671e-010	0.	2.5671e-010	0.
196.	2.568e-010	0.	2.568e-010	0.
200.	2.569e-010	0.	2.569e-010	0.
204.	2.57e-010	0.	2.57e-010	0.
208.	2.571e-010	0.	2.571e-010	0.
212.	2.5721e-010	0.	2.5721e-010	0.
216.	2.5731e-010	0.	2.5731e-010	0.
220.	2.5742e-010	0.	2.5742e-010	0.
224.	2.5753e-010	0.	2.5753e-010	0.
228.	2.5765e-010	0.	2.5765e-010	0.
232.	2.5776e-010	0.	2.5776e-010	0.
236.	2.5788e-010	0.	2.5788e-010	0.
240.	2.58e-010	0.	2.58e-010	0.
244.	2.5812e-010	0.	2.5812e-010	0.
248.	2.5824e-010	0.	2.5824e-010	0.
252.	2.5837e-010	0.	2.5837e-010	0.
256.	2.585e-010	0.	2.585e-010	0.
260.	2.5863e-010	0.	2.5863e-010	0.
264.	2.5876e-010	0.	2.5876e-010	0.
268.	2.5889e-010	0.	2.5889e-010	0.
272.	2.5903e-010	0.	2.5903e-010	0.
276.	2.5917e-010	0.	2.5917e-010	0.
280.	2.5931e-010	0.	2.5931e-010	0.
284.	2.5945e-010	0.	2.5945e-010	0.
288.	2.596e-010	0.	2.596e-010	0.
292.	2.5974e-010	0.	2.5974e-010	0.
296.	2.5989e-010	0.	2.5989e-010	0.
300.	2.6005e-010	0.	2.6005e-010	0.
304.	2.602e-010	0.	2.602e-010	0.
308.	2.6036e-010	0.	2.6036e-010	0.
312.	2.6051e-010	0.	2.6051e-010	0.
316.	2.6068e-010	0.	2.6068e-010	0.
320.	2.6084e-010	0.	2.6084e-010	0.
324.	2.61e-010	0.	2.61e-010	0.
328.	2.6117e-010	0.	2.6117e-010	0.
332.	2.6134e-010	0.	2.6134e-010	0.
336.	2.6151e-010	0.	2.6151e-010	0.
340.	2.6169e-010	0.	2.6169e-010	0.
344.	2.6186e-010	0.	2.6186e-010	0.
348.	2.6204e-010	0.	2.6204e-010	0.
352.	2.6222e-010	0.	2.6222e-010	0.
356.	2.6241e-010	0.	2.6241e-010	0.
360.	2.6259e-010	0.	2.6259e-010	0.
364.	2.6278e-010	0.	2.6278e-010	0.
368.	2.6297e-010	0.	2.6297e-010	0.
372.	2.6317e-010	0.	2.6317e-010	0.
376.	2.6336e-010	0.	2.6336e-010	0.
380.	2.6356e-010	0.	2.6356e-010	0.
384.	2.6376e-010	0.	2.6376e-010	0.
388.	2.6396e-010	0.	2.6396e-010	0.
392.	2.6417e-010	0.	2.6417e-010	0.
396.	2.6437e-010	0.	2.6437e-010	0.
400.	2.6458e-010	0.	2.6458e-010	0.
404.	2.648e-010	0.	2.648e-010	0.
408.	2.6501e-010	0.	2.6501e-010	0.
412.	2.6523e-010	0.	2.6523e-010	0.
416.	2.6545e-010	0.	2.6545e-010	0.
420.	2.6567e-010	0.	2.6567e-010	0.
424.	2.659e-010	0.	2.659e-010	0.
428.	2.6612e-010	0.	2.6612e-010	0.
432.	2.6635e-010	0.	2.6635e-010	0.
436.	2.6659e-010	0.	2.6659e-010	0.
440.	2.6682e-010	0.	2.6682e-010	0.
444.	2.6706e-010	0.	2.6706e-010	0.
448.	2.673e-010	0.	2.673e-010	0.
452.	2.6754e-010	0.	2.6754e-010	0.
456.	2.6779e-010	0.	2.6779e-010	0.
460.	2.6803e-010	0.	2.6803e-010	0.
464.	2.6828e-010	0.	2.6828e-010	0.
468.	2.6854e-010	0.	2.6854e-010	0.
472.	2.6879e-010	0.	2.6879e-010	0.
476.	2.6905e-010	0.	2.6905e-010	0.
480.	2.6931e-010	0.	2.6931e-010	0.
484.	2.6958e-010	0.	2.6958e-010	0.
488.	2.6985e-010	0.	2.6985e-010	0.
492.	2.7012e-010	0.	2.7012e-010	0.
496.	2.7039e-010	0.	2.7039e-010	0.
500.	2.7066e-010	0.	2.7066e-010	0.
504.	2.7094e-010	0.	2.7094e-010	0.
508.	2.7122e-010	0.	2.7122e-010	0.
512.	2.715e-010	0.	2.715e-010	0.
516.	2.7179e-010	0.	2.7179e-010	0.
520.	2.7208e-010	0.	2.7208e-010	0.
524.	2.7237e-010	0.	2.7237e-010	0.
528.	2.7267e-010	0.	2.7267e-010	0.
532.	2.7297e-010	0.	2.7297e-010	0.
536.	2.7327e-010	0.	2.7327e-010	0.
540.	2.7357e-010	0.	2.7357e-010	0.
544.	2.7388e-010	0.	2.7388e-010	0.
548.	2.7419e-010	0.	2.7419e-010	0.
552.	2.745e-010	0.	2.745e-010	0.
556.	2.7482e-010	0.	2.7482e-010	0.
560.	2.7513e-010	0.	2.7513e-010	0.
564.	2.7546e-010	0.	2.7546e-010	0.
568.	2.7578e-010	0.	2.7578e-010	0.
572.	2.7611e-010	0.	2.7611e-010	0.
576.	2.7644e-010	0.	2.7644e-010	0.
580.	2.7677e-010	0.	2.7677e-010	0.
584.	2.7711e-010	0.	2.7711e-010	0.
588.	2.7745e-010	0.	2.7745e-010	0.
592.	2.778e-010	0.	2.778e-010	0.
596.	2.7814e-010	0.	2.7814e-010	0.
600.	2.7849e-010	0.	2.7849e-010	0.
604.	2.7885e-010	0.	2.7885e-010	0.
608.	2.792e-010	0.	2.792e-010	0.
612.	2.7956e-010	0.	2.7956e-010	0.
616.	2.7993e-010	0.	2.7993e-010	0.
620.	2.803e-010	0.	2.803e-010	0.
624.	2.8067e-010	0.	2.8067e-010	0.
628.	2.8104e-010	0.	2.8104e-010	0.
632.	2.8142e-010	0.	2.8142e-010	0.
636.	2.818e-010	0.	2.818e-010	0.
640.	2.8218e-010	0.	2.8218e-010	0.
644.	2.8257e-010	0.	2.8257e-010	0.
648.	2.8296e-010	0.	2.8296e-010	0.
652.	2.8335e-010	0.	2.8335e-010	0.
656.	2.8375e-010	0.	2.8375e-010	0.
660.	2.8415e-010	0.	2.8415e-010	0.
664.	2.8456e-010	0.	2.8456e-010	0.
668.	2.8497e-010	0.	2.8497e-010	0.
672.	2.8538e-010	0.	2.8538e-010	0.
676.	2.858e-010	0.	2.858e-010	0.
680.	2.8622e-010	0.	2.8622e-010	0.
684.	2.8664e-010	0.	2.8664e-010	0.
688.	2.8707e-010	0.	2.8707e-010	0.
692.	2.875e-010	0.	2.875e-010	0.
696.	2.8794e-010	0.	2.8794e-010	0.
700.	2.8838e-010	0.	2.8838e-010	0.
704.	2.8882e-010	0.	2.8882e-010	0.
708.	2.8927e-010	0.	2.8927e-010	0.
712.	2.8972e-010	0.	2.8972e-010	0.
716.	2.9017e-010	0.	2.9017e-010	0.
720.	2.9063e-010	0.	2.9063e-010	0.
724.	2.911e-010	0.	2.911e-010	0.
728.	2.9156e-010	0.	2.9156e-010	0.
732.	2.9203e-010	0.	2.9203e-010	0.
736.	2.9251e-010	0.	2.9251e-010	0.
740.	2.9299e-010	0.	2.9299e-010	0.
744.	2.9348e-010	0.	2.9348e-010	0.
748.	2.9396e-010	0.	2.9396e-010	0.
752.	2.9446e-010	0.	2.9446e-010	0.
756.	2.9495e-010	0.	2.9495e-010	0.
760.	2.9546e-010	0.	2.9546e-010	0.
764.	2.9596e-010	0.	2.9596e-010	0.
768.	2.9647e-010	0.	2.9647e-010	0.
772.	2.9699e-010	0.	2.9699e-010	0.
776.	2.9751e-010	0.	2.9751e-010	0.
780.	2.9803e-010	0.	2.9803e-010	0.
784.	2.9856e-010	0.	2.9856e-010	0.
788.	2.9909e-010	0.	2.9909e-010	0.
792.	2.9963e-010	0.	2.9963e-010	0.
796.	3.0018e-010	0.	3.0018e-010	0.
800.	3.0072e-010	0.	3.0072e-010	0.
804.	3.0128e-010	0.	3.0128e-010	0.
808.	3.0184e-010	0.	3.0184e-010	0.
812.	3.024e-010	0.	3.024e-010	0.
816.	3.0297e-010	0.	3.0297e-010	0.
820.	3.0354e-010	0.	3.0354e-010	0.
824.	3.0412e-010	0.	3.0412e-010	0.
828.	3.047e-010	0.	3.047e-010	0.
832.	3.0529e-010	0.	3.0529e-010	0.
836.	3.0588e-010	0.	3.0588e-010	0.
840.	3.0648e-010	0.	3.0648e-010	0.
844.	3.0708e-010	0.	3.0708e-010	0.
848.	3.0769e-010	0.	3.0769e-010	0.
852.	3.0831e-010	0.	3.0831e-010	0.
856.	3.0893e-010	0.	3.0893e-010	0.
860.	3.0955e-010	0.	3.0955e-010	0.
864.	3.1019e-010	0.	3.1019e-010	0.
868.	3.1082e-010	0.	3.1082e-010	0.
872.	3.1147e-010	0.	3.1147e-010	0.
876.	3.1211e-010	0.	3.1211e-010	0.
880.	3.1277e-010	0.	3.1277e-010	0.
884.	3.1343e-010	0.	3.1343e-010	0.
888.	3.141e-010	0.	3.141e-010	0.
892.	3.1477e-010	0.	3.1477e-010	0.
896.	3.1545e-010	0.	3.1545e-010	0.
900.	3.1613e-010	0.	3.1613e-010	0.
904.	3.1682e-010	0.	3.1682e-010	0.
908.	3.1752e-010	0.	3.1752e-010	0.
912.	3.1822e-010	0.	3.1822e-010	0.
916.	3.1893e-010	0.	3.1893e-010	0.
920.	3.1965e-010	0.	3.1965e-010	0.
924.	3.2037e-010	0.	3.2037e-010	0.
928.	3.211e-010	0.	3.211e-010	0.
932.	3.2184e-010	0.	3.2184e-010	0.
936.	3.2258e-010	0.	3.2258e-010	0.
940.	3.2333e-010	0.	3.2333e-010	0.
944.	3.2409e-010	0.	3.2409e-010	0.
948.	3.2485e-010	0.	3.2485e-010	0.
952.	3.2562e-010	0.	3.2562e-010	0.
956.	3.264e-010	0.	3.264e-010	0.
960.	3.2718e-010	0.	3.2718e-010	0.
964.	3.2797e-010	0.	3.2797e-010	0.
968.	3.2877e-010	0.	3.2877e-010	0.
972.	3.2958e-010	0.	3.2958e-010	0.
976.	3.304e-010	0.	3.304e-010	0.
980.	3.3122e-010	0.	3.3122e-010	0.
984.	3.3205e-010	0.	3.3205e-010	0.
988.	3.3289e-010	0.	3.3289e-010	0.
992.	3.3373e-010	0.	3.3373e-010	0.
996.	3.3459e-010	0.	3.3459e-010	0.
1000.	3.3545e-010	0.	3.3545e-010	0.
1004.	3.3632e-010	0.	3.3632e-010	0.
1008.	3.372e-010	0.	3.372e-010	0.
1012.	3.3809e-010	0.	3.3809e-010	0.
1016.	3.3898e-010	0.	3.3898e-010	0.
1020.	3.3988e-010	0.	3.3988e-010	0.
1024.	3.408e-010	0.	3.408e-010	0.
1028.	3.4172e-010	0.	3.4172e-010	0.
1032.	3.4265e-010	0.	3.4265e-010	0.
1036.	3.4359e-010	0.	3.4359e-010	0.
1040.	3.4454e-010	0.	3.4454e-010	0.
1044.	3.455e-010	0.	3.455e-010	0.
1048.	3.4646e-010	0.	3.4646e-010	0.
1052.	3.4744e-010	0.	3.4744e-010	0.
1056.	3.4843e-010	0.	3.4843e-010	0.
1060.	3.4943e-010	0.	3.4943e-010	0.
1064.	3.5043e-010	0.	3.5043e-010	0.
1068.	3.5145e-010	0.	3.5145e-010	0.
1072.	3.5248e-010	0.	3.5248e-010	0.
1076.	3.5351e-010	0.	3.5351e-010	0.
1080.	3.5456e-010	0.	3.5456e-010	0.
1084.	3.5562e-010	0.	3.5562e-010	0.
1088.	3.5669e-010	0.	3.5669e-010	0.
1092.	3.5777e-010	0.	3.5777e-010	0.
1096.	3.5886e-010	0.	3.5886e-010	0.
1100.	3.5996e-010	0.	3.5996e-010	0.
1104.	3.6107e-010	0.	3.6107e-010	0.
1108.	3.622e-010	0.	3.622e-010	0.
1112.	3.6333e-010	0.	3.6333e-010	0.
1116.	3.6448e-010	0.	3.6448e-010	0.
1120.	3.6564e-010	0.	3.6564e-010	0.
1124.	3.6681e-010	0.	3.6681e-010	0.
1128.	3.68e-010	0.	3.68e-010	0.
1132.	3.692e-010	0.	3.692e-010	0.
1136.	3.7041e-010	0.	3.7041e-010	0.
1140.	3.7163e-010	0.	3.7163e-010	0.
1144.	3.7287e-010	0.	3.7287e-010	0.
1148.	3.7411e-010	0.	3.7411e-010	0.
1152.	3.7538e-010	0.	3.7538e-010	0.
1156.	3.7665e-010	0.	3.7665e-010	0.
1160.	3.7794e-010	0.	3.7794e-010	0.
1164.	3.7925e-010	0.	3.7925e-010	0.
1168.	3.8057e-010	0.	3.8057e-010	0.
1172.	3.819e-010	0.	3.819e-010	0.
1176.	3.8325e-010	0.	3.8325e-010	0.
1180.	3.8461e-010	0.	3.8461e-010	0.
1184.	3.8599e-010	0.	3.8599e-010	0.
1188.	3.8738e-010	0.	3.8738e-010	0.
1192.	3.8879e-010	0.	3.8879e-010	0.
1196.	3.9022e-010	0.	3.9022e-010	0.
1200.	3.9166e-010	0.	3.9166e-010	0.
1204.	3.9312e-010	0.	3.9312e-010	0.
1208.	3.9459e-010	0.	3.9459e-010	0.
1212.	3.9608e-010	0.	3.9608e-010	0.
1216.	3.9759e-010	0.	3.9759e-010	0.
1220.	3.9912e-010	0.	3.9912e-010	0.
1224.	4.0066e-010	0.	4.0066e-010	0.
1228.	4.0223e-010	0.	4.0223e-010	0.
1232.	4.0381e-010	0.	4.0381e-010	0.
1236.	4.0541e-010	0.	4.0541e-010	0.
1240.	4.0703e-010	0.	4.0703e-010	0.
1244.	4.0867e-010	0.	4.0867e-010	0.
1248.	4.1032e-010	0.	4.1032e-010	0.
1252.	4.12e-010	0.	4.12e-010	0.
1256.	4.137e-010	0.	4.137e-010	0.
1260.	4.1542e-010	0.	4.1542e-010	0.
1264.	4.1716e-010	0.	4.1716e-010	0.
1268.	4.1893e-010	0.	4.1893e-010	0.
1272.	4.2071e-010	0.	4.2071e-010	0.
1276.	4.2252e-010	0.	4.2252e-010	0.
1280.	4.2435e-010	0.	4.2435e-010	0.
1284.	4.262e-010	0.	4.262e-010	0.
1288.	4.2808e-010	0.	4.2808e-010	0.
1292.	4.2998e-010	0.	4.2998e-010	0.
1296.	4.3191e-010	0.	4.3191e-010	0.
1300.	4.3386e-010	0.	4.3386e-010	0.
1304.	4.3584e-010	0.	4.3584e-010	0.
1308.	4.3784e-010	0.	4.3784e-010	0.
1312.	4.3987e-010	0.	4.3987e-010	0.
1316.	4.4192e-010	0.	4.4192e-010	0.
1320.	4.4401e-010	0.	4.4401e-010	0.
1324.	4.4612e-010	0.	4.4612e-010	0.
1328.	4.4826e-010	0.	4.4826e-010	0.
1332.	4.5043e-010	0.	4.5043e-010	0.
1336.	4.5263e-010	0.	4.5263e-010	0.
1340.	4.5487e-010	0.	4.5487e-010	0.
1344.	4.5713e-010	0.	4.5713e-010	0.
1348.	4.5942e-010	0.	4.5942e-010	0.
1352.	4.6175e-010	0.	4.6175e-010	0.
1356.	4.6411e-010	0.	4.6411e-010	0.
1360.	4.6651e-010	0.	4.6651e-010	0.
1364.	4.6894e-010	0.	4.6894e-010	0.
1368.	4.714e-010	0.	4.714e-010	0.
1372.	4.739e-010	0.	4.739e-010	0.
1376.	4.7644e-010	0.	4.7644e-010	0.
1380.	4.7902e-010	0.	4.7902e-010	0.
1384.	4.8163e-010	0.	4.8163e-010	0.
1388.	4.8429e-010	0.	4.8429e-010	0.
1392.	4.8699e-010	0.	4.8699e-010	0.
1396.	4.8972e-010	0.	4.8972e-010	0.
1400.	4.925e-010	0.	4.925e-010	0.
1404.	4.9533e-010	0.	4.9533e-010	0.
1408.	4.982e-010	0.	4.982e-010	0.
1412.	5.0111e-010	0.	5.0111e-010	0.
1416.	5.0407e-010	0.	5.0407e-010	0.
1420.	5.0708e-010	0.	5.0708e-010	0.
1424.	5.1014e-010	0.	5.1014e-010	0.
1428.	5.1325e-010	0.	5.1325e-010	0.
1432.	5.1641e-010	0.	5.1641e-010	0.
1436.	5.1962e-010	0.	5.1962e-010	0.
1440.	5.2289e-010	0.	5.2289e-010	0.
1444.	5.2622e-010	0.	5.2622e-010	0.
1448.	5.296e-010	0.	5.296e-010	0.
1452.	5.3304e-010	0.	5.3304e-010	0.
1456.	5.3654e-010	0.	5.3654e-010	0.
1460.	5.4011e-010	0.	5.4011e-010	0.
1464.	5.4373e-010	0.	5.4373e-010	0.
1468.	5.4743e-010	0.	5.4743e-010	0.
1472.	5.5119e-010	0.	5.5119e-010	0.
1476.	5.5502e-010	0.	5.5502e-010	0.
1480.	5.5892e-010	0.	5.5892e-010	0.
1484.	5.629e-010	0.	5.629e-010	0.
1488.	5.6695e-010	0.	5.6695e-010	0.
1492.	5.7108e-010	0.	5.7108e-010	0.
1496.	5.7529e-010	0.	5.7529e-010	0.
1500.	5.7959e-010	0.	5.7959e-010	0.
1504.	5.8397e-010	0.	5.8397e-010	0.
1508.	5.8843e-010	0.	5.8843e-010	0.
1512.	5.9299e-010	0.	5.9299e-010	0.
1516.	5.9765e-010	0.	5.9765e-010	0.
1520.	6.024e-010	0.	6.024e-010	0.
1524.	6.0725e-010	0.	6.0725e-010	0.
1528.	6.122e-010	0.	6.122e-010	0.
1532.	6.1726e-010	0.	6.1726e-010	0.
1536.	6.2243e-010	0.	6.2243e-010	0.
1540.	6.2772e-010	0.	6.2772e-010	0.
1544.	6.3312e-010	0.	6.3312e-010	0.
1548.	6.3865e-010	0.	6.3865e-010	0.
1552.	6.4431e-010	0.	6.4431e-010	0.
1556.	6.5009e-010	0.	6.5009e-010	0.
1560.	6.5602e-010	0.	6.5602e-010	0.
1564.	6.6209e-010	0.	6.6209e-010	0.
1568.	6.683e-010	0.	6.683e-010	0.
1572.	6.7467e-010	0.	6.7467e-010	0.
1576.	6.812e-010	0.	6.812e-010	0.
1580.	6.8789e-010	0.	6.8789e-010	0.
1584.	6.9476e-010	0.	6.9476e-010	0.
1588.	7.018e-010	0.	7.018e-010	0.
1592.	7.0903e-010	0.	7.0903e-010	0.
1596.	7.1646e-010	0.	7.1646e-010	0.
1600.	7.2409e-010	0.	7.2409e-010	0.
1604.	7.3194e-010	0.	7.3194e-010	0.
1608.	7.4001e-010	0.	7.4001e-010	0.
1612.	7.4831e-010	0.	7.4831e-010	0.
1616.	7.5685e-010	0.	7.5685e-010	0.
1620.	7.6565e-010	0.	7.6565e-010	0.
1624.	7.7472e-010	0.	7.7472e-010	0.
1628.	7.8406e-010	0.	7.8406e-010	0.
1632.	7.9371e-010	0.	7.9371e-010	0.
1636.	8.0366e-010	0.	8.0366e-010	0.
1640.	8.1394e-010	0.	8.1394e-010	0.
1644.	8.2456e-010	0.	8.2456e-010	0.
1648.	8.3554e-010	0.	8.3554e-010	0.
1652.	8.469e-010	0.	8.469e-010	0.
1656.	8.5867e-010	0.	8.5867e-010	0.
1660.	8.7086e-010	0.	8.7086e-010	0.
1664.	8.8351e-010	0.	8.8351e-010	0.
1668.	8.9664e-010	0.	8.9664e-010	0.
1672.	9.1027e-010	0.	9.1027e-010	0.
1676.	9.2445e-010	0.	9.2445e-010	0.
1680.	9.392e-010	0.	9.392e-010	0.
1684.	9.5457e-010	0.	9.5457e-010	0.
1688.	9.706e-010	0.	9.706e-010	0.
1692.	9.8732e-010	0.	9.8732e-010	0.
1696.	1.0048e-009	0.	1.0048e-009	0.
1700.	1.0231e-009	0.	1.0231e-009	0.
1704.	1.0423e-009	0.	1.0423e-009	0.
1708.	1.0624e-009	0.	1.0624e-009	0.
1712.	1.0835e-009	0.	1.0835e-009	0.
1716.	1.1057e-009	0.	1.1057e-009	0.
1720.	1.1291e-009	0.	1.1291e-009	0.
1724.	1.1538e-009	0.	1.1538e-009	0.
1728.	1.1799e-009	0.	1.1799e-009	0.
1732.	1.2076e-009	0.	1.2076e-009	0.
1736.	1.237e-009	0.	1.237e-009	0.
1740.	1.2682e-009	0.	1.2682e-009	0.
1744.	1.3015e-009	0.	1.3015e-009	0.
1748.	1.3371e-009	0.	1.3371e-009	0.
1752.	1.3753e-009	0.	1.3753e-009	0.
1756.	1.4163e-009	0.	1.4163e-009	0.
1760.	1.4606e-009	0.	1.4606e-009	0.
1764.	1.5085e-009	0.	1.5085e-009	0.
1768.	1.5605e-009	0.	1.5605e-009	0.
1772.	1.6172e-009	0.	1.6172e-009	0.
1776.	1.6794e-009	0.	1.6794e-009	0.
1780.	1.7478e-009	0.	1.7478e-009	0.
1784.	1.8236e-009	0.	1.8236e-009	0.
1788.	1.908e-009	0.	1.908e-009	0.
1792.	2.0026e-009	0.	2.0026e-009	0.
1796.	2.1096e-009	0.	2.1096e-009	0.
1800.	2.2317e-009	0.	2.2317e-009	0.
1804.	2.3724e-009	0.	2.3724e-009	0.
1808.	2.5364e-009	0.	2.5364e-009	0.
1812.	2.7303e-009	0.	2.7303e-009	0.
1816.	2.9634e-009	0.	2.9634e-009	0.
1820.	3.2491e-009	0.	3.2491e-009	0.
1824.	3.6082e-009	0.	3.6082e-009	0.
1828.	4.0737e-009	0.	4.0737e-009	0.
1832.	4.7021e-009	0.	4.7021e-009	0.
1836.	5.5987e-009	0.	5.5987e-009	0.
1840.	6.9845e-009	0.	6.9845e-009	0.
1844.	9.4155e-009	0.	9.4155e-009	0.
1848.	1.4806e-008	0.	1.4806e-008	0.
1852.	3.7073e-008	0.	3.7073e-008	0.
1856.	6.3592e-008	180.	-6.3592e-008	0.
1860.	1.6438e-008	180.	-1.6438e-008	0.
1864.	9.2015e-009	180.	-9.2015e-009	0.
1868.	6.264e-009	180.	-6.264e-009	0.
1872.	4.6685e-009	180.	-4.6685e-009	0.
1876.	3.6641e-009	180.	-3.6641e-009	0.
1880.	2.9719e-009	180.	-2.9719e-009	0.
1884.	2.4643e-009	180.	-2.4643e-009	0.
1888.	2.0751e-009	180.	-2.0751e-009	0.
1892.	1.7661e-009	180.	-1.7661e-009	0.
1896.	1.514e-009	180.	-1.514e-009	0.
1900.	1.3035e-009	180.	-1.3035e-009	0.
1904.	1.1243e-009	180.	-1.1243e-009	0.
1908.	9.6939e-010	180.	-9.6939e-010	0.
1912.	8.3339e-010	180.	-8.3339e-010	0.
1916.	7.1248e-010	180.	-7.1248e-010	0.
1920.	6.0371e-010	180.	-6.0371e-010	0.
1924.	5.0479e-010	180.	-5.0479e-010	0.
1928.	4.1393e-010	180.	-4.1393e-010	0.
1932.	3.2967e-010	180.	-3.2967e-010	0.
1936.	2.5083e-010	180.	-2.5083e-010	0.
1940.	1.7642e-010	180.	-1.7642e-010	0.
1944.	1.0562e-010	180.	-1.0562e-010	0.
1948.	3.7704e-011	180.	-3.7704e-011	0.
1952.	2.7959e-011	0.	2.7959e-011	0.
1956.	9.1929e-011	0.	9.1929e-011	0.
1960.	1.5472e-010	0.	1.5472e-010	0.
1964.	2.1681e-010	0.	2.1681e-010	0.
1968.	2.7866e-010	0.	2.7866e-010	0.
1972.	3.4071e-010	0.	3.4071e-010	0.
1976.	4.0342e-010	0.	4.0342e-010	0.
1980.	4.6724e-010	0.	4.6724e-010	0.
1984.	5.3267e-010	0.	5.3267e-010	0.
1988.	6.0022e-010	0.	6.0022e-010	0.
1992.	6.7046e-010	0.	6.7046e-010	0.
1996.	7.4403e-010	0.	7.4403e-010	0.
2000.	8.2167e-010	0.	8.2167e-010	0.
2004.	9.042e-010	0.	9.042e-010	0.
2008.	9.9264e-010	0.	9.9264e-010	0.
2012.	1.0882e-009	0.	1.0882e-009	0.
2016.	1.1922e-009	0.	1.1922e-009	0.
2020.	1.3065e-009	0.	1.3065e-009	0.
2024.	1.4334e-009	0.	1.4334e-009	0.
2028.	1.5756e-009	0.	1.5756e-009	0.
2032.	1.7367e-009	0.	1.7367e-009	0.
2036.	1.9218e-009	0.	1.9218e-009	0.
2040.	2.1372e-009	0.	2.1372e-009	0.
2044.	2.3922e-009	0.	2.3922e-009	0.
2048.	2.6997e-009	0.	2.6997e-009	0.
2052.	3.0792e-009	0.	3.0792e-009	0.
2056.	3.5608e-009	0.	3.5608e-009	0.
2060.	4.194e-009	0.	4.194e-009	0.
2064.	5.0664e-009	0.	5.0664e-009	0.
2068.	6.3485e-009	0.	6.3485e-009	0.
2072.	8.4236e-009	0.	8.4236e-009	0.
2076.	1.2369e-008	0.	1.2369e-008	0.
2080.	2.282e-008	0.	2.282e-008	0.
2084.	1.3411e-007	0.	1.3411e-007	0.
2088.	3.574e-008	180.	-3.574e-008	0.
2092.	1.5871e-008	180.	-1.5871e-008	0.
2096.	1.0258e-008	180.	-1.0258e-008	0.
2100.	7.6058e-009	180.	-7.6058e-009	0.
2104.	6.0588e-009	180.	-6.0588e-009	0.
2108.	5.0444e-009	180.	-5.0444e-009	0.
2112.	4.3271e-009	180.	-4.3271e-009	0.
2116.	3.7927e-009	180.	-3.7927e-009	0.
2120.	3.3788e-009	180.	-3.3788e-009	0.
2124.	3.0484e-009	180.	-3.0484e-009	0.
2128.	2.7785e-009	180.	-2.7785e-009	0.
2132.	2.5535e-009	180.	-2.5535e-009	0.
2136.	2.3631e-009	180.	-2.3631e-009	0.
2140.	2.1996e-009	180.	-2.1996e-009	0.
2144.	2.0578e-009	180.	-2.0578e-009	0.
2148.	1.9334e-009	180.	-1.9334e-009	0.
2152.	1.8234e-009	180.	-1.8234e-009	0.
2156.	1.7253e-009	180.	-1.7253e-009	0.
2160.	1.6374e-009	180.	-1.6374e-009	0.
2164.	1.5579e-009	180.	-1.5579e-009	0.
2168.	1.4858e-009	180.	-1.4858e-009	0.
2172.	1.4201e-009	180.	-1.4201e-009	0.
2176.	1.3598e-009	180.	-1.3598e-009	0.
2180.	1.3044e-009	180.	-1.3044e-009	0.
2184.	1.2532e-009	180.	-1.2532e-009	0.
2188.	1.2057e-009	180.	-1.2057e-009	0.
2192.	1.1616e-009	180.	-1.1616e-009	0.
2196.	1.1205e-009	180.	-1.1205e-009	0.
2200.	1.0821e-009	180.	-1.0821e-009	0.
2204.	1.046e-009	180.	-1.046e-009	0.
2208.	1.0122e-009	180.	-1.0122e-009	0.
2212.	9.8034e-010	180.	-9.8034e-010	0.
2216.	9.5029e-010	180.	-9.5029e-010	0.
2220.	9.2188e-010	180.	-9.2188e-010	0.
2224.	8.9499e-010	180.	-8.9499e-010	0.
2228.	8.6947e-010	180.	-8.6947e-010	0.
2232.	8.4524e-010	180.	-8.4524e-010	0.
2236.	8.2217e-010	180.	-8.2217e-010	0.
2240.	8.002e-010	180.	-8.002e-010	0.
2244.	7.7923e-010	180.	-7.7923e-010	0.
2248.	7.592e-010	180.	-7.592e-010	0.
2252.	7.4003e-010	180.	-7.4003e-010	0.
2256.	7.2168e-010	180.	-7.2168e-010	0.
2260.	7.0408e-010	180.	-7.0408e-010	0.
2264.	6.872e-010	180.	-6.872e-010	0.
2268.	6.7097e-010	180.	-6.7097e-010	0.
2272.	6.5536e-010	180.	-6.5536e-010	0.
2276.	6.4034e-010	180.	-6.4034e-010	0.
2280.	6.2587e-010	180.	-6.2587e-010	0.
2284.	6.1191e-010	180.	-6.1191e-010	0.
2288.	5.9844e-010	180.	-5.9844e-010	0.
2292.	5.8543e-010	180.	-5.8543e-010	0.
2296.	5.7286e-010	180.	-5.7286e-010	0.
2300.	5.6069e-010	180.	-5.6069e-010	0.
2304.	5.4892e-010	180.	-5.4892e-010	0.
2308.	5.3751e-010	180.	-5.3751e-010	0.
2312.	5.2645e-010	180.	-5.2645e-010	0.
2316.	5.1573e-010	180.	-5.1573e-010	0.
2320.	5.0532e-010	180.	-5.0532e-010	0.
2324.	4.9522e-010	180.	-4.9522e-010	0.
2328.	4.854e-010	180.	-4.854e-010	0.
2332.	4.7585e-010	180.	-4.7585e-010	0.
2336.	4.6656e-010	180.	-4.6656e-010	0.
2340.	4.5753e-010	180.	-4.5753e-010	0.
2344.	4.4873e-010	180.	-4.4873e-010	0.
2348.	4.4015e-010	180.	-4.4015e-010	0.
2352.	4.3179e-010	180.	-4.3179e-010	0.
2356.	4.2365e-010	180.	-4.2365e-010	0.
2360.	4.1569e-010	180.	-4.1569e-010	0.
2364.	4.0793e-010	180.	-4.0793e-010	0.
2368.	4.0036e-010	180.	-4.0036e-010	0.
2372.	3.9295e-010	180.	-3.9295e-010	0.
2376.	3.8572e-010	180.	-3.8572e-010	0.
2380.	3.7865e-010	180.	-3.7865e-010	0.
2384.	3.7173e-010	180.	-3.7173e-010	0.
2388.	3.6496e-010	180.	-3.6496e-010	0.
2392.	3.5834e-010	180.	-3.5834e-010	0.
2396.	3.5185e-010	180.	-3.5185e-010	0.
2400.	3.4549e-010	180.	-3.4549e-010	0.
2404.	3.3927e-010	180.	-3.3927e-010	0.
2408.	3.3316e-010	180.	-3.3316e-010	0.
2412.	3.2718e-010	180.	-3.2718e-010	0.
2416.	3.2131e-010	180.	-3.2131e-010	0.
2420.	3.1555e-010	180.	-3.1555e-010	0.
2424.	3.099e-010	180.	-3.099e-010	0.
2428.	3.0435e-010	180.	-3.0435e-010	0.
2432.	2.9889e-010	180.	-2.9889e-010	0.
2436.	2.9354e-010	180.	-2.9354e-010	0.
2440.	2.8827e-010	180.	-2.8827e-010	0.
2444.	2.831e-010	180.	-2.831e-010	0.
2448.	2.7801e-010	180.	-2.7801e-010	0.
2452.	2.7301e-010	180.	-2.7301e-010	0.
2456.	2.6808e-010	180.	-2.6808e-010	0.
2460.	2.6324e-010	180.	-2.6324e-010	0.
2464.	2.5847e-010	180.	-2.5847e-010	0.
2468.	2.5377e-010	180.	-2.5377e-010	0.
2472.	2.4914e-010	180.	-2.4914e-010	0.
2476.	2.4458e-010	180.	-2.4458e-010	0.
2480.	2.4009e-010	180.	-2.4009e-010	0.
2484.	2.3566e-010	180.	-2.3566e-010	0.
2488.	2.313e-010	180.	-2.313e-010	0.
2492.	2.2699e-010	180.	-2.2699e-010	0.
2496.	2.2274e-010	180.	-2.2274e-010	0.
2500.	2.1855e-010	180.	-2.1855e-010	0.
2504.	2.1442e-010	180.	-2.1442e-010	0.
2508.	2.1033e-010	180.	-2.1033e-010	0.
2512.	2.063e-010	180.	-2.063e-010	0.
2516.	2.0232e-010	180.	-2.0232e-010	0.
2520.	1.9838e-010	180.	-1.9838e-010	0.
2524.	1.945e-010	180.	-1.945e-010	0.
2528.	1.9065e-010	180.	-1.9065e-010	0.
2532.	1.8686e-010	180.	-1.8686e-010	0.
2536.	1.831e-010	180.	-1.831e-010	0.
2540.	1.7938e-010	180.	-1.7938e-010	0.
2544.	1.7571e-010	180.	-1.7571e-010	0.
2548.	1.7207e-010	180.	-1.7207e-010	0.
2552.	1.6847e-010	180.	-1.6847e-010	0.
2556.	1.6491e-010	180.	-1.6491e-010	0.
2560.	1.6138e-010	180.	-1.6138e-010	0.
2564.	1.5789e-010	180.	-1.5789e-010	0.
2568.	1.5443e-010	180.	-1.5443e-010	0.
2572.	1.51e-010	180.	-1.51e-010	0.
2576.	1.4761e-010	180.	-1.4761e-010	0.
2580.	1.4424e-010	180.	-1.4424e-010	0.
2584.	1.409e-010	180.	-1.409e-010	0.
2588.	1.3759e-010	180.	-1.3759e-010	0.
2592.	1.3431e-010	180.	-1.3431e-010	0.
2596.	1.3105e-010	180.	-1.3105e-010	0.
2600.	1.2782e-010	180.	-1.2782e-010	0.
2604.	1.2461e-010	180.	-1.2461e-010	0.
2608.	1.2143e-010	180.	-1.2143e-010	0.
2612.	1.1827e-010	180.	-1.1827e-010	0.
2616.	1.1513e-010	180.	-1.1513e-010	0.
2620.	1.1201e-010	180.	-1.1201e-010	0.
2624.	1.0892e-010	180.	-1.0892e-010	0.
2628.	1.0584e-010	180.	-1.0584e-010	0.
2632.	1.0278e-010	180.	-1.0278e-010	0.
2636.	9.9741e-011	180.	-9.9741e-011	0.
2640.	9.672e-011	180.	-9.672e-011	0.
2644.	9.3714e-011	180.	-9.3714e-011	0.
2648.	9.0726e-011	180.	-9.0726e-011	0.
2652.	8.7752e-011	180.	-8.7752e-011	0.
2656.	8.4794e-011	180.	-8.4794e-011	0.
2660.	8.185e-011	180.	-8.185e-011	0.
2664.	7.8919e-011	180.	-7.8919e-011	0.
2668.	7.6001e-011	180.	-7.6001e-011	0.
2672.	7.3096e-011	180.	-7.3096e-011	0.
2676.	7.0203e-011	180.	-7.0203e-011	0.
2680.	6.732e-011	180.	-6.732e-011	0.
2684.	6.4448e-011	180.	-6.4448e-011	0.
2688.	6.1586e-011	180.	-6.1586e-011	0.
2692.	5.8734e-011	180.	-5.8734e-011	0.
2696.	5.589e-011	180.	-5.589e-011	0.
2700.	5.3054e-011	180.	-5.3054e-011	0.
2704.	5.0226e-011	180.	-5.0226e-011	0.
2708.	4.7405e-011	180.	-4.7405e-011	0.
2712.	4.4591e-011	180.	-4.4591e-011	0.
2716.	4.1782e-011	180.	-4.1782e-011	0.
2720.	3.8979e-011	180.	-3.8979e-011	0.
2724.	3.6181e-011	180.	-3.6181e-011	0.
2728.	3.3387e-011	180.	-3.3387e-011	0.
2732.	3.0597e-011	180.	-3.0597e-011	0.
2736.	2.781e-011	180.	-2.781e-011	0.
2740.	2.5026e-011	180.	-2.5026e-011	0.
2744.	2.2244e-011	180.	-2.2244e-011	0.
2748.	1.9464e-011	180.	-1.9464e-011	0.
2752.	1.6685e-011	180.	-1.6685e-011	0.
2756.	1.3907e-011	180.	-1.3907e-011	0.
2760.	1.1129e-011	180.	-1.1129e-011	0.
2764.	8.3502e-012	180.	-8.3502e-012	0.
2768.	5.5707e-012	180.	-5.5707e-012	0.
2772.	2.7896e-012	180.	-2.7896e-012	0.
2776.	6.6158e-015	180.	-6.6158e-015	0.
2780.	2.7789e-012	0.	2.7789e-012	0.
2784.	5.5675e-012	0.	5.5675e-012	0.
2788.	8.3596e-012	0.	8.3596e-012	0.
2792.	1.1156e-011	0.	1.1156e-011	0.
2796.	1.3957e-011	0.	1.3957e-011	0.
2800.	1.6763e-011	0.	1.6763e-011	0.
2804.	1.9574e-011	0.	1.9574e-011	0.
2808.	2.2392e-011	0.	2.2392e-011	0.
2812.	2.5217e-011	0.	2.5217e-011	0.
2816.	2.8049e-011	0.	2.8049e-011	0.
2820.	3.0889e-011	0.	3.0889e-011	0.
2824.	3.3738e-011	0.	3.3738e-011	0.
2828.	3.6595e-011	0.	3.6595e-011	0.
2832.	3.9462e-011	0.	3.9462e-011	0.
2836.	4.2339e-011	0.	4.2339e-011	0.
2840.	4.5227e-011	0.	4.5227e-011	0.
2844.	4.8126e-011	0.	4.8126e-011	0.
2848.	5.1037e-011	0.	5.1037e-011	0.
2852.	5.3961e-011	0.	5.3961e-011	0.
2856.	5.6898e-011	0.	5.6898e-011	0.
2860.	5.9848e-011	0.	5.9848e-011	0.
2864.	6.2813e-011	0.	6.2813e-011	0.
2868.	6.5793e-011	0.	6.5793e-011	0.
2872.	6.8788e-011	0.	6.8788e-011	0.
2876.	7.18e-011	0.	7.18e-011	0.
2880.	7.4829e-011	0.	7.4829e-011	0.
2884.	7.7875e-011	0.	7.7875e-011	0.
2888.	8.0939e-011	0.	8.0939e-011	0.
2892.	8.4023e-011	0.	8.4023e-011	0.
2896.	8.7126e-011	0.	8.7126e-011	0.
2900.	9.025e-011	0.	9.025e-011	0.
2904.	9.3395e-011	0.	9.3395e-011	0.
2908.	9.6561e-011	0.	9.6561e-011	0.
2912.	9.9751e-011	0.	9.9751e-011	0.
2916.	1.0296e-010	0.	1.0296e-010	0.
2920.	1.062e-010	0.	1.062e-010	0.
2924.	1.0946e-010	0.	1.0946e-010	0.
2928.	1.1275e-010	0.	1.1275e-010	0.
2932.	1.1607e-010	0.	1.1607e-010	0.
2936.	1.1941e-010	0.	1.1941e-010	0.
2940.	1.2278e-010	0.	1.2278e-010	0.
2944.	1.2618e-010	0.	1.2618e-010	0.
2948.	1.2961e-010	0.	1.2961e-010	0.
2952.	1.3307e-010	0.	1.3307e-010	0.
2956.	1.3657e-010	0.	1.3657e-010	0.
2960.	1.4009e-010	0.	1.4009e-010	0.
2964.	1.4365e-010	0.	1.4365e-010	0.
2968.	1.4725e-010	0.	1.4725e-010	0.
2972.	1.5089e-010	0.	1.5089e-010	0.
2976.	1.5456e-010	0.	1.5456e-010	0.
2980.	1.5827e-010	0.	1.5827e-010	0.
2984.	1.6202e-010	0.	1.6202e-010	0.
2988.	1.6581e-010	0.	1.6581e-010	0.
2992.	1.6964e-010	0.	1.6964e-010	0.
2996.	1.7351e-010	0.	1.7351e-010	0.
3000.	1.7744e-010	0.	1.7744e-010	0.
3004.	1.814e-010	0.	1.814e-010	0.
3008.	1.8542e-010	0.	1.8542e-010	0.
3012.	1.8948e-010	0.	1.8948e-010	0.
3016.	1.936e-010	0.	1.936e-010	0.
3020.	1.9776e-010	0.	1.9776e-010	0.
3024.	2.0198e-010	0.	2.0198e-010	0.
3028.	2.0626e-010	0.	2.0626e-010	0.
3032.	2.1059e-010	0.	2.1059e-010	0.
3036.	2.1498e-010	0.	2.1498e-010	0.
3040.	2.1943e-010	0.	2.1943e-010	0.
3044.	2.2394e-010	0.	2.2394e-010	0.
3048.	2.2852e-010	0.	2.2852e-010	0.
3052.	2.3316e-010	0.	2.3316e-010	0.
3056.	2.3787e-010	0.	2.3787e-010	0.
3060.	2.4265e-010	0.	2.4265e-010	0.
3064.	2.4751e-010	0.	2.4751e-010	0.
3068.	2.5243e-010	0.	2.5243e-010	0.
3072.	2.5744e-010	0.	2.5744e-010	0.
3076.	2.6252e-010	0.	2.6252e-010	0.
3080.	2.6769e-010	0.	2.6769e-010	0.
3084.	2.7294e-010	0.	2.7294e-010	0.
3088.	2.7827e-010	0.	2.7827e-010	0.
3092.	2.837e-010	0.	2.837e-010	0.
3096.	2.8922e-010	0.	2.8922e-010	0.
3100.	2.9484e-010	0.	2.9484e-010	0.
3104.	3.0055e-010	0.	3.0055e-010	0.
3108.	3.0637e-010	0.	3.0637e-010	0.
3112.	3.1229e-010	0.	3.1229e-010	0.
3116.	3.1832e-010	0.	3.1832e-010	0.
3120.	3.2447e-010	0.	3.2447e-010	0.
3124.	3.3073e-010	0.	3.3073e-010	0.
3128.	3.3711e-010	0.	3.3711e-010	0.
3132.	3.4362e-010	0.	3.4362e-010	0.
3136.	3.5025e-010	0.	3.5025e-010	0.
3140.	3.5702e-010	0.	3.5702e-010	0.
3144.	3.6393e-010	0.	3.6393e-010	0.
3148.	3.7098e-010	0.	3.7098e-010	0.
3152.	3.7818e-010	0.	3.7818e-010	0.
3156.	3.8554e-010	0.	3.8554e-010	0.
3160.	3.9305e-010	0.	3.9305e-010	0.
3164.	4.0073e-010	0.	4.0073e-010	0.
3168.	4.0859e-010	0.	4.0859e-010	0.
3172.	4.1662e-010	0.	4.1662e-010	0.
3176.	4.2483e-010	0.	4.2483e-010	0.
3180.	4.3324e-010	0.	4.3324e-010	0.
3184.	4.4186e-010	0.	4.4186e-010	0.
3188.	4.5067e-010	0.	4.5067e-010	0.
3192.	4.5971e-010	0.	4.5971e-010	0.
3196.	4.6897e-010	0.	4.6897e-010	0.
3200.	4.7847e-010	0.	4.7847e-010	0.
3204.	4.8821e-010	0.	4.8821e-010	0.
3208.	4.9821e-010	0.	4.9821e-010	0.
3212.	5.0847e-010	0.	5.0847e-010	0.
3216.	5.1901e-010	0.	5.1901e-010	0.
3220.	5.2984e-010	0.	5.2984e-010	0.
3224.	5.4097e-010	0.	5.4097e-010	0.
3228.	5.5243e-010	0.	5.5243e-010	0.
3232.	5.6421e-010	0.	5.6421e-010	0.
3236.	5.7634e-010	0.	5.7634e-010	0.
3240.	5.8883e-010	0.	5.8883e-010	0.
3244.	6.017e-010	0.	6.017e-010	0.
3248.	6.1497e-010	0.	6.1497e-010	0.
3252.	6.2866e-010	0.	6.2866e-010	0.
3256.	6.428e-010	0.	6.428e-010	0.
3260.	6.5739e-010	0.	6.5739e-010	0.
3264.	6.7247e-010	0.	6.7247e-010	0.
3268.	6.8806e-010	0.	6.8806e-010	0.
3272.	7.042e-010	0.	7.042e-010	0.
3276.	7.209e-010	0.	7.209e-010	0.
3280.	7.3821e-010	0.	7.3821e-010	0.
3284.	7.5615e-010	0.	7.5615e-010	0.
3288.	7.7477e-010	0.	7.7477e-010	0.
3292.	7.9409e-010	0.	7.9409e-010	0.
3296.	8.1418e-010	0.	8.1418e-010	0.
3300.	8.3506e-010	0.	8.3506e-010	0.
3304.	8.568e-010	0.	8.568e-010	0.
3308.	8.7945e-010	0.	8.7945e-010	0.
3312.	9.0306e-010	0.	9.0306e-010	0.
3316.	9.277e-010	0.	9.277e-010	0.
3320.	9.5345e-010	0.	9.5345e-010	0.
3324.	9.8038e-010	0.	9.8038e-010	0.
3328.	1.0086e-009	0.	1.0086e-009	0.
3332.	1.0381e-009	0.	1.0381e-009	0.
3336.	1.0691e-009	0.	1.0691e-009	0.
3340.	1.1017e-009	0.	1.1017e-009	0.
3344.	1.136e-009	0.	1.136e-009	0.
3348.	1.1721e-009	0.	1.1721e-009	0.
3352.	1.2103e-009	0.	1.2103e-009	0.
3356.	1.2506e-009	0.	1.2506e-009	0.
3360.	1.2932e-009	0.	1.2932e-009	0.
3364.	1.3385e-009	0.	1.3385e-009	0.
3368.	1.3866e-009	0.	1.3866e-009	0.
3372.	1.4378e-009	0.	1.4378e-009	0.
3376.	1.4924e-009	0.	1.4924e-009	0.
3380.	1.5509e-009	0.	1.5509e-009	0.
3384.	1.6136e-009	0.	1.6136e-009	0.
3388.	1.6811e-009	0.	1.6811e-009	0.
3392.	1.754e-009	0.	1.754e-009	0.
3396.	1.8329e-009	0.	1.8329e-009	0.
3400.	1.9188e-009	0.	1.9188e-009	0.
3404.	2.0126e-009	0.	2.0126e-009	0.
3408.	2.1157e-009	0.	2.1157e-009	0.
3412.	2.2298e-009	0.	2.2298e-009	0.
3416.	2.3571e-009	0.	2.3571e-009	0.
3420.	2.5008e-009	0.	2.5008e-009	0.
3424.	2.6657e-009	0.	2.6657e-009	0.
3428.	2.8595e-009	0.	2.8595e-009	0.
3432.	3.0974e-009	0.	3.0974e-009	0.
3436.	3.4158e-009	0.	3.4158e-009	0.
3440.	3.9481e-009	0.	3.9481e-009	0.
3444.	6.1647e-009	0.	6.1647e-009	0.
3448.	1.9575e-009	0.	1.9575e-009	0.
3452.	3.3717e-009	0.	3.3717e-009	0.
3456.	4.011e-009	0.	4.011e-009	0.
3460.	4.587e-009	0.	4.587e-009	0.
3464.	5.2167e-009	0.	5.2167e-009	0.
3468.	5.9644e-009	0.	5.9644e-009	0.
3472.	6.9004e-009	0.	6.9004e-009	0.
3476.	8.1283e-009	0.	8.1283e-009	0.
3480.	9.8267e-009	0.	9.8267e-009	0.
3484.	1.2342e-008	0.	1.2342e-008	0.
3488.	1.6456e-008	0.	1.6456e-008	0.
3492.	2.436e-008	0.	2.436e-008	0.
3496.	4.5308e-008	0.	4.5308e-008	0.
3500.	2.2033e-007	0.	2.2033e-007	0.
3504.	1.3071e-007	180.	-1.3071e-007	0.
3508.	4.336e-009	180.	-4.336e-009	0.
3512.	1.3607e-008	180.	-1.3607e-008	0.
3516.	1.1553e-008	180.	-1.1553e-008	0.
3520.	9.6715e-009	180.	-9.6715e-009	0.
3524.	8.257e-009	180.	-8.257e-009	0.
3528.	7.1898e-009	180.	-7.1898e-009	0.
3532.	6.3645e-009	180.	-6.3645e-009	0.
3536.	5.71e-009	180.	-5.71e-009	0.
3540.	5.1795e-009	180.	-5.1795e-009	0.
3544.	4.7413e-009	180.	-4.7413e-009	0.
3548.	4.3734e-009	180.	-4.3734e-009	0.
3552.	4.0604e-009	180.	-4.0604e-009	0.
3556.	3.7909e-009	180.	-3.7909e-009	0.
3560.	3.5564e-009	180.	-3.5564e-009	0.
3564.	3.3506e-009	180.	-3.3506e-009	0.
3568.	3.1685e-009	180.	-3.1685e-009	0.
3572.	3.0063e-009	180.	-3.0063e-009	0.
3576.	2.8609e-009	180.	-2.8609e-009	0.
3580.	2.7297e-009	180.	-2.7297e-009	0.
3584.	2.6109e-009	180.	-2.6109e-009	0.
3588.	2.5028e-009	180.	-2.5028e-009	0.
3592.	2.4039e-009	180.	-2.4039e-009	0.
3596.	2.3131e-009	180.	-2.3131e-009	0.
3600.	2.2296e-009	180.	-2.2296e-009	0.
3604.	2.1523e-009	180.	-2.1523e-009	0.
3608.	2.0808e-009	180.	-2.0808e-009	0.
3612.	2.0143e-009	180.	-2.0143e-009	0.
3616.	1.9524e-009	180.	-1.9524e-009	0.
3620.	1.8945e-009	180.	-1.8945e-009	0.
3624.	1.8404e-009	180.	-1.8404e-009	0.
3628.	1.7896e-009	180.	-1.7896e-009	0.
3632.	1.7418e-009	180.	-1.7418e-009	0.
3636.	1.6969e-009	180.	-1.6969e-009	0.
3640.	1.6545e-009	180.	-1.6545e-009	0.
3644.	1.6144e-009	180.	-1.6144e-009	0.
3648.	1.5765e-009	180.	-1.5765e-009	0.
3652.	1.5406e-009	180.	-1.5406e-009	0.
3656.	1.5065e-009	180.	-1.5065e-009	0.
3660.	1.4741e-009	180.	-1.4741e-009	0.
3664.	1.4433e-009	180.	-1.4433e-009	0.
3668.	1.414e-009	180.	-1.414e-009	0.
3672.	1.386e-009	180.	-1.386e-009	0.
3676.	1.3593e-009	180.	-1.3593e-009	0.
3680.	1.3338e-009	180.	-1.3338e-009	0.
3684.	1.3093e-009	180.	-1.3093e-009	0.
3688.	1.286e-009	180.	-1.286e-009	0.
3692.	1.2636e-009	180.	-1.2636e-009	0.
3696.	1.2421e-009	180.	-1.2421e-009	0.
3700.	1.2215e-009	180.	-1.2215e-009	0.
3704.	1.2016e-009	180.	-1.2016e-009	0.
3708.	1.1826e-009	180.	-1.1826e-009	0.
3712.	1.1643e-009	180.	-1.1643e-009	0.
3716.	1.1466e-009	180.	-1.1466e-009	0.
3720.	1.1296e-009	180.	-1.1296e-009	0.
3724.	1.1132e-009	180.	-1.1132e-009	0.
3728.	1.0974e-009	180.	-1.0974e-009	0.
3732.	1.0822e-009	180.	-1.0822e-009	0.
3736.	1.0674e-009	180.	-1.0674e-009	0.
3740.	1.0532e-009	180.	-1.0532e-009	0.
3744.	1.0394e-009	180.	-1.0394e-009	0.
3748.	1.0261e-009	180.	-1.0261e-009	0.
3752.	1.0132e-009	180.	-1.0132e-009	0.
3756.	1.0007e-009	180.	-1.0007e-009	0.
3760.	9.8864e-010	180.	-9.8864e-010	0.
3764.	9.7692e-010	180.	-9.7692e-010	0.
3768.	9.6556e-010	180.	-9.6556e-010	0.
3772.	9.5454e-010	180.	-9.5454e-010	0.
3776.	9.4385e-010	180.	-9.4385e-010	0.
3780.	9.3347e-010	180.	-9.3347e-010	0.
3784.	9.2339e-010	180.	-9.2339e-010	0.
3788.	9.1359e-010	180.	-9.1359e-010	0.
3792.	9.0408e-010	180.	-9.0408e-010	0.
3796.	8.9482e-010	180.	-8.9482e-010	0.
3800.	8.8583e-010	180.	-8.8583e-010	0.
3804.	8.7707e-010	180.	-8.7707e-010	0.
3808.	8.6855e-010	180.	-8.6855e-010	0.
3812.	8.6026e-010	180.	-8.6026e-010	0.
3816.	8.5219e-010	180.	-8.5219e-010	0.
3820.	8.4433e-010	180.	-8.4433e-010	0.
3824.	8.3667e-010	180.	-8.3667e-010	0.
3828.	8.292e-010	180.	-8.292e-010	0.
3832.	8.2192e-010	180.	-8.2192e-010	0.
3836.	8.1483e-010	180.	-8.1483e-010	0.
3840.	8.0791e-010	180.	-8.0791e-010	0.
3844.	8.0116e-010	180.	-8.0116e-010	0.
3848.	7.9457e-010	180.	-7.9457e-010	0.
3852.	7.8815e-010	180.	-7.8815e-010	0.
3856.	7.8187e-010	180.	-7.8187e-010	0.
3860.	7.7575e-010	180.	-7.7575e-010	0.
3864.	7.6977e-010	180.	-7.6977e-010	0.
3868.	7.6392e-010	180.	-7.6392e-010	0.
3872.	7.5822e-010	180.	-7.5822e-010	0.
3876.	7.5264e-010	180.	-7.5264e-010	0.
3880.	7.4719e-010	180.	-7.4719e-010	0.
3884.	7.4187e-010	180.	-7.4187e-010	0.
3888.	7.3666e-010	180.	-7.3666e-010	0.
3892.	7.3157e-010	180.	-7.3157e-010	0.
3896.	7.266e-010	180.	-7.266e-010	0.
3900.	7.2173e-010	180.	-7.2173e-010	0.
3904.	7.1697e-010	180.	-7.1697e-010	0.
3908.	7.1231e-010	180.	-7.1231e-010	0.
3912.	7.0776e-010	180.	-7.0776e-010	0.
3916.	7.033e-010	180.	-7.033e-010	0.
3920.	6.9893e-010	180.	-6.9893e-010	0.
3924.	6.9466e-010	180.	-6.9466e-010	0.
3928.	6.9049e-010	180.	-6.9049e-010	0.
3932.	6.8639e-010	180.	-6.8639e-010	0.
3936.	6.8239e-010	180.	-6.8239e-010	0.
3940.	6.7847e-010	180.	-6.7847e-010	0.
3944.	6.7463e-010	180.	-6.7463e-010	0.
3948.	6.7087e-010	180.	-6.7087e-010	0.
3952.	6.6718e-010	180.	-6.6718e-010	0.
3956.	6.6358e-010	180.	-6.6358e-010	0.
3960.	6.6004e-010	180.	-6.6004e-010	0.
3964.	6.5658e-010	180.	-6.5658e-010	0.
3968.	6.5319e-010	180.	-6.5319e-010	0.
3972.	6.4987e-010	180.	-6.4987e-010	0.
3976.	6.4662e-010	180.	-6.4662e-010	0.
3980.	6.4343e-010	180.	-6.4343e-010	0.
3984.	6.4031e-010	180.	-6.4031e-010	0.
3988.	6.3725e-010	180.	-6.3725e-010	0.
3992.	6.3426e-010	180.	-6.3426e-010	0.
3996.	6.3132e-010	180.	-6.3132e-010	0.
4000.	6.2844e-010	180.	-6.2844e-010	0.
