é¸îgêî (Hz)	êUïù (mm)	à ëääp (ìx)	é¿ïî (mm)	ãïïî (mm)
4.	1.8492e-010	180.	-1.8492e-010	0.
8.	1.8492e-010	180.	-1.8492e-010	0.
12.	1.8492e-010	180.	-1.8492e-010	0.
16.	1.8493e-010	180.	-1.8493e-010	0.
20.	1.8493e-010	180.	-1.8493e-010	0.
24.	1.8494e-010	180.	-1.8494e-010	0.
28.	1.8494e-010	180.	-1.8494e-010	0.
32.	1.8495e-010	180.	-1.8495e-010	0.
36.	1.8496e-010	180.	-1.8496e-010	0.
40.	1.8497e-010	180.	-1.8497e-010	0.
44.	1.8498e-010	180.	-1.8498e-010	0.
48.	1.8499e-010	180.	-1.8499e-010	0.
52.	1.85e-010	180.	-1.85e-010	0.
56.	1.8501e-010	180.	-1.8501e-010	0.
60.	1.8503e-010	180.	-1.8503e-010	0.
64.	1.8504e-010	180.	-1.8504e-010	0.
68.	1.8506e-010	180.	-1.8506e-010	0.
72.	1.8508e-010	180.	-1.8508e-010	0.
76.	1.8509e-010	180.	-1.8509e-010	0.
80.	1.8511e-010	180.	-1.8511e-010	0.
84.	1.8513e-010	180.	-1.8513e-010	0.
88.	1.8515e-010	180.	-1.8515e-010	0.
92.	1.8518e-010	180.	-1.8518e-010	0.
96.	1.852e-010	180.	-1.852e-010	0.
100.	1.8522e-010	180.	-1.8522e-010	0.
104.	1.8525e-010	180.	-1.8525e-010	0.
108.	1.8527e-010	180.	-1.8527e-010	0.
112.	1.853e-010	180.	-1.853e-010	0.
116.	1.8533e-010	180.	-1.8533e-010	0.
120.	1.8536e-010	180.	-1.8536e-010	0.
124.	1.8539e-010	180.	-1.8539e-010	0.
128.	1.8542e-010	180.	-1.8542e-010	0.
132.	1.8545e-010	180.	-1.8545e-010	0.
136.	1.8548e-010	180.	-1.8548e-010	0.
140.	1.8551e-010	180.	-1.8551e-010	0.
144.	1.8555e-010	180.	-1.8555e-010	0.
148.	1.8558e-010	180.	-1.8558e-010	0.
152.	1.8562e-010	180.	-1.8562e-010	0.
156.	1.8566e-010	180.	-1.8566e-010	0.
160.	1.857e-010	180.	-1.857e-010	0.
164.	1.8574e-010	180.	-1.8574e-010	0.
168.	1.8578e-010	180.	-1.8578e-010	0.
172.	1.8582e-010	180.	-1.8582e-010	0.
176.	1.8586e-010	180.	-1.8586e-010	0.
180.	1.8591e-010	180.	-1.8591e-010	0.
184.	1.8595e-010	180.	-1.8595e-010	0.
188.	1.86e-010	180.	-1.86e-010	0.
192.	1.8604e-010	180.	-1.8604e-010	0.
196.	1.8609e-010	180.	-1.8609e-010	0.
200.	1.8614e-010	180.	-1.8614e-010	0.
204.	1.8619e-010	180.	-1.8619e-010	0.
208.	1.8624e-010	180.	-1.8624e-010	0.
212.	1.8629e-010	180.	-1.8629e-010	0.
216.	1.8634e-010	180.	-1.8634e-010	0.
220.	1.864e-010	180.	-1.864e-010	0.
224.	1.8645e-010	180.	-1.8645e-010	0.
228.	1.8651e-010	180.	-1.8651e-010	0.
232.	1.8656e-010	180.	-1.8656e-010	0.
236.	1.8662e-010	180.	-1.8662e-010	0.
240.	1.8668e-010	180.	-1.8668e-010	0.
244.	1.8674e-010	180.	-1.8674e-010	0.
248.	1.868e-010	180.	-1.868e-010	0.
252.	1.8686e-010	180.	-1.8686e-010	0.
256.	1.8693e-010	180.	-1.8693e-010	0.
260.	1.8699e-010	180.	-1.8699e-010	0.
264.	1.8706e-010	180.	-1.8706e-010	0.
268.	1.8712e-010	180.	-1.8712e-010	0.
272.	1.8719e-010	180.	-1.8719e-010	0.
276.	1.8726e-010	180.	-1.8726e-010	0.
280.	1.8733e-010	180.	-1.8733e-010	0.
284.	1.874e-010	180.	-1.874e-010	0.
288.	1.8747e-010	180.	-1.8747e-010	0.
292.	1.8754e-010	180.	-1.8754e-010	0.
296.	1.8761e-010	180.	-1.8761e-010	0.
300.	1.8769e-010	180.	-1.8769e-010	0.
304.	1.8776e-010	180.	-1.8776e-010	0.
308.	1.8784e-010	180.	-1.8784e-010	0.
312.	1.8792e-010	180.	-1.8792e-010	0.
316.	1.88e-010	180.	-1.88e-010	0.
320.	1.8808e-010	180.	-1.8808e-010	0.
324.	1.8816e-010	180.	-1.8816e-010	0.
328.	1.8824e-010	180.	-1.8824e-010	0.
332.	1.8832e-010	180.	-1.8832e-010	0.
336.	1.8841e-010	180.	-1.8841e-010	0.
340.	1.8849e-010	180.	-1.8849e-010	0.
344.	1.8858e-010	180.	-1.8858e-010	0.
348.	1.8867e-010	180.	-1.8867e-010	0.
352.	1.8876e-010	180.	-1.8876e-010	0.
356.	1.8885e-010	180.	-1.8885e-010	0.
360.	1.8894e-010	180.	-1.8894e-010	0.
364.	1.8903e-010	180.	-1.8903e-010	0.
368.	1.8912e-010	180.	-1.8912e-010	0.
372.	1.8922e-010	180.	-1.8922e-010	0.
376.	1.8931e-010	180.	-1.8931e-010	0.
380.	1.8941e-010	180.	-1.8941e-010	0.
384.	1.8951e-010	180.	-1.8951e-010	0.
388.	1.8961e-010	180.	-1.8961e-010	0.
392.	1.897e-010	180.	-1.897e-010	0.
396.	1.8981e-010	180.	-1.8981e-010	0.
400.	1.8991e-010	180.	-1.8991e-010	0.
404.	1.9001e-010	180.	-1.9001e-010	0.
408.	1.9012e-010	180.	-1.9012e-010	0.
412.	1.9022e-010	180.	-1.9022e-010	0.
416.	1.9033e-010	180.	-1.9033e-010	0.
420.	1.9044e-010	180.	-1.9044e-010	0.
424.	1.9055e-010	180.	-1.9055e-010	0.
428.	1.9066e-010	180.	-1.9066e-010	0.
432.	1.9077e-010	180.	-1.9077e-010	0.
436.	1.9088e-010	180.	-1.9088e-010	0.
440.	1.9099e-010	180.	-1.9099e-010	0.
444.	1.9111e-010	180.	-1.9111e-010	0.
448.	1.9123e-010	180.	-1.9123e-010	0.
452.	1.9134e-010	180.	-1.9134e-010	0.
456.	1.9146e-010	180.	-1.9146e-010	0.
460.	1.9158e-010	180.	-1.9158e-010	0.
464.	1.917e-010	180.	-1.917e-010	0.
468.	1.9183e-010	180.	-1.9183e-010	0.
472.	1.9195e-010	180.	-1.9195e-010	0.
476.	1.9207e-010	180.	-1.9207e-010	0.
480.	1.922e-010	180.	-1.922e-010	0.
484.	1.9233e-010	180.	-1.9233e-010	0.
488.	1.9246e-010	180.	-1.9246e-010	0.
492.	1.9259e-010	180.	-1.9259e-010	0.
496.	1.9272e-010	180.	-1.9272e-010	0.
500.	1.9285e-010	180.	-1.9285e-010	0.
504.	1.9298e-010	180.	-1.9298e-010	0.
508.	1.9312e-010	180.	-1.9312e-010	0.
512.	1.9326e-010	180.	-1.9326e-010	0.
516.	1.9339e-010	180.	-1.9339e-010	0.
520.	1.9353e-010	180.	-1.9353e-010	0.
524.	1.9367e-010	180.	-1.9367e-010	0.
528.	1.9381e-010	180.	-1.9381e-010	0.
532.	1.9396e-010	180.	-1.9396e-010	0.
536.	1.941e-010	180.	-1.941e-010	0.
540.	1.9425e-010	180.	-1.9425e-010	0.
544.	1.9439e-010	180.	-1.9439e-010	0.
548.	1.9454e-010	180.	-1.9454e-010	0.
552.	1.9469e-010	180.	-1.9469e-010	0.
556.	1.9484e-010	180.	-1.9484e-010	0.
560.	1.9499e-010	180.	-1.9499e-010	0.
564.	1.9515e-010	180.	-1.9515e-010	0.
568.	1.953e-010	180.	-1.953e-010	0.
572.	1.9546e-010	180.	-1.9546e-010	0.
576.	1.9561e-010	180.	-1.9561e-010	0.
580.	1.9577e-010	180.	-1.9577e-010	0.
584.	1.9593e-010	180.	-1.9593e-010	0.
588.	1.961e-010	180.	-1.961e-010	0.
592.	1.9626e-010	180.	-1.9626e-010	0.
596.	1.9642e-010	180.	-1.9642e-010	0.
600.	1.9659e-010	180.	-1.9659e-010	0.
604.	1.9676e-010	180.	-1.9676e-010	0.
608.	1.9692e-010	180.	-1.9692e-010	0.
612.	1.971e-010	180.	-1.971e-010	0.
616.	1.9727e-010	180.	-1.9727e-010	0.
620.	1.9744e-010	180.	-1.9744e-010	0.
624.	1.9761e-010	180.	-1.9761e-010	0.
628.	1.9779e-010	180.	-1.9779e-010	0.
632.	1.9797e-010	180.	-1.9797e-010	0.
636.	1.9815e-010	180.	-1.9815e-010	0.
640.	1.9833e-010	180.	-1.9833e-010	0.
644.	1.9851e-010	180.	-1.9851e-010	0.
648.	1.9869e-010	180.	-1.9869e-010	0.
652.	1.9888e-010	180.	-1.9888e-010	0.
656.	1.9907e-010	180.	-1.9907e-010	0.
660.	1.9925e-010	180.	-1.9925e-010	0.
664.	1.9944e-010	180.	-1.9944e-010	0.
668.	1.9964e-010	180.	-1.9964e-010	0.
672.	1.9983e-010	180.	-1.9983e-010	0.
676.	2.0002e-010	180.	-2.0002e-010	0.
680.	2.0022e-010	180.	-2.0022e-010	0.
684.	2.0042e-010	180.	-2.0042e-010	0.
688.	2.0062e-010	180.	-2.0062e-010	0.
692.	2.0082e-010	180.	-2.0082e-010	0.
696.	2.0102e-010	180.	-2.0102e-010	0.
700.	2.0122e-010	180.	-2.0122e-010	0.
704.	2.0143e-010	180.	-2.0143e-010	0.
708.	2.0164e-010	180.	-2.0164e-010	0.
712.	2.0185e-010	180.	-2.0185e-010	0.
716.	2.0206e-010	180.	-2.0206e-010	0.
720.	2.0227e-010	180.	-2.0227e-010	0.
724.	2.0248e-010	180.	-2.0248e-010	0.
728.	2.027e-010	180.	-2.027e-010	0.
732.	2.0292e-010	180.	-2.0292e-010	0.
736.	2.0314e-010	180.	-2.0314e-010	0.
740.	2.0336e-010	180.	-2.0336e-010	0.
744.	2.0358e-010	180.	-2.0358e-010	0.
748.	2.038e-010	180.	-2.038e-010	0.
752.	2.0403e-010	180.	-2.0403e-010	0.
756.	2.0426e-010	180.	-2.0426e-010	0.
760.	2.0449e-010	180.	-2.0449e-010	0.
764.	2.0472e-010	180.	-2.0472e-010	0.
768.	2.0495e-010	180.	-2.0495e-010	0.
772.	2.0519e-010	180.	-2.0519e-010	0.
776.	2.0542e-010	180.	-2.0542e-010	0.
780.	2.0566e-010	180.	-2.0566e-010	0.
784.	2.059e-010	180.	-2.059e-010	0.
788.	2.0615e-010	180.	-2.0615e-010	0.
792.	2.0639e-010	180.	-2.0639e-010	0.
796.	2.0664e-010	180.	-2.0664e-010	0.
800.	2.0689e-010	180.	-2.0689e-010	0.
804.	2.0714e-010	180.	-2.0714e-010	0.
808.	2.0739e-010	180.	-2.0739e-010	0.
812.	2.0764e-010	180.	-2.0764e-010	0.
816.	2.079e-010	180.	-2.079e-010	0.
820.	2.0816e-010	180.	-2.0816e-010	0.
824.	2.0842e-010	180.	-2.0842e-010	0.
828.	2.0868e-010	180.	-2.0868e-010	0.
832.	2.0894e-010	180.	-2.0894e-010	0.
836.	2.0921e-010	180.	-2.0921e-010	0.
840.	2.0948e-010	180.	-2.0948e-010	0.
844.	2.0975e-010	180.	-2.0975e-010	0.
848.	2.1002e-010	180.	-2.1002e-010	0.
852.	2.1029e-010	180.	-2.1029e-010	0.
856.	2.1057e-010	180.	-2.1057e-010	0.
860.	2.1085e-010	180.	-2.1085e-010	0.
864.	2.1113e-010	180.	-2.1113e-010	0.
868.	2.1141e-010	180.	-2.1141e-010	0.
872.	2.117e-010	180.	-2.117e-010	0.
876.	2.1199e-010	180.	-2.1199e-010	0.
880.	2.1228e-010	180.	-2.1228e-010	0.
884.	2.1257e-010	180.	-2.1257e-010	0.
888.	2.1286e-010	180.	-2.1286e-010	0.
892.	2.1316e-010	180.	-2.1316e-010	0.
896.	2.1346e-010	180.	-2.1346e-010	0.
900.	2.1376e-010	180.	-2.1376e-010	0.
904.	2.1406e-010	180.	-2.1406e-010	0.
908.	2.1436e-010	180.	-2.1436e-010	0.
912.	2.1467e-010	180.	-2.1467e-010	0.
916.	2.1498e-010	180.	-2.1498e-010	0.
920.	2.1529e-010	180.	-2.1529e-010	0.
924.	2.1561e-010	180.	-2.1561e-010	0.
928.	2.1593e-010	180.	-2.1593e-010	0.
932.	2.1625e-010	180.	-2.1625e-010	0.
936.	2.1657e-010	180.	-2.1657e-010	0.
940.	2.1689e-010	180.	-2.1689e-010	0.
944.	2.1722e-010	180.	-2.1722e-010	0.
948.	2.1755e-010	180.	-2.1755e-010	0.
952.	2.1788e-010	180.	-2.1788e-010	0.
956.	2.1821e-010	180.	-2.1821e-010	0.
960.	2.1855e-010	180.	-2.1855e-010	0.
964.	2.1889e-010	180.	-2.1889e-010	0.
968.	2.1923e-010	180.	-2.1923e-010	0.
972.	2.1958e-010	180.	-2.1958e-010	0.
976.	2.1993e-010	180.	-2.1993e-010	0.
980.	2.2028e-010	180.	-2.2028e-010	0.
984.	2.2063e-010	180.	-2.2063e-010	0.
988.	2.2098e-010	180.	-2.2098e-010	0.
992.	2.2134e-010	180.	-2.2134e-010	0.
996.	2.217e-010	180.	-2.217e-010	0.
1000.	2.2207e-010	180.	-2.2207e-010	0.
1004.	2.2243e-010	180.	-2.2243e-010	0.
1008.	2.228e-010	180.	-2.228e-010	0.
1012.	2.2318e-010	180.	-2.2318e-010	0.
1016.	2.2355e-010	180.	-2.2355e-010	0.
1020.	2.2393e-010	180.	-2.2393e-010	0.
1024.	2.2431e-010	180.	-2.2431e-010	0.
1028.	2.2469e-010	180.	-2.2469e-010	0.
1032.	2.2508e-010	180.	-2.2508e-010	0.
1036.	2.2547e-010	180.	-2.2547e-010	0.
1040.	2.2586e-010	180.	-2.2586e-010	0.
1044.	2.2626e-010	180.	-2.2626e-010	0.
1048.	2.2666e-010	180.	-2.2666e-010	0.
1052.	2.2706e-010	180.	-2.2706e-010	0.
1056.	2.2747e-010	180.	-2.2747e-010	0.
1060.	2.2788e-010	180.	-2.2788e-010	0.
1064.	2.2829e-010	180.	-2.2829e-010	0.
1068.	2.287e-010	180.	-2.287e-010	0.
1072.	2.2912e-010	180.	-2.2912e-010	0.
1076.	2.2954e-010	180.	-2.2954e-010	0.
1080.	2.2997e-010	180.	-2.2997e-010	0.
1084.	2.3039e-010	180.	-2.3039e-010	0.
1088.	2.3083e-010	180.	-2.3083e-010	0.
1092.	2.3126e-010	180.	-2.3126e-010	0.
1096.	2.317e-010	180.	-2.317e-010	0.
1100.	2.3214e-010	180.	-2.3214e-010	0.
1104.	2.3258e-010	180.	-2.3258e-010	0.
1108.	2.3303e-010	180.	-2.3303e-010	0.
1112.	2.3349e-010	180.	-2.3349e-010	0.
1116.	2.3394e-010	180.	-2.3394e-010	0.
1120.	2.344e-010	180.	-2.344e-010	0.
1124.	2.3486e-010	180.	-2.3486e-010	0.
1128.	2.3533e-010	180.	-2.3533e-010	0.
1132.	2.358e-010	180.	-2.358e-010	0.
1136.	2.3628e-010	180.	-2.3628e-010	0.
1140.	2.3675e-010	180.	-2.3675e-010	0.
1144.	2.3724e-010	180.	-2.3724e-010	0.
1148.	2.3772e-010	180.	-2.3772e-010	0.
1152.	2.3821e-010	180.	-2.3821e-010	0.
1156.	2.387e-010	180.	-2.387e-010	0.
1160.	2.392e-010	180.	-2.392e-010	0.
1164.	2.397e-010	180.	-2.397e-010	0.
1168.	2.4021e-010	180.	-2.4021e-010	0.
1172.	2.4072e-010	180.	-2.4072e-010	0.
1176.	2.4123e-010	180.	-2.4123e-010	0.
1180.	2.4175e-010	180.	-2.4175e-010	0.
1184.	2.4227e-010	180.	-2.4227e-010	0.
1188.	2.428e-010	180.	-2.428e-010	0.
1192.	2.4333e-010	180.	-2.4333e-010	0.
1196.	2.4386e-010	180.	-2.4386e-010	0.
1200.	2.444e-010	180.	-2.444e-010	0.
1204.	2.4495e-010	180.	-2.4495e-010	0.
1208.	2.4549e-010	180.	-2.4549e-010	0.
1212.	2.4605e-010	180.	-2.4605e-010	0.
1216.	2.466e-010	180.	-2.466e-010	0.
1220.	2.4717e-010	180.	-2.4717e-010	0.
1224.	2.4773e-010	180.	-2.4773e-010	0.
1228.	2.483e-010	180.	-2.483e-010	0.
1232.	2.4888e-010	180.	-2.4888e-010	0.
1236.	2.4946e-010	180.	-2.4946e-010	0.
1240.	2.5005e-010	180.	-2.5005e-010	0.
1244.	2.5064e-010	180.	-2.5064e-010	0.
1248.	2.5123e-010	180.	-2.5123e-010	0.
1252.	2.5183e-010	180.	-2.5183e-010	0.
1256.	2.5244e-010	180.	-2.5244e-010	0.
1260.	2.5305e-010	180.	-2.5305e-010	0.
1264.	2.5366e-010	180.	-2.5366e-010	0.
1268.	2.5428e-010	180.	-2.5428e-010	0.
1272.	2.5491e-010	180.	-2.5491e-010	0.
1276.	2.5554e-010	180.	-2.5554e-010	0.
1280.	2.5618e-010	180.	-2.5618e-010	0.
1284.	2.5682e-010	180.	-2.5682e-010	0.
1288.	2.5746e-010	180.	-2.5746e-010	0.
1292.	2.5812e-010	180.	-2.5812e-010	0.
1296.	2.5878e-010	180.	-2.5878e-010	0.
1300.	2.5944e-010	180.	-2.5944e-010	0.
1304.	2.6011e-010	180.	-2.6011e-010	0.
1308.	2.6078e-010	180.	-2.6078e-010	0.
1312.	2.6146e-010	180.	-2.6146e-010	0.
1316.	2.6215e-010	180.	-2.6215e-010	0.
1320.	2.6284e-010	180.	-2.6284e-010	0.
1324.	2.6354e-010	180.	-2.6354e-010	0.
1328.	2.6425e-010	180.	-2.6425e-010	0.
1332.	2.6496e-010	180.	-2.6496e-010	0.
1336.	2.6567e-010	180.	-2.6567e-010	0.
1340.	2.664e-010	180.	-2.664e-010	0.
1344.	2.6712e-010	180.	-2.6712e-010	0.
1348.	2.6786e-010	180.	-2.6786e-010	0.
1352.	2.686e-010	180.	-2.686e-010	0.
1356.	2.6935e-010	180.	-2.6935e-010	0.
1360.	2.701e-010	180.	-2.701e-010	0.
1364.	2.7086e-010	180.	-2.7086e-010	0.
1368.	2.7163e-010	180.	-2.7163e-010	0.
1372.	2.724e-010	180.	-2.724e-010	0.
1376.	2.7318e-010	180.	-2.7318e-010	0.
1380.	2.7397e-010	180.	-2.7397e-010	0.
1384.	2.7477e-010	180.	-2.7477e-010	0.
1388.	2.7557e-010	180.	-2.7557e-010	0.
1392.	2.7637e-010	180.	-2.7637e-010	0.
1396.	2.7719e-010	180.	-2.7719e-010	0.
1400.	2.7801e-010	180.	-2.7801e-010	0.
1404.	2.7884e-010	180.	-2.7884e-010	0.
1408.	2.7967e-010	180.	-2.7967e-010	0.
1412.	2.8052e-010	180.	-2.8052e-010	0.
1416.	2.8137e-010	180.	-2.8137e-010	0.
1420.	2.8222e-010	180.	-2.8222e-010	0.
1424.	2.8309e-010	180.	-2.8309e-010	0.
1428.	2.8396e-010	180.	-2.8396e-010	0.
1432.	2.8484e-010	180.	-2.8484e-010	0.
1436.	2.8573e-010	180.	-2.8573e-010	0.
1440.	2.8662e-010	180.	-2.8662e-010	0.
1444.	2.8752e-010	180.	-2.8752e-010	0.
1448.	2.8843e-010	180.	-2.8843e-010	0.
1452.	2.8935e-010	180.	-2.8935e-010	0.
1456.	2.9027e-010	180.	-2.9027e-010	0.
1460.	2.9121e-010	180.	-2.9121e-010	0.
1464.	2.9215e-010	180.	-2.9215e-010	0.
1468.	2.9309e-010	180.	-2.9309e-010	0.
1472.	2.9405e-010	180.	-2.9405e-010	0.
1476.	2.9501e-010	180.	-2.9501e-010	0.
1480.	2.9598e-010	180.	-2.9598e-010	0.
1484.	2.9696e-010	180.	-2.9696e-010	0.
1488.	2.9795e-010	180.	-2.9795e-010	0.
1492.	2.9894e-010	180.	-2.9894e-010	0.
1496.	2.9994e-010	180.	-2.9994e-010	0.
1500.	3.0095e-010	180.	-3.0095e-010	0.
1504.	3.0197e-010	180.	-3.0197e-010	0.
1508.	3.0299e-010	180.	-3.0299e-010	0.
1512.	3.0402e-010	180.	-3.0402e-010	0.
1516.	3.0506e-010	180.	-3.0506e-010	0.
1520.	3.061e-010	180.	-3.061e-010	0.
1524.	3.0716e-010	180.	-3.0716e-010	0.
1528.	3.0822e-010	180.	-3.0822e-010	0.
1532.	3.0928e-010	180.	-3.0928e-010	0.
1536.	3.1035e-010	180.	-3.1035e-010	0.
1540.	3.1143e-010	180.	-3.1143e-010	0.
1544.	3.1252e-010	180.	-3.1252e-010	0.
1548.	3.1361e-010	180.	-3.1361e-010	0.
1552.	3.1471e-010	180.	-3.1471e-010	0.
1556.	3.1581e-010	180.	-3.1581e-010	0.
1560.	3.1692e-010	180.	-3.1692e-010	0.
1564.	3.1804e-010	180.	-3.1804e-010	0.
1568.	3.1915e-010	180.	-3.1915e-010	0.
1572.	3.2028e-010	180.	-3.2028e-010	0.
1576.	3.214e-010	180.	-3.214e-010	0.
1580.	3.2253e-010	180.	-3.2253e-010	0.
1584.	3.2366e-010	180.	-3.2366e-010	0.
1588.	3.248e-010	180.	-3.248e-010	0.
1592.	3.2593e-010	180.	-3.2593e-010	0.
1596.	3.2707e-010	180.	-3.2707e-010	0.
1600.	3.2821e-010	180.	-3.2821e-010	0.
1604.	3.2934e-010	180.	-3.2934e-010	0.
1608.	3.3047e-010	180.	-3.3047e-010	0.
1612.	3.316e-010	180.	-3.316e-010	0.
1616.	3.3273e-010	180.	-3.3273e-010	0.
1620.	3.3385e-010	180.	-3.3385e-010	0.
1624.	3.3496e-010	180.	-3.3496e-010	0.
1628.	3.3607e-010	180.	-3.3607e-010	0.
1632.	3.3716e-010	180.	-3.3716e-010	0.
1636.	3.3824e-010	180.	-3.3824e-010	0.
1640.	3.3931e-010	180.	-3.3931e-010	0.
1644.	3.4036e-010	180.	-3.4036e-010	0.
1648.	3.414e-010	180.	-3.414e-010	0.
1652.	3.4241e-010	180.	-3.4241e-010	0.
1656.	3.434e-010	180.	-3.434e-010	0.
1660.	3.4436e-010	180.	-3.4436e-010	0.
1664.	3.4528e-010	180.	-3.4528e-010	0.
1668.	3.4618e-010	180.	-3.4618e-010	0.
1672.	3.4703e-010	180.	-3.4703e-010	0.
1676.	3.4784e-010	180.	-3.4784e-010	0.
1680.	3.4859e-010	180.	-3.4859e-010	0.
1684.	3.493e-010	180.	-3.493e-010	0.
1688.	3.4993e-010	180.	-3.4993e-010	0.
1692.	3.505e-010	180.	-3.505e-010	0.
1696.	3.5099e-010	180.	-3.5099e-010	0.
1700.	3.5139e-010	180.	-3.5139e-010	0.
1704.	3.5168e-010	180.	-3.5168e-010	0.
1708.	3.5187e-010	180.	-3.5187e-010	0.
1712.	3.5193e-010	180.	-3.5193e-010	0.
1716.	3.5186e-010	180.	-3.5186e-010	0.
1720.	3.5162e-010	180.	-3.5162e-010	0.
1724.	3.5121e-010	180.	-3.5121e-010	0.
1728.	3.506e-010	180.	-3.506e-010	0.
1732.	3.4976e-010	180.	-3.4976e-010	0.
1736.	3.4868e-010	180.	-3.4868e-010	0.
1740.	3.473e-010	180.	-3.473e-010	0.
1744.	3.456e-010	180.	-3.456e-010	0.
1748.	3.4353e-010	180.	-3.4353e-010	0.
1752.	3.4104e-010	180.	-3.4104e-010	0.
1756.	3.3806e-010	180.	-3.3806e-010	0.
1760.	3.3454e-010	180.	-3.3454e-010	0.
1764.	3.3037e-010	180.	-3.3037e-010	0.
1768.	3.2546e-010	180.	-3.2546e-010	0.
1772.	3.1969e-010	180.	-3.1969e-010	0.
1776.	3.1291e-010	180.	-3.1291e-010	0.
1780.	3.0495e-010	180.	-3.0495e-010	0.
1784.	2.9558e-010	180.	-2.9558e-010	0.
1788.	2.8452e-010	180.	-2.8452e-010	0.
1792.	2.7144e-010	180.	-2.7144e-010	0.
1796.	2.559e-010	180.	-2.559e-010	0.
1800.	2.3731e-010	180.	-2.3731e-010	0.
1804.	2.1493e-010	180.	-2.1493e-010	0.
1808.	1.8774e-010	180.	-1.8774e-010	0.
1812.	1.5434e-010	180.	-1.5434e-010	0.
1816.	1.1277e-010	180.	-1.1277e-010	0.
1820.	6.0125e-011	180.	-6.0125e-011	0.
1824.	7.9961e-012	0.	7.9961e-012	0.
1828.	9.8638e-011	0.	9.8638e-011	0.
1832.	2.2382e-010	0.	2.2382e-010	0.
1836.	4.0583e-010	0.	4.0583e-010	0.
1840.	6.9126e-010	0.	6.9126e-010	0.
1844.	1.1963e-009	0.	1.1963e-009	0.
1848.	2.3142e-009	0.	2.3142e-009	0.
1852.	6.7611e-009	0.	6.7611e-009	0.
1856.	1.6401e-008	180.	-1.6401e-008	0.
1860.	4.5612e-009	180.	-4.5612e-009	0.
1864.	2.9247e-009	180.	-2.9247e-009	0.
1868.	2.2801e-009	180.	-2.2801e-009	0.
1872.	1.9394e-009	180.	-1.9394e-009	0.
1876.	1.7315e-009	180.	-1.7315e-009	0.
1880.	1.5937e-009	180.	-1.5937e-009	0.
1884.	1.4975e-009	180.	-1.4975e-009	0.
1888.	1.4281e-009	180.	-1.4281e-009	0.
1892.	1.377e-009	180.	-1.377e-009	0.
1896.	1.3392e-009	180.	-1.3392e-009	0.
1900.	1.3113e-009	180.	-1.3113e-009	0.
1904.	1.2911e-009	180.	-1.2911e-009	0.
1908.	1.2771e-009	180.	-1.2771e-009	0.
1912.	1.2681e-009	180.	-1.2681e-009	0.
1916.	1.2634e-009	180.	-1.2634e-009	0.
1920.	1.2625e-009	180.	-1.2625e-009	0.
1924.	1.2648e-009	180.	-1.2648e-009	0.
1928.	1.2701e-009	180.	-1.2701e-009	0.
1932.	1.2781e-009	180.	-1.2781e-009	0.
1936.	1.2888e-009	180.	-1.2888e-009	0.
1940.	1.3019e-009	180.	-1.3019e-009	0.
1944.	1.3175e-009	180.	-1.3175e-009	0.
1948.	1.3355e-009	180.	-1.3355e-009	0.
1952.	1.356e-009	180.	-1.356e-009	0.
1956.	1.379e-009	180.	-1.379e-009	0.
1960.	1.4046e-009	180.	-1.4046e-009	0.
1964.	1.4329e-009	180.	-1.4329e-009	0.
1968.	1.4641e-009	180.	-1.4641e-009	0.
1972.	1.4985e-009	180.	-1.4985e-009	0.
1976.	1.5361e-009	180.	-1.5361e-009	0.
1980.	1.5775e-009	180.	-1.5775e-009	0.
1984.	1.6228e-009	180.	-1.6228e-009	0.
1988.	1.6726e-009	180.	-1.6726e-009	0.
1992.	1.7274e-009	180.	-1.7274e-009	0.
1996.	1.7876e-009	180.	-1.7876e-009	0.
2000.	1.8542e-009	180.	-1.8542e-009	0.
2004.	1.9279e-009	180.	-1.9279e-009	0.
2008.	2.0098e-009	180.	-2.0098e-009	0.
2012.	2.1013e-009	180.	-2.1013e-009	0.
2016.	2.2038e-009	180.	-2.2038e-009	0.
2020.	2.3195e-009	180.	-2.3195e-009	0.
2024.	2.451e-009	180.	-2.451e-009	0.
2028.	2.6013e-009	180.	-2.6013e-009	0.
2032.	2.7749e-009	180.	-2.7749e-009	0.
2036.	2.9773e-009	180.	-2.9773e-009	0.
2040.	3.2162e-009	180.	-3.2162e-009	0.
2044.	3.5023e-009	180.	-3.5023e-009	0.
2048.	3.8508e-009	180.	-3.8508e-009	0.
2052.	4.2844e-009	180.	-4.2844e-009	0.
2056.	4.8382e-009	180.	-4.8382e-009	0.
2060.	5.57e-009	180.	-5.57e-009	0.
2064.	6.5816e-009	180.	-6.5816e-009	0.
2068.	8.0704e-009	180.	-8.0704e-009	0.
2072.	1.0478e-008	180.	-1.0478e-008	0.
2076.	1.5031e-008	180.	-1.5031e-008	0.
2080.	2.6903e-008	180.	-2.6903e-008	0.
2084.	1.3852e-007	180.	-1.3852e-007	0.
2088.	4.3959e-008	0.	4.3959e-008	0.
2092.	1.8705e-008	0.	1.8705e-008	0.
2096.	1.182e-008	0.	1.182e-008	0.
2100.	8.6059e-009	0.	8.6059e-009	0.
2104.	6.7452e-009	0.	6.7452e-009	0.
2108.	5.5318e-009	0.	5.5318e-009	0.
2112.	4.6781e-009	0.	4.6781e-009	0.
2116.	4.0448e-009	0.	4.0448e-009	0.
2120.	3.5563e-009	0.	3.5563e-009	0.
2124.	3.1682e-009	0.	3.1682e-009	0.
2128.	2.8524e-009	0.	2.8524e-009	0.
2132.	2.5904e-009	0.	2.5904e-009	0.
2136.	2.3696e-009	0.	2.3696e-009	0.
2140.	2.181e-009	0.	2.181e-009	0.
2144.	2.018e-009	0.	2.018e-009	0.
2148.	1.8758e-009	0.	1.8758e-009	0.
2152.	1.7505e-009	0.	1.7505e-009	0.
2156.	1.6395e-009	0.	1.6395e-009	0.
2160.	1.5403e-009	0.	1.5403e-009	0.
2164.	1.4512e-009	0.	1.4512e-009	0.
2168.	1.3707e-009	0.	1.3707e-009	0.
2172.	1.2976e-009	0.	1.2976e-009	0.
2176.	1.2309e-009	0.	1.2309e-009	0.
2180.	1.1699e-009	0.	1.1699e-009	0.
2184.	1.1139e-009	0.	1.1139e-009	0.
2188.	1.0622e-009	0.	1.0622e-009	0.
2192.	1.0143e-009	0.	1.0143e-009	0.
2196.	9.6996e-010	0.	9.6996e-010	0.
2200.	9.2867e-010	0.	9.2867e-010	0.
2204.	8.9016e-010	0.	8.9016e-010	0.
2208.	8.5416e-010	0.	8.5416e-010	0.
2212.	8.2043e-010	0.	8.2043e-010	0.
2216.	7.8876e-010	0.	7.8876e-010	0.
2220.	7.5896e-010	0.	7.5896e-010	0.
2224.	7.3087e-010	0.	7.3087e-010	0.
2228.	7.0435e-010	0.	7.0435e-010	0.
2232.	6.7927e-010	0.	6.7927e-010	0.
2236.	6.5552e-010	0.	6.5552e-010	0.
2240.	6.3298e-010	0.	6.3298e-010	0.
2244.	6.1157e-010	0.	6.1157e-010	0.
2248.	5.9121e-010	0.	5.9121e-010	0.
2252.	5.7181e-010	0.	5.7181e-010	0.
2256.	5.5331e-010	0.	5.5331e-010	0.
2260.	5.3565e-010	0.	5.3565e-010	0.
2264.	5.1877e-010	0.	5.1877e-010	0.
2268.	5.0262e-010	0.	5.0262e-010	0.
2272.	4.8715e-010	0.	4.8715e-010	0.
2276.	4.7231e-010	0.	4.7231e-010	0.
2280.	4.5808e-010	0.	4.5808e-010	0.
2284.	4.4441e-010	0.	4.4441e-010	0.
2288.	4.3126e-010	0.	4.3126e-010	0.
2292.	4.1861e-010	0.	4.1861e-010	0.
2296.	4.0643e-010	0.	4.0643e-010	0.
2300.	3.9469e-010	0.	3.9469e-010	0.
2304.	3.8337e-010	0.	3.8337e-010	0.
2308.	3.7244e-010	0.	3.7244e-010	0.
2312.	3.6189e-010	0.	3.6189e-010	0.
2316.	3.5168e-010	0.	3.5168e-010	0.
2320.	3.4181e-010	0.	3.4181e-010	0.
2324.	3.3226e-010	0.	3.3226e-010	0.
2328.	3.2301e-010	0.	3.2301e-010	0.
2332.	3.1405e-010	0.	3.1405e-010	0.
2336.	3.0536e-010	0.	3.0536e-010	0.
2340.	2.9693e-010	0.	2.9693e-010	0.
2344.	2.8874e-010	0.	2.8874e-010	0.
2348.	2.8079e-010	0.	2.8079e-010	0.
2352.	2.7307e-010	0.	2.7307e-010	0.
2356.	2.6556e-010	0.	2.6556e-010	0.
2360.	2.5825e-010	0.	2.5825e-010	0.
2364.	2.5114e-010	0.	2.5114e-010	0.
2368.	2.4421e-010	0.	2.4421e-010	0.
2372.	2.3747e-010	0.	2.3747e-010	0.
2376.	2.3089e-010	0.	2.3089e-010	0.
2380.	2.2448e-010	0.	2.2448e-010	0.
2384.	2.1822e-010	0.	2.1822e-010	0.
2388.	2.1212e-010	0.	2.1212e-010	0.
2392.	2.0616e-010	0.	2.0616e-010	0.
2396.	2.0033e-010	0.	2.0033e-010	0.
2400.	1.9464e-010	0.	1.9464e-010	0.
2404.	1.8908e-010	0.	1.8908e-010	0.
2408.	1.8364e-010	0.	1.8364e-010	0.
2412.	1.7832e-010	0.	1.7832e-010	0.
2416.	1.7311e-010	0.	1.7311e-010	0.
2420.	1.68e-010	0.	1.68e-010	0.
2424.	1.6301e-010	0.	1.6301e-010	0.
2428.	1.5811e-010	0.	1.5811e-010	0.
2432.	1.5331e-010	0.	1.5331e-010	0.
2436.	1.4861e-010	0.	1.4861e-010	0.
2440.	1.4399e-010	0.	1.4399e-010	0.
2444.	1.3946e-010	0.	1.3946e-010	0.
2448.	1.3502e-010	0.	1.3502e-010	0.
2452.	1.3065e-010	0.	1.3065e-010	0.
2456.	1.2636e-010	0.	1.2636e-010	0.
2460.	1.2215e-010	0.	1.2215e-010	0.
2464.	1.1801e-010	0.	1.1801e-010	0.
2468.	1.1394e-010	0.	1.1394e-010	0.
2472.	1.0994e-010	0.	1.0994e-010	0.
2476.	1.06e-010	0.	1.06e-010	0.
2480.	1.0212e-010	0.	1.0212e-010	0.
2484.	9.8308e-011	0.	9.8308e-011	0.
2488.	9.4551e-011	0.	9.4551e-011	0.
2492.	9.0851e-011	0.	9.0851e-011	0.
2496.	8.7205e-011	0.	8.7205e-011	0.
2500.	8.3612e-011	0.	8.3612e-011	0.
2504.	8.0069e-011	0.	8.0069e-011	0.
2508.	7.6576e-011	0.	7.6576e-011	0.
2512.	7.3131e-011	0.	7.3131e-011	0.
2516.	6.9732e-011	0.	6.9732e-011	0.
2520.	6.6376e-011	0.	6.6376e-011	0.
2524.	6.3064e-011	0.	6.3064e-011	0.
2528.	5.9794e-011	0.	5.9794e-011	0.
2532.	5.6563e-011	0.	5.6563e-011	0.
2536.	5.3371e-011	0.	5.3371e-011	0.
2540.	5.0217e-011	0.	5.0217e-011	0.
2544.	4.7098e-011	0.	4.7098e-011	0.
2548.	4.4015e-011	0.	4.4015e-011	0.
2552.	4.0965e-011	0.	4.0965e-011	0.
2556.	3.7948e-011	0.	3.7948e-011	0.
2560.	3.4963e-011	0.	3.4963e-011	0.
2564.	3.2007e-011	0.	3.2007e-011	0.
2568.	2.9082e-011	0.	2.9082e-011	0.
2572.	2.6184e-011	0.	2.6184e-011	0.
2576.	2.3314e-011	0.	2.3314e-011	0.
2580.	2.047e-011	0.	2.047e-011	0.
2584.	1.7652e-011	0.	1.7652e-011	0.
2588.	1.4858e-011	0.	1.4858e-011	0.
2592.	1.2088e-011	0.	1.2088e-011	0.
2596.	9.3407e-012	0.	9.3407e-012	0.
2600.	6.6153e-012	0.	6.6153e-012	0.
2604.	3.9109e-012	0.	3.9109e-012	0.
2608.	1.2268e-012	0.	1.2268e-012	0.
2612.	1.4377e-012	180.	-1.4377e-012	0.
2616.	4.0836e-012	180.	-4.0836e-012	0.
2620.	6.7114e-012	180.	-6.7114e-012	0.
2624.	9.322e-012	180.	-9.322e-012	0.
2628.	1.1916e-011	180.	-1.1916e-011	0.
2632.	1.4494e-011	180.	-1.4494e-011	0.
2636.	1.7057e-011	180.	-1.7057e-011	0.
2640.	1.9606e-011	180.	-1.9606e-011	0.
2644.	2.2141e-011	180.	-2.2141e-011	0.
2648.	2.4662e-011	180.	-2.4662e-011	0.
2652.	2.7171e-011	180.	-2.7171e-011	0.
2656.	2.9669e-011	180.	-2.9669e-011	0.
2660.	3.2154e-011	180.	-3.2154e-011	0.
2664.	3.463e-011	180.	-3.463e-011	0.
2668.	3.7095e-011	180.	-3.7095e-011	0.
2672.	3.955e-011	180.	-3.955e-011	0.
2676.	4.1997e-011	180.	-4.1997e-011	0.
2680.	4.4435e-011	180.	-4.4435e-011	0.
2684.	4.6866e-011	180.	-4.6866e-011	0.
2688.	4.9289e-011	180.	-4.9289e-011	0.
2692.	5.1706e-011	180.	-5.1706e-011	0.
2696.	5.4116e-011	180.	-5.4116e-011	0.
2700.	5.6521e-011	180.	-5.6521e-011	0.
2704.	5.892e-011	180.	-5.892e-011	0.
2708.	6.1316e-011	180.	-6.1316e-011	0.
2712.	6.3707e-011	180.	-6.3707e-011	0.
2716.	6.6094e-011	180.	-6.6094e-011	0.
2720.	6.8479e-011	180.	-6.8479e-011	0.
2724.	7.086e-011	180.	-7.086e-011	0.
2728.	7.324e-011	180.	-7.324e-011	0.
2732.	7.5619e-011	180.	-7.5619e-011	0.
2736.	7.7996e-011	180.	-7.7996e-011	0.
2740.	8.0373e-011	180.	-8.0373e-011	0.
2744.	8.275e-011	180.	-8.275e-011	0.
2748.	8.5127e-011	180.	-8.5127e-011	0.
2752.	8.7505e-011	180.	-8.7505e-011	0.
2756.	8.9884e-011	180.	-8.9884e-011	0.
2760.	9.2266e-011	180.	-9.2266e-011	0.
2764.	9.465e-011	180.	-9.465e-011	0.
2768.	9.7036e-011	180.	-9.7036e-011	0.
2772.	9.9426e-011	180.	-9.9426e-011	0.
2776.	1.0182e-010	180.	-1.0182e-010	0.
2780.	1.0422e-010	180.	-1.0422e-010	0.
2784.	1.0662e-010	180.	-1.0662e-010	0.
2788.	1.0903e-010	180.	-1.0903e-010	0.
2792.	1.1144e-010	180.	-1.1144e-010	0.
2796.	1.1386e-010	180.	-1.1386e-010	0.
2800.	1.1629e-010	180.	-1.1629e-010	0.
2804.	1.1873e-010	180.	-1.1873e-010	0.
2808.	1.2117e-010	180.	-1.2117e-010	0.
2812.	1.2362e-010	180.	-1.2362e-010	0.
2816.	1.2608e-010	180.	-1.2608e-010	0.
2820.	1.2855e-010	180.	-1.2855e-010	0.
2824.	1.3103e-010	180.	-1.3103e-010	0.
2828.	1.3352e-010	180.	-1.3352e-010	0.
2832.	1.3602e-010	180.	-1.3602e-010	0.
2836.	1.3853e-010	180.	-1.3853e-010	0.
2840.	1.4105e-010	180.	-1.4105e-010	0.
2844.	1.4359e-010	180.	-1.4359e-010	0.
2848.	1.4613e-010	180.	-1.4613e-010	0.
2852.	1.487e-010	180.	-1.487e-010	0.
2856.	1.5127e-010	180.	-1.5127e-010	0.
2860.	1.5387e-010	180.	-1.5387e-010	0.
2864.	1.5647e-010	180.	-1.5647e-010	0.
2868.	1.5909e-010	180.	-1.5909e-010	0.
2872.	1.6173e-010	180.	-1.6173e-010	0.
2876.	1.6439e-010	180.	-1.6439e-010	0.
2880.	1.6706e-010	180.	-1.6706e-010	0.
2884.	1.6976e-010	180.	-1.6976e-010	0.
2888.	1.7247e-010	180.	-1.7247e-010	0.
2892.	1.752e-010	180.	-1.752e-010	0.
2896.	1.7795e-010	180.	-1.7795e-010	0.
2900.	1.8072e-010	180.	-1.8072e-010	0.
2904.	1.8352e-010	180.	-1.8352e-010	0.
2908.	1.8633e-010	180.	-1.8633e-010	0.
2912.	1.8917e-010	180.	-1.8917e-010	0.
2916.	1.9204e-010	180.	-1.9204e-010	0.
2920.	1.9493e-010	180.	-1.9493e-010	0.
2924.	1.9784e-010	180.	-1.9784e-010	0.
2928.	2.0078e-010	180.	-2.0078e-010	0.
2932.	2.0374e-010	180.	-2.0374e-010	0.
2936.	2.0674e-010	180.	-2.0674e-010	0.
2940.	2.0976e-010	180.	-2.0976e-010	0.
2944.	2.1281e-010	180.	-2.1281e-010	0.
2948.	2.159e-010	180.	-2.159e-010	0.
2952.	2.1901e-010	180.	-2.1901e-010	0.
2956.	2.2215e-010	180.	-2.2215e-010	0.
2960.	2.2533e-010	180.	-2.2533e-010	0.
2964.	2.2855e-010	180.	-2.2855e-010	0.
2968.	2.3179e-010	180.	-2.3179e-010	0.
2972.	2.3508e-010	180.	-2.3508e-010	0.
2976.	2.384e-010	180.	-2.384e-010	0.
2980.	2.4176e-010	180.	-2.4176e-010	0.
2984.	2.4515e-010	180.	-2.4515e-010	0.
2988.	2.4859e-010	180.	-2.4859e-010	0.
2992.	2.5207e-010	180.	-2.5207e-010	0.
2996.	2.556e-010	180.	-2.556e-010	0.
3000.	2.5916e-010	180.	-2.5916e-010	0.
3004.	2.6277e-010	180.	-2.6277e-010	0.
3008.	2.6643e-010	180.	-2.6643e-010	0.
3012.	2.7014e-010	180.	-2.7014e-010	0.
3016.	2.7389e-010	180.	-2.7389e-010	0.
3020.	2.777e-010	180.	-2.777e-010	0.
3024.	2.8155e-010	180.	-2.8155e-010	0.
3028.	2.8547e-010	180.	-2.8547e-010	0.
3032.	2.8943e-010	180.	-2.8943e-010	0.
3036.	2.9346e-010	180.	-2.9346e-010	0.
3040.	2.9754e-010	180.	-2.9754e-010	0.
3044.	3.0168e-010	180.	-3.0168e-010	0.
3048.	3.0588e-010	180.	-3.0588e-010	0.
3052.	3.1015e-010	180.	-3.1015e-010	0.
3056.	3.1448e-010	180.	-3.1448e-010	0.
3060.	3.1888e-010	180.	-3.1888e-010	0.
3064.	3.2335e-010	180.	-3.2335e-010	0.
3068.	3.279e-010	180.	-3.279e-010	0.
3072.	3.3251e-010	180.	-3.3251e-010	0.
3076.	3.3721e-010	180.	-3.3721e-010	0.
3080.	3.4198e-010	180.	-3.4198e-010	0.
3084.	3.4683e-010	180.	-3.4683e-010	0.
3088.	3.5177e-010	180.	-3.5177e-010	0.
3092.	3.5679e-010	180.	-3.5679e-010	0.
3096.	3.619e-010	180.	-3.619e-010	0.
3100.	3.671e-010	180.	-3.671e-010	0.
3104.	3.724e-010	180.	-3.724e-010	0.
3108.	3.778e-010	180.	-3.778e-010	0.
3112.	3.8329e-010	180.	-3.8329e-010	0.
3116.	3.889e-010	180.	-3.889e-010	0.
3120.	3.946e-010	180.	-3.946e-010	0.
3124.	4.0043e-010	180.	-4.0043e-010	0.
3128.	4.0636e-010	180.	-4.0636e-010	0.
3132.	4.1242e-010	180.	-4.1242e-010	0.
3136.	4.1859e-010	180.	-4.1859e-010	0.
3140.	4.249e-010	180.	-4.249e-010	0.
3144.	4.3134e-010	180.	-4.3134e-010	0.
3148.	4.3791e-010	180.	-4.3791e-010	0.
3152.	4.4463e-010	180.	-4.4463e-010	0.
3156.	4.5149e-010	180.	-4.5149e-010	0.
3160.	4.585e-010	180.	-4.585e-010	0.
3164.	4.6567e-010	180.	-4.6567e-010	0.
3168.	4.7301e-010	180.	-4.7301e-010	0.
3172.	4.8051e-010	180.	-4.8051e-010	0.
3176.	4.8819e-010	180.	-4.8819e-010	0.
3180.	4.9605e-010	180.	-4.9605e-010	0.
3184.	5.0411e-010	180.	-5.0411e-010	0.
3188.	5.1235e-010	180.	-5.1235e-010	0.
3192.	5.2081e-010	180.	-5.2081e-010	0.
3196.	5.2948e-010	180.	-5.2948e-010	0.
3200.	5.3836e-010	180.	-5.3836e-010	0.
3204.	5.4748e-010	180.	-5.4748e-010	0.
3208.	5.5685e-010	180.	-5.5685e-010	0.
3212.	5.6646e-010	180.	-5.6646e-010	0.
3216.	5.7633e-010	180.	-5.7633e-010	0.
3220.	5.8647e-010	180.	-5.8647e-010	0.
3224.	5.969e-010	180.	-5.969e-010	0.
3228.	6.0763e-010	180.	-6.0763e-010	0.
3232.	6.1867e-010	180.	-6.1867e-010	0.
3236.	6.3003e-010	180.	-6.3003e-010	0.
3240.	6.4174e-010	180.	-6.4174e-010	0.
3244.	6.538e-010	180.	-6.538e-010	0.
3248.	6.6623e-010	180.	-6.6623e-010	0.
3252.	6.7905e-010	180.	-6.7905e-010	0.
3256.	6.9229e-010	180.	-6.9229e-010	0.
3260.	7.0595e-010	180.	-7.0595e-010	0.
3264.	7.2007e-010	180.	-7.2007e-010	0.
3268.	7.3467e-010	180.	-7.3467e-010	0.
3272.	7.4977e-010	180.	-7.4977e-010	0.
3276.	7.654e-010	180.	-7.654e-010	0.
3280.	7.8158e-010	180.	-7.8158e-010	0.
3284.	7.9835e-010	180.	-7.9835e-010	0.
3288.	8.1575e-010	180.	-8.1575e-010	0.
3292.	8.338e-010	180.	-8.338e-010	0.
3296.	8.5255e-010	180.	-8.5255e-010	0.
3300.	8.7203e-010	180.	-8.7203e-010	0.
3304.	8.923e-010	180.	-8.923e-010	0.
3308.	9.1339e-010	180.	-9.1339e-010	0.
3312.	9.3538e-010	180.	-9.3538e-010	0.
3316.	9.583e-010	180.	-9.583e-010	0.
3320.	9.8222e-010	180.	-9.8222e-010	0.
3324.	1.0072e-009	180.	-1.0072e-009	0.
3328.	1.0334e-009	180.	-1.0334e-009	0.
3332.	1.0607e-009	180.	-1.0607e-009	0.
3336.	1.0894e-009	180.	-1.0894e-009	0.
3340.	1.1195e-009	180.	-1.1195e-009	0.
3344.	1.1511e-009	180.	-1.1511e-009	0.
3348.	1.1843e-009	180.	-1.1843e-009	0.
3352.	1.2193e-009	180.	-1.2193e-009	0.
3356.	1.2562e-009	180.	-1.2562e-009	0.
3360.	1.2951e-009	180.	-1.2951e-009	0.
3364.	1.3363e-009	180.	-1.3363e-009	0.
3368.	1.3799e-009	180.	-1.3799e-009	0.
3372.	1.4262e-009	180.	-1.4262e-009	0.
3376.	1.4754e-009	180.	-1.4754e-009	0.
3380.	1.5277e-009	180.	-1.5277e-009	0.
3384.	1.5835e-009	180.	-1.5835e-009	0.
3388.	1.6432e-009	180.	-1.6432e-009	0.
3392.	1.707e-009	180.	-1.707e-009	0.
3396.	1.7754e-009	180.	-1.7754e-009	0.
3400.	1.849e-009	180.	-1.849e-009	0.
3404.	1.9282e-009	180.	-1.9282e-009	0.
3408.	2.0136e-009	180.	-2.0136e-009	0.
3412.	2.1057e-009	180.	-2.1057e-009	0.
3416.	2.2052e-009	180.	-2.2052e-009	0.
3420.	2.3124e-009	180.	-2.3124e-009	0.
3424.	2.4272e-009	180.	-2.4272e-009	0.
3428.	2.5481e-009	180.	-2.5481e-009	0.
3432.	2.6702e-009	180.	-2.6702e-009	0.
3436.	2.7764e-009	180.	-2.7764e-009	0.
3440.	2.7939e-009	180.	-2.7939e-009	0.
3444.	1.9551e-009	180.	-1.9551e-009	0.
3448.	4.9699e-009	180.	-4.9699e-009	0.
3452.	4.552e-009	180.	-4.552e-009	0.
3456.	4.7722e-009	180.	-4.7722e-009	0.
3460.	5.1637e-009	180.	-5.1637e-009	0.
3464.	5.6909e-009	180.	-5.6909e-009	0.
3468.	6.375e-009	180.	-6.375e-009	0.
3472.	7.2697e-009	180.	-7.2697e-009	0.
3476.	8.4716e-009	180.	-8.4716e-009	0.
3480.	1.0157e-008	180.	-1.0157e-008	0.
3484.	1.2676e-008	180.	-1.2676e-008	0.
3488.	1.6818e-008	180.	-1.6818e-008	0.
3492.	2.4815e-008	180.	-2.4815e-008	0.
3496.	4.61e-008	180.	-4.61e-008	0.
3500.	2.2487e-007	180.	-2.2487e-007	0.
3504.	1.3596e-007	0.	1.3596e-007	0.
3508.	1.7347e-009	0.	1.7347e-009	0.
3512.	1.291e-008	0.	1.291e-008	0.
3516.	1.1146e-008	0.	1.1146e-008	0.
3520.	9.3668e-009	0.	9.3668e-009	0.
3524.	8.0026e-009	0.	8.0026e-009	0.
3528.	6.9648e-009	0.	6.9648e-009	0.
3532.	6.1587e-009	0.	6.1587e-009	0.
3536.	5.518e-009	0.	5.518e-009	0.
3540.	4.9978e-009	0.	4.9978e-009	0.
3544.	4.5678e-009	0.	4.5678e-009	0.
3548.	4.2066e-009	0.	4.2066e-009	0.
3552.	3.8991e-009	0.	3.8991e-009	0.
3556.	3.6343e-009	0.	3.6343e-009	0.
3560.	3.404e-009	0.	3.404e-009	0.
3564.	3.2019e-009	0.	3.2019e-009	0.
3568.	3.0231e-009	0.	3.0231e-009	0.
3572.	2.8638e-009	0.	2.8638e-009	0.
3576.	2.721e-009	0.	2.721e-009	0.
3580.	2.5923e-009	0.	2.5923e-009	0.
3584.	2.4758e-009	0.	2.4758e-009	0.
3588.	2.3697e-009	0.	2.3697e-009	0.
3592.	2.2727e-009	0.	2.2727e-009	0.
3596.	2.1838e-009	0.	2.1838e-009	0.
3600.	2.1019e-009	0.	2.1019e-009	0.
3604.	2.0262e-009	0.	2.0262e-009	0.
3608.	1.9562e-009	0.	1.9562e-009	0.
3612.	1.8911e-009	0.	1.8911e-009	0.
3616.	1.8305e-009	0.	1.8305e-009	0.
3620.	1.7739e-009	0.	1.7739e-009	0.
3624.	1.7209e-009	0.	1.7209e-009	0.
3628.	1.6712e-009	0.	1.6712e-009	0.
3632.	1.6246e-009	0.	1.6246e-009	0.
3636.	1.5807e-009	0.	1.5807e-009	0.
3640.	1.5393e-009	0.	1.5393e-009	0.
3644.	1.5001e-009	0.	1.5001e-009	0.
3648.	1.4632e-009	0.	1.4632e-009	0.
3652.	1.4281e-009	0.	1.4281e-009	0.
3656.	1.3949e-009	0.	1.3949e-009	0.
3660.	1.3633e-009	0.	1.3633e-009	0.
3664.	1.3332e-009	0.	1.3332e-009	0.
3668.	1.3046e-009	0.	1.3046e-009	0.
3672.	1.2774e-009	0.	1.2774e-009	0.
3676.	1.2514e-009	0.	1.2514e-009	0.
3680.	1.2265e-009	0.	1.2265e-009	0.
3684.	1.2027e-009	0.	1.2027e-009	0.
3688.	1.18e-009	0.	1.18e-009	0.
3692.	1.1582e-009	0.	1.1582e-009	0.
3696.	1.1373e-009	0.	1.1373e-009	0.
3700.	1.1172e-009	0.	1.1172e-009	0.
3704.	1.098e-009	0.	1.098e-009	0.
3708.	1.0795e-009	0.	1.0795e-009	0.
3712.	1.0617e-009	0.	1.0617e-009	0.
3716.	1.0445e-009	0.	1.0445e-009	0.
3720.	1.028e-009	0.	1.028e-009	0.
3724.	1.0121e-009	0.	1.0121e-009	0.
3728.	9.9679e-010	0.	9.9679e-010	0.
3732.	9.82e-010	0.	9.82e-010	0.
3736.	9.6771e-010	0.	9.6771e-010	0.
3740.	9.5391e-010	0.	9.5391e-010	0.
3744.	9.4057e-010	0.	9.4057e-010	0.
3748.	9.2766e-010	0.	9.2766e-010	0.
3752.	9.1518e-010	0.	9.1518e-010	0.
3756.	9.031e-010	0.	9.031e-010	0.
3760.	8.914e-010	0.	8.914e-010	0.
3764.	8.8007e-010	0.	8.8007e-010	0.
3768.	8.6908e-010	0.	8.6908e-010	0.
3772.	8.5843e-010	0.	8.5843e-010	0.
3776.	8.4809e-010	0.	8.4809e-010	0.
3780.	8.3806e-010	0.	8.3806e-010	0.
3784.	8.2832e-010	0.	8.2832e-010	0.
3788.	8.1887e-010	0.	8.1887e-010	0.
3792.	8.0968e-010	0.	8.0968e-010	0.
3796.	8.0075e-010	0.	8.0075e-010	0.
3800.	7.9207e-010	0.	7.9207e-010	0.
3804.	7.8363e-010	0.	7.8363e-010	0.
3808.	7.7542e-010	0.	7.7542e-010	0.
3812.	7.6743e-010	0.	7.6743e-010	0.
3816.	7.5965e-010	0.	7.5965e-010	0.
3820.	7.5208e-010	0.	7.5208e-010	0.
3824.	7.447e-010	0.	7.447e-010	0.
3828.	7.3752e-010	0.	7.3752e-010	0.
3832.	7.3052e-010	0.	7.3052e-010	0.
3836.	7.237e-010	0.	7.237e-010	0.
3840.	7.1705e-010	0.	7.1705e-010	0.
3844.	7.1056e-010	0.	7.1056e-010	0.
3848.	7.0423e-010	0.	7.0423e-010	0.
3852.	6.9806e-010	0.	6.9806e-010	0.
3856.	6.9204e-010	0.	6.9204e-010	0.
3860.	6.8617e-010	0.	6.8617e-010	0.
3864.	6.8043e-010	0.	6.8043e-010	0.
3868.	6.7483e-010	0.	6.7483e-010	0.
3872.	6.6936e-010	0.	6.6936e-010	0.
3876.	6.6402e-010	0.	6.6402e-010	0.
3880.	6.5881e-010	0.	6.5881e-010	0.
3884.	6.5371e-010	0.	6.5371e-010	0.
3888.	6.4873e-010	0.	6.4873e-010	0.
3892.	6.4386e-010	0.	6.4386e-010	0.
3896.	6.3911e-010	0.	6.3911e-010	0.
3900.	6.3446e-010	0.	6.3446e-010	0.
3904.	6.2991e-010	0.	6.2991e-010	0.
3908.	6.2547e-010	0.	6.2547e-010	0.
3912.	6.2112e-010	0.	6.2112e-010	0.
3916.	6.1687e-010	0.	6.1687e-010	0.
3920.	6.1272e-010	0.	6.1272e-010	0.
3924.	6.0865e-010	0.	6.0865e-010	0.
3928.	6.0467e-010	0.	6.0467e-010	0.
3932.	6.0078e-010	0.	6.0078e-010	0.
3936.	5.9697e-010	0.	5.9697e-010	0.
3940.	5.9324e-010	0.	5.9324e-010	0.
3944.	5.8959e-010	0.	5.8959e-010	0.
3948.	5.8603e-010	0.	5.8603e-010	0.
3952.	5.8253e-010	0.	5.8253e-010	0.
3956.	5.7911e-010	0.	5.7911e-010	0.
3960.	5.7577e-010	0.	5.7577e-010	0.
3964.	5.7249e-010	0.	5.7249e-010	0.
3968.	5.6928e-010	0.	5.6928e-010	0.
3972.	5.6614e-010	0.	5.6614e-010	0.
3976.	5.6307e-010	0.	5.6307e-010	0.
3980.	5.6006e-010	0.	5.6006e-010	0.
3984.	5.5711e-010	0.	5.5711e-010	0.
3988.	5.5423e-010	0.	5.5423e-010	0.
3992.	5.5141e-010	0.	5.5141e-010	0.
3996.	5.4864e-010	0.	5.4864e-010	0.
4000.	5.4594e-010	0.	5.4594e-010	0.
