é¸îgêî (Hz)	êUïù (mm)	à ëääp (ìx)	é¿ïî (mm)	ãïïî (mm)
4.	1.0078e-010	180.	-1.0078e-010	0.
8.	1.0079e-010	180.	-1.0079e-010	0.
12.	1.0079e-010	180.	-1.0079e-010	0.
16.	1.0079e-010	180.	-1.0079e-010	0.
20.	1.0079e-010	180.	-1.0079e-010	0.
24.	1.008e-010	180.	-1.008e-010	0.
28.	1.008e-010	180.	-1.008e-010	0.
32.	1.008e-010	180.	-1.008e-010	0.
36.	1.0081e-010	180.	-1.0081e-010	0.
40.	1.0082e-010	180.	-1.0082e-010	0.
44.	1.0082e-010	180.	-1.0082e-010	0.
48.	1.0083e-010	180.	-1.0083e-010	0.
52.	1.0084e-010	180.	-1.0084e-010	0.
56.	1.0084e-010	180.	-1.0084e-010	0.
60.	1.0085e-010	180.	-1.0085e-010	0.
64.	1.0086e-010	180.	-1.0086e-010	0.
68.	1.0087e-010	180.	-1.0087e-010	0.
72.	1.0088e-010	180.	-1.0088e-010	0.
76.	1.009e-010	180.	-1.009e-010	0.
80.	1.0091e-010	180.	-1.0091e-010	0.
84.	1.0092e-010	180.	-1.0092e-010	0.
88.	1.0093e-010	180.	-1.0093e-010	0.
92.	1.0095e-010	180.	-1.0095e-010	0.
96.	1.0096e-010	180.	-1.0096e-010	0.
100.	1.0098e-010	180.	-1.0098e-010	0.
104.	1.0099e-010	180.	-1.0099e-010	0.
108.	1.0101e-010	180.	-1.0101e-010	0.
112.	1.0103e-010	180.	-1.0103e-010	0.
116.	1.0104e-010	180.	-1.0104e-010	0.
120.	1.0106e-010	180.	-1.0106e-010	0.
124.	1.0108e-010	180.	-1.0108e-010	0.
128.	1.011e-010	180.	-1.011e-010	0.
132.	1.0112e-010	180.	-1.0112e-010	0.
136.	1.0114e-010	180.	-1.0114e-010	0.
140.	1.0116e-010	180.	-1.0116e-010	0.
144.	1.0119e-010	180.	-1.0119e-010	0.
148.	1.0121e-010	180.	-1.0121e-010	0.
152.	1.0123e-010	180.	-1.0123e-010	0.
156.	1.0126e-010	180.	-1.0126e-010	0.
160.	1.0128e-010	180.	-1.0128e-010	0.
164.	1.0131e-010	180.	-1.0131e-010	0.
168.	1.0133e-010	180.	-1.0133e-010	0.
172.	1.0136e-010	180.	-1.0136e-010	0.
176.	1.0138e-010	180.	-1.0138e-010	0.
180.	1.0141e-010	180.	-1.0141e-010	0.
184.	1.0144e-010	180.	-1.0144e-010	0.
188.	1.0147e-010	180.	-1.0147e-010	0.
192.	1.015e-010	180.	-1.015e-010	0.
196.	1.0153e-010	180.	-1.0153e-010	0.
200.	1.0156e-010	180.	-1.0156e-010	0.
204.	1.0159e-010	180.	-1.0159e-010	0.
208.	1.0162e-010	180.	-1.0162e-010	0.
212.	1.0166e-010	180.	-1.0166e-010	0.
216.	1.0169e-010	180.	-1.0169e-010	0.
220.	1.0173e-010	180.	-1.0173e-010	0.
224.	1.0176e-010	180.	-1.0176e-010	0.
228.	1.018e-010	180.	-1.018e-010	0.
232.	1.0183e-010	180.	-1.0183e-010	0.
236.	1.0187e-010	180.	-1.0187e-010	0.
240.	1.0191e-010	180.	-1.0191e-010	0.
244.	1.0194e-010	180.	-1.0194e-010	0.
248.	1.0198e-010	180.	-1.0198e-010	0.
252.	1.0202e-010	180.	-1.0202e-010	0.
256.	1.0206e-010	180.	-1.0206e-010	0.
260.	1.021e-010	180.	-1.021e-010	0.
264.	1.0214e-010	180.	-1.0214e-010	0.
268.	1.0219e-010	180.	-1.0219e-010	0.
272.	1.0223e-010	180.	-1.0223e-010	0.
276.	1.0227e-010	180.	-1.0227e-010	0.
280.	1.0232e-010	180.	-1.0232e-010	0.
284.	1.0236e-010	180.	-1.0236e-010	0.
288.	1.0241e-010	180.	-1.0241e-010	0.
292.	1.0245e-010	180.	-1.0245e-010	0.
296.	1.025e-010	180.	-1.025e-010	0.
300.	1.0255e-010	180.	-1.0255e-010	0.
304.	1.026e-010	180.	-1.026e-010	0.
308.	1.0265e-010	180.	-1.0265e-010	0.
312.	1.0269e-010	180.	-1.0269e-010	0.
316.	1.0275e-010	180.	-1.0275e-010	0.
320.	1.028e-010	180.	-1.028e-010	0.
324.	1.0285e-010	180.	-1.0285e-010	0.
328.	1.029e-010	180.	-1.029e-010	0.
332.	1.0295e-010	180.	-1.0295e-010	0.
336.	1.0301e-010	180.	-1.0301e-010	0.
340.	1.0306e-010	180.	-1.0306e-010	0.
344.	1.0312e-010	180.	-1.0312e-010	0.
348.	1.0317e-010	180.	-1.0317e-010	0.
352.	1.0323e-010	180.	-1.0323e-010	0.
356.	1.0329e-010	180.	-1.0329e-010	0.
360.	1.0334e-010	180.	-1.0334e-010	0.
364.	1.034e-010	180.	-1.034e-010	0.
368.	1.0346e-010	180.	-1.0346e-010	0.
372.	1.0352e-010	180.	-1.0352e-010	0.
376.	1.0358e-010	180.	-1.0358e-010	0.
380.	1.0364e-010	180.	-1.0364e-010	0.
384.	1.0371e-010	180.	-1.0371e-010	0.
388.	1.0377e-010	180.	-1.0377e-010	0.
392.	1.0383e-010	180.	-1.0383e-010	0.
396.	1.039e-010	180.	-1.039e-010	0.
400.	1.0396e-010	180.	-1.0396e-010	0.
404.	1.0403e-010	180.	-1.0403e-010	0.
408.	1.041e-010	180.	-1.041e-010	0.
412.	1.0416e-010	180.	-1.0416e-010	0.
416.	1.0423e-010	180.	-1.0423e-010	0.
420.	1.043e-010	180.	-1.043e-010	0.
424.	1.0437e-010	180.	-1.0437e-010	0.
428.	1.0444e-010	180.	-1.0444e-010	0.
432.	1.0451e-010	180.	-1.0451e-010	0.
436.	1.0458e-010	180.	-1.0458e-010	0.
440.	1.0466e-010	180.	-1.0466e-010	0.
444.	1.0473e-010	180.	-1.0473e-010	0.
448.	1.048e-010	180.	-1.048e-010	0.
452.	1.0488e-010	180.	-1.0488e-010	0.
456.	1.0496e-010	180.	-1.0496e-010	0.
460.	1.0503e-010	180.	-1.0503e-010	0.
464.	1.0511e-010	180.	-1.0511e-010	0.
468.	1.0519e-010	180.	-1.0519e-010	0.
472.	1.0527e-010	180.	-1.0527e-010	0.
476.	1.0535e-010	180.	-1.0535e-010	0.
480.	1.0543e-010	180.	-1.0543e-010	0.
484.	1.0551e-010	180.	-1.0551e-010	0.
488.	1.0559e-010	180.	-1.0559e-010	0.
492.	1.0567e-010	180.	-1.0567e-010	0.
496.	1.0576e-010	180.	-1.0576e-010	0.
500.	1.0584e-010	180.	-1.0584e-010	0.
504.	1.0593e-010	180.	-1.0593e-010	0.
508.	1.0601e-010	180.	-1.0601e-010	0.
512.	1.061e-010	180.	-1.061e-010	0.
516.	1.0619e-010	180.	-1.0619e-010	0.
520.	1.0628e-010	180.	-1.0628e-010	0.
524.	1.0637e-010	180.	-1.0637e-010	0.
528.	1.0646e-010	180.	-1.0646e-010	0.
532.	1.0655e-010	180.	-1.0655e-010	0.
536.	1.0664e-010	180.	-1.0664e-010	0.
540.	1.0673e-010	180.	-1.0673e-010	0.
544.	1.0683e-010	180.	-1.0683e-010	0.
548.	1.0692e-010	180.	-1.0692e-010	0.
552.	1.0702e-010	180.	-1.0702e-010	0.
556.	1.0712e-010	180.	-1.0712e-010	0.
560.	1.0721e-010	180.	-1.0721e-010	0.
564.	1.0731e-010	180.	-1.0731e-010	0.
568.	1.0741e-010	180.	-1.0741e-010	0.
572.	1.0751e-010	180.	-1.0751e-010	0.
576.	1.0761e-010	180.	-1.0761e-010	0.
580.	1.0771e-010	180.	-1.0771e-010	0.
584.	1.0782e-010	180.	-1.0782e-010	0.
588.	1.0792e-010	180.	-1.0792e-010	0.
592.	1.0802e-010	180.	-1.0802e-010	0.
596.	1.0813e-010	180.	-1.0813e-010	0.
600.	1.0824e-010	180.	-1.0824e-010	0.
604.	1.0834e-010	180.	-1.0834e-010	0.
608.	1.0845e-010	180.	-1.0845e-010	0.
612.	1.0856e-010	180.	-1.0856e-010	0.
616.	1.0867e-010	180.	-1.0867e-010	0.
620.	1.0878e-010	180.	-1.0878e-010	0.
624.	1.0889e-010	180.	-1.0889e-010	0.
628.	1.0901e-010	180.	-1.0901e-010	0.
632.	1.0912e-010	180.	-1.0912e-010	0.
636.	1.0924e-010	180.	-1.0924e-010	0.
640.	1.0935e-010	180.	-1.0935e-010	0.
644.	1.0947e-010	180.	-1.0947e-010	0.
648.	1.0959e-010	180.	-1.0959e-010	0.
652.	1.097e-010	180.	-1.097e-010	0.
656.	1.0982e-010	180.	-1.0982e-010	0.
660.	1.0995e-010	180.	-1.0995e-010	0.
664.	1.1007e-010	180.	-1.1007e-010	0.
668.	1.1019e-010	180.	-1.1019e-010	0.
672.	1.1031e-010	180.	-1.1031e-010	0.
676.	1.1044e-010	180.	-1.1044e-010	0.
680.	1.1057e-010	180.	-1.1057e-010	0.
684.	1.1069e-010	180.	-1.1069e-010	0.
688.	1.1082e-010	180.	-1.1082e-010	0.
692.	1.1095e-010	180.	-1.1095e-010	0.
696.	1.1108e-010	180.	-1.1108e-010	0.
700.	1.1121e-010	180.	-1.1121e-010	0.
704.	1.1134e-010	180.	-1.1134e-010	0.
708.	1.1148e-010	180.	-1.1148e-010	0.
712.	1.1161e-010	180.	-1.1161e-010	0.
716.	1.1175e-010	180.	-1.1175e-010	0.
720.	1.1188e-010	180.	-1.1188e-010	0.
724.	1.1202e-010	180.	-1.1202e-010	0.
728.	1.1216e-010	180.	-1.1216e-010	0.
732.	1.123e-010	180.	-1.123e-010	0.
736.	1.1244e-010	180.	-1.1244e-010	0.
740.	1.1259e-010	180.	-1.1259e-010	0.
744.	1.1273e-010	180.	-1.1273e-010	0.
748.	1.1287e-010	180.	-1.1287e-010	0.
752.	1.1302e-010	180.	-1.1302e-010	0.
756.	1.1317e-010	180.	-1.1317e-010	0.
760.	1.1332e-010	180.	-1.1332e-010	0.
764.	1.1347e-010	180.	-1.1347e-010	0.
768.	1.1362e-010	180.	-1.1362e-010	0.
772.	1.1377e-010	180.	-1.1377e-010	0.
776.	1.1392e-010	180.	-1.1392e-010	0.
780.	1.1408e-010	180.	-1.1408e-010	0.
784.	1.1423e-010	180.	-1.1423e-010	0.
788.	1.1439e-010	180.	-1.1439e-010	0.
792.	1.1455e-010	180.	-1.1455e-010	0.
796.	1.1471e-010	180.	-1.1471e-010	0.
800.	1.1487e-010	180.	-1.1487e-010	0.
804.	1.1503e-010	180.	-1.1503e-010	0.
808.	1.1519e-010	180.	-1.1519e-010	0.
812.	1.1536e-010	180.	-1.1536e-010	0.
816.	1.1552e-010	180.	-1.1552e-010	0.
820.	1.1569e-010	180.	-1.1569e-010	0.
824.	1.1586e-010	180.	-1.1586e-010	0.
828.	1.1603e-010	180.	-1.1603e-010	0.
832.	1.162e-010	180.	-1.162e-010	0.
836.	1.1638e-010	180.	-1.1638e-010	0.
840.	1.1655e-010	180.	-1.1655e-010	0.
844.	1.1673e-010	180.	-1.1673e-010	0.
848.	1.169e-010	180.	-1.169e-010	0.
852.	1.1708e-010	180.	-1.1708e-010	0.
856.	1.1726e-010	180.	-1.1726e-010	0.
860.	1.1744e-010	180.	-1.1744e-010	0.
864.	1.1763e-010	180.	-1.1763e-010	0.
868.	1.1781e-010	180.	-1.1781e-010	0.
872.	1.18e-010	180.	-1.18e-010	0.
876.	1.1818e-010	180.	-1.1818e-010	0.
880.	1.1837e-010	180.	-1.1837e-010	0.
884.	1.1856e-010	180.	-1.1856e-010	0.
888.	1.1875e-010	180.	-1.1875e-010	0.
892.	1.1895e-010	180.	-1.1895e-010	0.
896.	1.1914e-010	180.	-1.1914e-010	0.
900.	1.1934e-010	180.	-1.1934e-010	0.
904.	1.1954e-010	180.	-1.1954e-010	0.
908.	1.1974e-010	180.	-1.1974e-010	0.
912.	1.1994e-010	180.	-1.1994e-010	0.
916.	1.2014e-010	180.	-1.2014e-010	0.
920.	1.2035e-010	180.	-1.2035e-010	0.
924.	1.2055e-010	180.	-1.2055e-010	0.
928.	1.2076e-010	180.	-1.2076e-010	0.
932.	1.2097e-010	180.	-1.2097e-010	0.
936.	1.2118e-010	180.	-1.2118e-010	0.
940.	1.214e-010	180.	-1.214e-010	0.
944.	1.2161e-010	180.	-1.2161e-010	0.
948.	1.2183e-010	180.	-1.2183e-010	0.
952.	1.2205e-010	180.	-1.2205e-010	0.
956.	1.2227e-010	180.	-1.2227e-010	0.
960.	1.2249e-010	180.	-1.2249e-010	0.
964.	1.2271e-010	180.	-1.2271e-010	0.
968.	1.2294e-010	180.	-1.2294e-010	0.
972.	1.2317e-010	180.	-1.2317e-010	0.
976.	1.234e-010	180.	-1.234e-010	0.
980.	1.2363e-010	180.	-1.2363e-010	0.
984.	1.2386e-010	180.	-1.2386e-010	0.
988.	1.241e-010	180.	-1.241e-010	0.
992.	1.2433e-010	180.	-1.2433e-010	0.
996.	1.2457e-010	180.	-1.2457e-010	0.
1000.	1.2481e-010	180.	-1.2481e-010	0.
1004.	1.2506e-010	180.	-1.2506e-010	0.
1008.	1.253e-010	180.	-1.253e-010	0.
1012.	1.2555e-010	180.	-1.2555e-010	0.
1016.	1.258e-010	180.	-1.258e-010	0.
1020.	1.2605e-010	180.	-1.2605e-010	0.
1024.	1.2631e-010	180.	-1.2631e-010	0.
1028.	1.2656e-010	180.	-1.2656e-010	0.
1032.	1.2682e-010	180.	-1.2682e-010	0.
1036.	1.2708e-010	180.	-1.2708e-010	0.
1040.	1.2734e-010	180.	-1.2734e-010	0.
1044.	1.2761e-010	180.	-1.2761e-010	0.
1048.	1.2788e-010	180.	-1.2788e-010	0.
1052.	1.2815e-010	180.	-1.2815e-010	0.
1056.	1.2842e-010	180.	-1.2842e-010	0.
1060.	1.2869e-010	180.	-1.2869e-010	0.
1064.	1.2897e-010	180.	-1.2897e-010	0.
1068.	1.2925e-010	180.	-1.2925e-010	0.
1072.	1.2953e-010	180.	-1.2953e-010	0.
1076.	1.2981e-010	180.	-1.2981e-010	0.
1080.	1.301e-010	180.	-1.301e-010	0.
1084.	1.3039e-010	180.	-1.3039e-010	0.
1088.	1.3068e-010	180.	-1.3068e-010	0.
1092.	1.3098e-010	180.	-1.3098e-010	0.
1096.	1.3127e-010	180.	-1.3127e-010	0.
1100.	1.3157e-010	180.	-1.3157e-010	0.
1104.	1.3188e-010	180.	-1.3188e-010	0.
1108.	1.3218e-010	180.	-1.3218e-010	0.
1112.	1.3249e-010	180.	-1.3249e-010	0.
1116.	1.328e-010	180.	-1.328e-010	0.
1120.	1.3311e-010	180.	-1.3311e-010	0.
1124.	1.3343e-010	180.	-1.3343e-010	0.
1128.	1.3375e-010	180.	-1.3375e-010	0.
1132.	1.3407e-010	180.	-1.3407e-010	0.
1136.	1.344e-010	180.	-1.344e-010	0.
1140.	1.3473e-010	180.	-1.3473e-010	0.
1144.	1.3506e-010	180.	-1.3506e-010	0.
1148.	1.3539e-010	180.	-1.3539e-010	0.
1152.	1.3573e-010	180.	-1.3573e-010	0.
1156.	1.3607e-010	180.	-1.3607e-010	0.
1160.	1.3641e-010	180.	-1.3641e-010	0.
1164.	1.3676e-010	180.	-1.3676e-010	0.
1168.	1.3711e-010	180.	-1.3711e-010	0.
1172.	1.3747e-010	180.	-1.3747e-010	0.
1176.	1.3782e-010	180.	-1.3782e-010	0.
1180.	1.3819e-010	180.	-1.3819e-010	0.
1184.	1.3855e-010	180.	-1.3855e-010	0.
1188.	1.3892e-010	180.	-1.3892e-010	0.
1192.	1.3929e-010	180.	-1.3929e-010	0.
1196.	1.3966e-010	180.	-1.3966e-010	0.
1200.	1.4004e-010	180.	-1.4004e-010	0.
1204.	1.4043e-010	180.	-1.4043e-010	0.
1208.	1.4081e-010	180.	-1.4081e-010	0.
1212.	1.412e-010	180.	-1.412e-010	0.
1216.	1.416e-010	180.	-1.416e-010	0.
1220.	1.42e-010	180.	-1.42e-010	0.
1224.	1.424e-010	180.	-1.424e-010	0.
1228.	1.4281e-010	180.	-1.4281e-010	0.
1232.	1.4322e-010	180.	-1.4322e-010	0.
1236.	1.4363e-010	180.	-1.4363e-010	0.
1240.	1.4405e-010	180.	-1.4405e-010	0.
1244.	1.4448e-010	180.	-1.4448e-010	0.
1248.	1.4491e-010	180.	-1.4491e-010	0.
1252.	1.4534e-010	180.	-1.4534e-010	0.
1256.	1.4578e-010	180.	-1.4578e-010	0.
1260.	1.4622e-010	180.	-1.4622e-010	0.
1264.	1.4667e-010	180.	-1.4667e-010	0.
1268.	1.4712e-010	180.	-1.4712e-010	0.
1272.	1.4757e-010	180.	-1.4757e-010	0.
1276.	1.4804e-010	180.	-1.4804e-010	0.
1280.	1.485e-010	180.	-1.485e-010	0.
1284.	1.4898e-010	180.	-1.4898e-010	0.
1288.	1.4945e-010	180.	-1.4945e-010	0.
1292.	1.4994e-010	180.	-1.4994e-010	0.
1296.	1.5042e-010	180.	-1.5042e-010	0.
1300.	1.5092e-010	180.	-1.5092e-010	0.
1304.	1.5142e-010	180.	-1.5142e-010	0.
1308.	1.5192e-010	180.	-1.5192e-010	0.
1312.	1.5244e-010	180.	-1.5244e-010	0.
1316.	1.5295e-010	180.	-1.5295e-010	0.
1320.	1.5348e-010	180.	-1.5348e-010	0.
1324.	1.5401e-010	180.	-1.5401e-010	0.
1328.	1.5454e-010	180.	-1.5454e-010	0.
1332.	1.5508e-010	180.	-1.5508e-010	0.
1336.	1.5563e-010	180.	-1.5563e-010	0.
1340.	1.5619e-010	180.	-1.5619e-010	0.
1344.	1.5675e-010	180.	-1.5675e-010	0.
1348.	1.5732e-010	180.	-1.5732e-010	0.
1352.	1.579e-010	180.	-1.579e-010	0.
1356.	1.5848e-010	180.	-1.5848e-010	0.
1360.	1.5907e-010	180.	-1.5907e-010	0.
1364.	1.5967e-010	180.	-1.5967e-010	0.
1368.	1.6027e-010	180.	-1.6027e-010	0.
1372.	1.6089e-010	180.	-1.6089e-010	0.
1376.	1.6151e-010	180.	-1.6151e-010	0.
1380.	1.6214e-010	180.	-1.6214e-010	0.
1384.	1.6278e-010	180.	-1.6278e-010	0.
1388.	1.6343e-010	180.	-1.6343e-010	0.
1392.	1.6408e-010	180.	-1.6408e-010	0.
1396.	1.6475e-010	180.	-1.6475e-010	0.
1400.	1.6542e-010	180.	-1.6542e-010	0.
1404.	1.661e-010	180.	-1.661e-010	0.
1408.	1.668e-010	180.	-1.668e-010	0.
1412.	1.675e-010	180.	-1.675e-010	0.
1416.	1.6821e-010	180.	-1.6821e-010	0.
1420.	1.6893e-010	180.	-1.6893e-010	0.
1424.	1.6967e-010	180.	-1.6967e-010	0.
1428.	1.7041e-010	180.	-1.7041e-010	0.
1432.	1.7116e-010	180.	-1.7116e-010	0.
1436.	1.7193e-010	180.	-1.7193e-010	0.
1440.	1.7271e-010	180.	-1.7271e-010	0.
1444.	1.735e-010	180.	-1.735e-010	0.
1448.	1.743e-010	180.	-1.743e-010	0.
1452.	1.7511e-010	180.	-1.7511e-010	0.
1456.	1.7594e-010	180.	-1.7594e-010	0.
1460.	1.7678e-010	180.	-1.7678e-010	0.
1464.	1.7763e-010	180.	-1.7763e-010	0.
1468.	1.785e-010	180.	-1.785e-010	0.
1472.	1.7938e-010	180.	-1.7938e-010	0.
1476.	1.8027e-010	180.	-1.8027e-010	0.
1480.	1.8118e-010	180.	-1.8118e-010	0.
1484.	1.8211e-010	180.	-1.8211e-010	0.
1488.	1.8305e-010	180.	-1.8305e-010	0.
1492.	1.84e-010	180.	-1.84e-010	0.
1496.	1.8498e-010	180.	-1.8498e-010	0.
1500.	1.8597e-010	180.	-1.8597e-010	0.
1504.	1.8698e-010	180.	-1.8698e-010	0.
1508.	1.88e-010	180.	-1.88e-010	0.
1512.	1.8905e-010	180.	-1.8905e-010	0.
1516.	1.9011e-010	180.	-1.9011e-010	0.
1520.	1.912e-010	180.	-1.912e-010	0.
1524.	1.923e-010	180.	-1.923e-010	0.
1528.	1.9343e-010	180.	-1.9343e-010	0.
1532.	1.9458e-010	180.	-1.9458e-010	0.
1536.	1.9575e-010	180.	-1.9575e-010	0.
1540.	1.9694e-010	180.	-1.9694e-010	0.
1544.	1.9816e-010	180.	-1.9816e-010	0.
1548.	1.994e-010	180.	-1.994e-010	0.
1552.	2.0067e-010	180.	-2.0067e-010	0.
1556.	2.0197e-010	180.	-2.0197e-010	0.
1560.	2.0329e-010	180.	-2.0329e-010	0.
1564.	2.0464e-010	180.	-2.0464e-010	0.
1568.	2.0603e-010	180.	-2.0603e-010	0.
1572.	2.0744e-010	180.	-2.0744e-010	0.
1576.	2.0888e-010	180.	-2.0888e-010	0.
1580.	2.1036e-010	180.	-2.1036e-010	0.
1584.	2.1188e-010	180.	-2.1188e-010	0.
1588.	2.1343e-010	180.	-2.1343e-010	0.
1592.	2.1501e-010	180.	-2.1501e-010	0.
1596.	2.1664e-010	180.	-2.1664e-010	0.
1600.	2.1831e-010	180.	-2.1831e-010	0.
1604.	2.2001e-010	180.	-2.2001e-010	0.
1608.	2.2177e-010	180.	-2.2177e-010	0.
1612.	2.2357e-010	180.	-2.2357e-010	0.
1616.	2.2542e-010	180.	-2.2542e-010	0.
1620.	2.2732e-010	180.	-2.2732e-010	0.
1624.	2.2927e-010	180.	-2.2927e-010	0.
1628.	2.3128e-010	180.	-2.3128e-010	0.
1632.	2.3334e-010	180.	-2.3334e-010	0.
1636.	2.3547e-010	180.	-2.3547e-010	0.
1640.	2.3766e-010	180.	-2.3766e-010	0.
1644.	2.3992e-010	180.	-2.3992e-010	0.
1648.	2.4225e-010	180.	-2.4225e-010	0.
1652.	2.4466e-010	180.	-2.4466e-010	0.
1656.	2.4715e-010	180.	-2.4715e-010	0.
1660.	2.4971e-010	180.	-2.4971e-010	0.
1664.	2.5237e-010	180.	-2.5237e-010	0.
1668.	2.5513e-010	180.	-2.5513e-010	0.
1672.	2.5798e-010	180.	-2.5798e-010	0.
1676.	2.6094e-010	180.	-2.6094e-010	0.
1680.	2.6401e-010	180.	-2.6401e-010	0.
1684.	2.672e-010	180.	-2.672e-010	0.
1688.	2.7052e-010	180.	-2.7052e-010	0.
1692.	2.7397e-010	180.	-2.7397e-010	0.
1696.	2.7758e-010	180.	-2.7758e-010	0.
1700.	2.8134e-010	180.	-2.8134e-010	0.
1704.	2.8527e-010	180.	-2.8527e-010	0.
1708.	2.8938e-010	180.	-2.8938e-010	0.
1712.	2.9369e-010	180.	-2.9369e-010	0.
1716.	2.9821e-010	180.	-2.9821e-010	0.
1720.	3.0296e-010	180.	-3.0296e-010	0.
1724.	3.0796e-010	180.	-3.0796e-010	0.
1728.	3.1324e-010	180.	-3.1324e-010	0.
1732.	3.1881e-010	180.	-3.1881e-010	0.
1736.	3.2472e-010	180.	-3.2472e-010	0.
1740.	3.3098e-010	180.	-3.3098e-010	0.
1744.	3.3764e-010	180.	-3.3764e-010	0.
1748.	3.4475e-010	180.	-3.4475e-010	0.
1752.	3.5235e-010	180.	-3.5235e-010	0.
1756.	3.6049e-010	180.	-3.6049e-010	0.
1760.	3.6925e-010	180.	-3.6925e-010	0.
1764.	3.7871e-010	180.	-3.7871e-010	0.
1768.	3.8896e-010	180.	-3.8896e-010	0.
1772.	4.0011e-010	180.	-4.0011e-010	0.
1776.	4.123e-010	180.	-4.123e-010	0.
1780.	4.2568e-010	180.	-4.2568e-010	0.
1784.	4.4047e-010	180.	-4.4047e-010	0.
1788.	4.569e-010	180.	-4.569e-010	0.
1792.	4.7528e-010	180.	-4.7528e-010	0.
1796.	4.9602e-010	180.	-4.9602e-010	0.
1800.	5.1961e-010	180.	-5.1961e-010	0.
1804.	5.4674e-010	180.	-5.4674e-010	0.
1808.	5.7829e-010	180.	-5.7829e-010	0.
1812.	6.1551e-010	180.	-6.1551e-010	0.
1816.	6.6013e-010	180.	-6.6013e-010	0.
1820.	7.1471e-010	180.	-7.1471e-010	0.
1824.	7.8311e-010	180.	-7.8311e-010	0.
1828.	8.7152e-010	180.	-8.7152e-010	0.
1832.	9.9049e-010	180.	-9.9049e-010	0.
1836.	1.1596e-009	180.	-1.1596e-009	0.
1840.	1.4195e-009	180.	-1.4195e-009	0.
1844.	1.8719e-009	180.	-1.8719e-009	0.
1848.	2.8596e-009	180.	-2.8596e-009	0.
1852.	6.7326e-009	180.	-6.7326e-009	0.
1856.	1.3768e-008	0.	1.3768e-008	0.
1860.	3.156e-009	0.	3.156e-009	0.
1864.	1.6965e-009	0.	1.6965e-009	0.
1868.	1.1153e-009	0.	1.1153e-009	0.
1872.	8.0221e-010	0.	8.0221e-010	0.
1876.	6.0585e-010	0.	6.0585e-010	0.
1880.	4.7077e-010	0.	4.7077e-010	0.
1884.	3.718e-010	0.	3.718e-010	0.
1888.	2.9587e-010	0.	2.9587e-010	0.
1892.	2.3554e-010	0.	2.3554e-010	0.
1896.	1.8621e-010	0.	1.8621e-010	0.
1900.	1.4495e-010	0.	1.4495e-010	0.
1904.	1.0975e-010	0.	1.0975e-010	0.
1908.	7.9195e-011	0.	7.9195e-011	0.
1912.	5.2285e-011	0.	5.2285e-011	0.
1916.	2.8264e-011	0.	2.8264e-011	0.
1920.	6.5595e-012	0.	6.5595e-012	0.
1924.	1.3272e-011	180.	-1.3272e-011	0.
1928.	3.1582e-011	180.	-3.1582e-011	0.
1932.	4.8652e-011	180.	-4.8652e-011	0.
1936.	6.4714e-011	180.	-6.4714e-011	0.
1940.	7.9961e-011	180.	-7.9961e-011	0.
1944.	9.4557e-011	180.	-9.4557e-011	0.
1948.	1.0864e-010	180.	-1.0864e-010	0.
1952.	1.2235e-010	180.	-1.2235e-010	0.
1956.	1.3578e-010	180.	-1.3578e-010	0.
1960.	1.4905e-010	180.	-1.4905e-010	0.
1964.	1.6226e-010	180.	-1.6226e-010	0.
1968.	1.7549e-010	180.	-1.7549e-010	0.
1972.	1.8884e-010	180.	-1.8884e-010	0.
1976.	2.0241e-010	180.	-2.0241e-010	0.
1980.	2.163e-010	180.	-2.163e-010	0.
1984.	2.3061e-010	180.	-2.3061e-010	0.
1988.	2.4547e-010	180.	-2.4547e-010	0.
1992.	2.6099e-010	180.	-2.6099e-010	0.
1996.	2.7731e-010	180.	-2.7731e-010	0.
2000.	2.9462e-010	180.	-2.9462e-010	0.
2004.	3.1309e-010	180.	-3.1309e-010	0.
2008.	3.3296e-010	180.	-3.3296e-010	0.
2012.	3.5449e-010	180.	-3.5449e-010	0.
2016.	3.7803e-010	180.	-3.7803e-010	0.
2020.	4.0398e-010	180.	-4.0398e-010	0.
2024.	4.3287e-010	180.	-4.3287e-010	0.
2028.	4.6534e-010	180.	-4.6534e-010	0.
2032.	5.0228e-010	180.	-5.0228e-010	0.
2036.	5.4481e-010	180.	-5.4481e-010	0.
2040.	5.945e-010	180.	-5.945e-010	0.
2044.	6.5352e-010	180.	-6.5352e-010	0.
2048.	7.2501e-010	180.	-7.2501e-010	0.
2052.	8.1364e-010	180.	-8.1364e-010	0.
2056.	9.2676e-010	180.	-9.2676e-010	0.
2060.	1.0766e-009	180.	-1.0766e-009	0.
2064.	1.2849e-009	180.	-1.2849e-009	0.
2068.	1.5952e-009	180.	-1.5952e-009	0.
2072.	2.1075e-009	180.	-2.1075e-009	0.
2076.	3.1154e-009	180.	-3.1154e-009	0.
2080.	5.9946e-009	180.	-5.9946e-009	0.
2084.	5.1573e-008	180.	-5.1573e-008	0.
2088.	5.8692e-009	0.	5.8692e-009	0.
2092.	3.0733e-009	0.	3.0733e-009	0.
2096.	2.0401e-009	0.	2.0401e-009	0.
2100.	1.5165e-009	0.	1.5165e-009	0.
2104.	1.2008e-009	0.	1.2008e-009	0.
2108.	9.8964e-010	0.	9.8964e-010	0.
2112.	8.3841e-010	0.	8.3841e-010	0.
2116.	7.2466e-010	0.	7.2466e-010	0.
2120.	6.3591e-010	0.	6.3591e-010	0.
2124.	5.6467e-010	0.	5.6467e-010	0.
2128.	5.0618e-010	0.	5.0618e-010	0.
2132.	4.5724e-010	0.	4.5724e-010	0.
2136.	4.1565e-010	0.	4.1565e-010	0.
2140.	3.7986e-010	0.	3.7986e-010	0.
2144.	3.4869e-010	0.	3.4869e-010	0.
2148.	3.2128e-010	0.	3.2128e-010	0.
2152.	2.9698e-010	0.	2.9698e-010	0.
2156.	2.7527e-010	0.	2.7527e-010	0.
2160.	2.5574e-010	0.	2.5574e-010	0.
2164.	2.3806e-010	0.	2.3806e-010	0.
2168.	2.2197e-010	0.	2.2197e-010	0.
2172.	2.0726e-010	0.	2.0726e-010	0.
2176.	1.9375e-010	0.	1.9375e-010	0.
2180.	1.8129e-010	0.	1.8129e-010	0.
2184.	1.6975e-010	0.	1.6975e-010	0.
2188.	1.5903e-010	0.	1.5903e-010	0.
2192.	1.4904e-010	0.	1.4904e-010	0.
2196.	1.397e-010	0.	1.397e-010	0.
2200.	1.3094e-010	0.	1.3094e-010	0.
2204.	1.2271e-010	0.	1.2271e-010	0.
2208.	1.1496e-010	0.	1.1496e-010	0.
2212.	1.0764e-010	0.	1.0764e-010	0.
2216.	1.0071e-010	0.	1.0071e-010	0.
2220.	9.4138e-011	0.	9.4138e-011	0.
2224.	8.7897e-011	0.	8.7897e-011	0.
2228.	8.1956e-011	0.	8.1956e-011	0.
2232.	7.6293e-011	0.	7.6293e-011	0.
2236.	7.0886e-011	0.	7.0886e-011	0.
2240.	6.5714e-011	0.	6.5714e-011	0.
2244.	6.0761e-011	0.	6.0761e-011	0.
2248.	5.601e-011	0.	5.601e-011	0.
2252.	5.1448e-011	0.	5.1448e-011	0.
2256.	4.7061e-011	0.	4.7061e-011	0.
2260.	4.2837e-011	0.	4.2837e-011	0.
2264.	3.8766e-011	0.	3.8766e-011	0.
2268.	3.4838e-011	0.	3.4838e-011	0.
2272.	3.1043e-011	0.	3.1043e-011	0.
2276.	2.7373e-011	0.	2.7373e-011	0.
2280.	2.3821e-011	0.	2.3821e-011	0.
2284.	2.038e-011	0.	2.038e-011	0.
2288.	1.7042e-011	0.	1.7042e-011	0.
2292.	1.3802e-011	0.	1.3802e-011	0.
2296.	1.0655e-011	0.	1.0655e-011	0.
2300.	7.5948e-012	0.	7.5948e-012	0.
2304.	4.6171e-012	0.	4.6171e-012	0.
2308.	1.7172e-012	0.	1.7172e-012	0.
2312.	1.109e-012	180.	-1.109e-012	0.
2316.	3.8654e-012	180.	-3.8654e-012	0.
2320.	6.5557e-012	180.	-6.5557e-012	0.
2324.	9.1831e-012	180.	-9.1831e-012	0.
2328.	1.1751e-011	180.	-1.1751e-011	0.
2332.	1.4262e-011	180.	-1.4262e-011	0.
2336.	1.672e-011	180.	-1.672e-011	0.
2340.	1.9127e-011	180.	-1.9127e-011	0.
2344.	2.1484e-011	180.	-2.1484e-011	0.
2348.	2.3796e-011	180.	-2.3796e-011	0.
2352.	2.6064e-011	180.	-2.6064e-011	0.
2356.	2.8289e-011	180.	-2.8289e-011	0.
2360.	3.0475e-011	180.	-3.0475e-011	0.
2364.	3.2622e-011	180.	-3.2622e-011	0.
2368.	3.4733e-011	180.	-3.4733e-011	0.
2372.	3.6809e-011	180.	-3.6809e-011	0.
2376.	3.8852e-011	180.	-3.8852e-011	0.
2380.	4.0864e-011	180.	-4.0864e-011	0.
2384.	4.2845e-011	180.	-4.2845e-011	0.
2388.	4.4798e-011	180.	-4.4798e-011	0.
2392.	4.6723e-011	180.	-4.6723e-011	0.
2396.	4.8622e-011	180.	-4.8622e-011	0.
2400.	5.0495e-011	180.	-5.0495e-011	0.
2404.	5.2345e-011	180.	-5.2345e-011	0.
2408.	5.4172e-011	180.	-5.4172e-011	0.
2412.	5.5977e-011	180.	-5.5977e-011	0.
2416.	5.7761e-011	180.	-5.7761e-011	0.
2420.	5.9525e-011	180.	-5.9525e-011	0.
2424.	6.127e-011	180.	-6.127e-011	0.
2428.	6.2996e-011	180.	-6.2996e-011	0.
2432.	6.4706e-011	180.	-6.4706e-011	0.
2436.	6.6399e-011	180.	-6.6399e-011	0.
2440.	6.8076e-011	180.	-6.8076e-011	0.
2444.	6.9738e-011	180.	-6.9738e-011	0.
2448.	7.1385e-011	180.	-7.1385e-011	0.
2452.	7.3019e-011	180.	-7.3019e-011	0.
2456.	7.464e-011	180.	-7.464e-011	0.
2460.	7.6249e-011	180.	-7.6249e-011	0.
2464.	7.7845e-011	180.	-7.7845e-011	0.
2468.	7.9431e-011	180.	-7.9431e-011	0.
2472.	8.1006e-011	180.	-8.1006e-011	0.
2476.	8.2571e-011	180.	-8.2571e-011	0.
2480.	8.4126e-011	180.	-8.4126e-011	0.
2484.	8.5673e-011	180.	-8.5673e-011	0.
2488.	8.7211e-011	180.	-8.7211e-011	0.
2492.	8.8741e-011	180.	-8.8741e-011	0.
2496.	9.0263e-011	180.	-9.0263e-011	0.
2500.	9.1779e-011	180.	-9.1779e-011	0.
2504.	9.3287e-011	180.	-9.3287e-011	0.
2508.	9.479e-011	180.	-9.479e-011	0.
2512.	9.6287e-011	180.	-9.6287e-011	0.
2516.	9.7778e-011	180.	-9.7778e-011	0.
2520.	9.9265e-011	180.	-9.9265e-011	0.
2524.	1.0075e-010	180.	-1.0075e-010	0.
2528.	1.0222e-010	180.	-1.0222e-010	0.
2532.	1.037e-010	180.	-1.037e-010	0.
2536.	1.0517e-010	180.	-1.0517e-010	0.
2540.	1.0664e-010	180.	-1.0664e-010	0.
2544.	1.081e-010	180.	-1.081e-010	0.
2548.	1.0956e-010	180.	-1.0956e-010	0.
2552.	1.1102e-010	180.	-1.1102e-010	0.
2556.	1.1248e-010	180.	-1.1248e-010	0.
2560.	1.1394e-010	180.	-1.1394e-010	0.
2564.	1.154e-010	180.	-1.154e-010	0.
2568.	1.1685e-010	180.	-1.1685e-010	0.
2572.	1.1831e-010	180.	-1.1831e-010	0.
2576.	1.1976e-010	180.	-1.1976e-010	0.
2580.	1.2122e-010	180.	-1.2122e-010	0.
2584.	1.2267e-010	180.	-1.2267e-010	0.
2588.	1.2413e-010	180.	-1.2413e-010	0.
2592.	1.2559e-010	180.	-1.2559e-010	0.
2596.	1.2705e-010	180.	-1.2705e-010	0.
2600.	1.2851e-010	180.	-1.2851e-010	0.
2604.	1.2997e-010	180.	-1.2997e-010	0.
2608.	1.3143e-010	180.	-1.3143e-010	0.
2612.	1.329e-010	180.	-1.329e-010	0.
2616.	1.3437e-010	180.	-1.3437e-010	0.
2620.	1.3584e-010	180.	-1.3584e-010	0.
2624.	1.3732e-010	180.	-1.3732e-010	0.
2628.	1.388e-010	180.	-1.388e-010	0.
2632.	1.4028e-010	180.	-1.4028e-010	0.
2636.	1.4177e-010	180.	-1.4177e-010	0.
2640.	1.4327e-010	180.	-1.4327e-010	0.
2644.	1.4476e-010	180.	-1.4476e-010	0.
2648.	1.4626e-010	180.	-1.4626e-010	0.
2652.	1.4777e-010	180.	-1.4777e-010	0.
2656.	1.4928e-010	180.	-1.4928e-010	0.
2660.	1.508e-010	180.	-1.508e-010	0.
2664.	1.5233e-010	180.	-1.5233e-010	0.
2668.	1.5386e-010	180.	-1.5386e-010	0.
2672.	1.5539e-010	180.	-1.5539e-010	0.
2676.	1.5694e-010	180.	-1.5694e-010	0.
2680.	1.5849e-010	180.	-1.5849e-010	0.
2684.	1.6005e-010	180.	-1.6005e-010	0.
2688.	1.6161e-010	180.	-1.6161e-010	0.
2692.	1.6319e-010	180.	-1.6319e-010	0.
2696.	1.6477e-010	180.	-1.6477e-010	0.
2700.	1.6636e-010	180.	-1.6636e-010	0.
2704.	1.6796e-010	180.	-1.6796e-010	0.
2708.	1.6957e-010	180.	-1.6957e-010	0.
2712.	1.7118e-010	180.	-1.7118e-010	0.
2716.	1.7281e-010	180.	-1.7281e-010	0.
2720.	1.7445e-010	180.	-1.7445e-010	0.
2724.	1.7609e-010	180.	-1.7609e-010	0.
2728.	1.7775e-010	180.	-1.7775e-010	0.
2732.	1.7942e-010	180.	-1.7942e-010	0.
2736.	1.811e-010	180.	-1.811e-010	0.
2740.	1.8279e-010	180.	-1.8279e-010	0.
2744.	1.8449e-010	180.	-1.8449e-010	0.
2748.	1.862e-010	180.	-1.862e-010	0.
2752.	1.8793e-010	180.	-1.8793e-010	0.
2756.	1.8966e-010	180.	-1.8966e-010	0.
2760.	1.9142e-010	180.	-1.9142e-010	0.
2764.	1.9318e-010	180.	-1.9318e-010	0.
2768.	1.9496e-010	180.	-1.9496e-010	0.
2772.	1.9675e-010	180.	-1.9675e-010	0.
2776.	1.9856e-010	180.	-1.9856e-010	0.
2780.	2.0038e-010	180.	-2.0038e-010	0.
2784.	2.0221e-010	180.	-2.0221e-010	0.
2788.	2.0406e-010	180.	-2.0406e-010	0.
2792.	2.0593e-010	180.	-2.0593e-010	0.
2796.	2.0781e-010	180.	-2.0781e-010	0.
2800.	2.0971e-010	180.	-2.0971e-010	0.
2804.	2.1162e-010	180.	-2.1162e-010	0.
2808.	2.1356e-010	180.	-2.1356e-010	0.
2812.	2.155e-010	180.	-2.155e-010	0.
2816.	2.1747e-010	180.	-2.1747e-010	0.
2820.	2.1946e-010	180.	-2.1946e-010	0.
2824.	2.2146e-010	180.	-2.2146e-010	0.
2828.	2.2349e-010	180.	-2.2349e-010	0.
2832.	2.2553e-010	180.	-2.2553e-010	0.
2836.	2.2759e-010	180.	-2.2759e-010	0.
2840.	2.2968e-010	180.	-2.2968e-010	0.
2844.	2.3178e-010	180.	-2.3178e-010	0.
2848.	2.3391e-010	180.	-2.3391e-010	0.
2852.	2.3605e-010	180.	-2.3605e-010	0.
2856.	2.3823e-010	180.	-2.3823e-010	0.
2860.	2.4042e-010	180.	-2.4042e-010	0.
2864.	2.4263e-010	180.	-2.4263e-010	0.
2868.	2.4487e-010	180.	-2.4487e-010	0.
2872.	2.4714e-010	180.	-2.4714e-010	0.
2876.	2.4943e-010	180.	-2.4943e-010	0.
2880.	2.5174e-010	180.	-2.5174e-010	0.
2884.	2.5409e-010	180.	-2.5409e-010	0.
2888.	2.5645e-010	180.	-2.5645e-010	0.
2892.	2.5885e-010	180.	-2.5885e-010	0.
2896.	2.6127e-010	180.	-2.6127e-010	0.
2900.	2.6372e-010	180.	-2.6372e-010	0.
2904.	2.662e-010	180.	-2.662e-010	0.
2908.	2.6872e-010	180.	-2.6872e-010	0.
2912.	2.7126e-010	180.	-2.7126e-010	0.
2916.	2.7383e-010	180.	-2.7383e-010	0.
2920.	2.7643e-010	180.	-2.7643e-010	0.
2924.	2.7907e-010	180.	-2.7907e-010	0.
2928.	2.8174e-010	180.	-2.8174e-010	0.
2932.	2.8445e-010	180.	-2.8445e-010	0.
2936.	2.8719e-010	180.	-2.8719e-010	0.
2940.	2.8996e-010	180.	-2.8996e-010	0.
2944.	2.9277e-010	180.	-2.9277e-010	0.
2948.	2.9562e-010	180.	-2.9562e-010	0.
2952.	2.9851e-010	180.	-2.9851e-010	0.
2956.	3.0144e-010	180.	-3.0144e-010	0.
2960.	3.044e-010	180.	-3.044e-010	0.
2964.	3.0741e-010	180.	-3.0741e-010	0.
2968.	3.1046e-010	180.	-3.1046e-010	0.
2972.	3.1356e-010	180.	-3.1356e-010	0.
2976.	3.1669e-010	180.	-3.1669e-010	0.
2980.	3.1988e-010	180.	-3.1988e-010	0.
2984.	3.2311e-010	180.	-3.2311e-010	0.
2988.	3.2638e-010	180.	-3.2638e-010	0.
2992.	3.2971e-010	180.	-3.2971e-010	0.
2996.	3.3309e-010	180.	-3.3309e-010	0.
3000.	3.3651e-010	180.	-3.3651e-010	0.
3004.	3.3999e-010	180.	-3.3999e-010	0.
3008.	3.4353e-010	180.	-3.4353e-010	0.
3012.	3.4711e-010	180.	-3.4711e-010	0.
3016.	3.5076e-010	180.	-3.5076e-010	0.
3020.	3.5446e-010	180.	-3.5446e-010	0.
3024.	3.5823e-010	180.	-3.5823e-010	0.
3028.	3.6205e-010	180.	-3.6205e-010	0.
3032.	3.6594e-010	180.	-3.6594e-010	0.
3036.	3.6989e-010	180.	-3.6989e-010	0.
3040.	3.7391e-010	180.	-3.7391e-010	0.
3044.	3.7799e-010	180.	-3.7799e-010	0.
3048.	3.8215e-010	180.	-3.8215e-010	0.
3052.	3.8637e-010	180.	-3.8637e-010	0.
3056.	3.9068e-010	180.	-3.9068e-010	0.
3060.	3.9505e-010	180.	-3.9505e-010	0.
3064.	3.9951e-010	180.	-3.9951e-010	0.
3068.	4.0404e-010	180.	-4.0404e-010	0.
3072.	4.0866e-010	180.	-4.0866e-010	0.
3076.	4.1336e-010	180.	-4.1336e-010	0.
3080.	4.1815e-010	180.	-4.1815e-010	0.
3084.	4.2303e-010	180.	-4.2303e-010	0.
3088.	4.28e-010	180.	-4.28e-010	0.
3092.	4.3307e-010	180.	-4.3307e-010	0.
3096.	4.3824e-010	180.	-4.3824e-010	0.
3100.	4.435e-010	180.	-4.435e-010	0.
3104.	4.4887e-010	180.	-4.4887e-010	0.
3108.	4.5435e-010	180.	-4.5435e-010	0.
3112.	4.5994e-010	180.	-4.5994e-010	0.
3116.	4.6565e-010	180.	-4.6565e-010	0.
3120.	4.7147e-010	180.	-4.7147e-010	0.
3124.	4.7741e-010	180.	-4.7741e-010	0.
3128.	4.8348e-010	180.	-4.8348e-010	0.
3132.	4.8968e-010	180.	-4.8968e-010	0.
3136.	4.9602e-010	180.	-4.9602e-010	0.
3140.	5.0249e-010	180.	-5.0249e-010	0.
3144.	5.0911e-010	180.	-5.0911e-010	0.
3148.	5.1587e-010	180.	-5.1587e-010	0.
3152.	5.2279e-010	180.	-5.2279e-010	0.
3156.	5.2987e-010	180.	-5.2987e-010	0.
3160.	5.3711e-010	180.	-5.3711e-010	0.
3164.	5.4452e-010	180.	-5.4452e-010	0.
3168.	5.5211e-010	180.	-5.5211e-010	0.
3172.	5.5988e-010	180.	-5.5988e-010	0.
3176.	5.6785e-010	180.	-5.6785e-010	0.
3180.	5.7601e-010	180.	-5.7601e-010	0.
3184.	5.8437e-010	180.	-5.8437e-010	0.
3188.	5.9295e-010	180.	-5.9295e-010	0.
3192.	6.0174e-010	180.	-6.0174e-010	0.
3196.	6.1077e-010	180.	-6.1077e-010	0.
3200.	6.2004e-010	180.	-6.2004e-010	0.
3204.	6.2955e-010	180.	-6.2955e-010	0.
3208.	6.3933e-010	180.	-6.3933e-010	0.
3212.	6.4937e-010	180.	-6.4937e-010	0.
3216.	6.5969e-010	180.	-6.5969e-010	0.
3220.	6.7031e-010	180.	-6.7031e-010	0.
3224.	6.8123e-010	180.	-6.8123e-010	0.
3228.	6.9247e-010	180.	-6.9247e-010	0.
3232.	7.0405e-010	180.	-7.0405e-010	0.
3236.	7.1597e-010	180.	-7.1597e-010	0.
3240.	7.2825e-010	180.	-7.2825e-010	0.
3244.	7.4092e-010	180.	-7.4092e-010	0.
3248.	7.5399e-010	180.	-7.5399e-010	0.
3252.	7.6748e-010	180.	-7.6748e-010	0.
3256.	7.814e-010	180.	-7.814e-010	0.
3260.	7.9579e-010	180.	-7.9579e-010	0.
3264.	8.1066e-010	180.	-8.1066e-010	0.
3268.	8.2603e-010	180.	-8.2603e-010	0.
3272.	8.4195e-010	180.	-8.4195e-010	0.
3276.	8.5843e-010	180.	-8.5843e-010	0.
3280.	8.755e-010	180.	-8.755e-010	0.
3284.	8.932e-010	180.	-8.932e-010	0.
3288.	9.1156e-010	180.	-9.1156e-010	0.
3292.	9.3063e-010	180.	-9.3063e-010	0.
3296.	9.5043e-010	180.	-9.5043e-010	0.
3300.	9.7102e-010	180.	-9.7102e-010	0.
3304.	9.9244e-010	180.	-9.9244e-010	0.
3308.	1.0147e-009	180.	-1.0147e-009	0.
3312.	1.038e-009	180.	-1.038e-009	0.
3316.	1.0622e-009	180.	-1.0622e-009	0.
3320.	1.0875e-009	180.	-1.0875e-009	0.
3324.	1.114e-009	180.	-1.114e-009	0.
3328.	1.1416e-009	180.	-1.1416e-009	0.
3332.	1.1706e-009	180.	-1.1706e-009	0.
3336.	1.2009e-009	180.	-1.2009e-009	0.
3340.	1.2328e-009	180.	-1.2328e-009	0.
3344.	1.2662e-009	180.	-1.2662e-009	0.
3348.	1.3014e-009	180.	-1.3014e-009	0.
3352.	1.3384e-009	180.	-1.3384e-009	0.
3356.	1.3775e-009	180.	-1.3775e-009	0.
3360.	1.4187e-009	180.	-1.4187e-009	0.
3364.	1.4623e-009	180.	-1.4623e-009	0.
3368.	1.5084e-009	180.	-1.5084e-009	0.
3372.	1.5574e-009	180.	-1.5574e-009	0.
3376.	1.6093e-009	180.	-1.6093e-009	0.
3380.	1.6647e-009	180.	-1.6647e-009	0.
3384.	1.7236e-009	180.	-1.7236e-009	0.
3388.	1.7865e-009	180.	-1.7865e-009	0.
3392.	1.8539e-009	180.	-1.8539e-009	0.
3396.	1.926e-009	180.	-1.926e-009	0.
3400.	2.0035e-009	180.	-2.0035e-009	0.
3404.	2.0867e-009	180.	-2.0867e-009	0.
3408.	2.1763e-009	180.	-2.1763e-009	0.
3412.	2.2728e-009	180.	-2.2728e-009	0.
3416.	2.3765e-009	180.	-2.3765e-009	0.
3420.	2.4878e-009	180.	-2.4878e-009	0.
3424.	2.6059e-009	180.	-2.6059e-009	0.
3428.	2.7286e-009	180.	-2.7286e-009	0.
3432.	2.8485e-009	180.	-2.8485e-009	0.
3436.	2.942e-009	180.	-2.942e-009	0.
3440.	2.9058e-009	180.	-2.9058e-009	0.
3444.	1.4218e-009	180.	-1.4218e-009	0.
3448.	5.4061e-009	180.	-5.4061e-009	0.
3452.	4.9439e-009	180.	-4.9439e-009	0.
3456.	5.1599e-009	180.	-5.1599e-009	0.
3460.	5.5651e-009	180.	-5.5651e-009	0.
3464.	6.1173e-009	180.	-6.1173e-009	0.
3468.	6.8367e-009	180.	-6.8367e-009	0.
3472.	7.7787e-009	180.	-7.7787e-009	0.
3476.	9.0439e-009	180.	-9.0439e-009	0.
3480.	1.0816e-008	180.	-1.0816e-008	0.
3484.	1.3459e-008	180.	-1.3459e-008	0.
3488.	1.7792e-008	180.	-1.7792e-008	0.
3492.	2.6122e-008	180.	-2.6122e-008	0.
3496.	4.8157e-008	180.	-4.8157e-008	0.
3500.	2.3147e-007	180.	-2.3147e-007	0.
3504.	1.3384e-007	0.	1.3384e-007	0.
3508.	6.9525e-009	0.	6.9525e-009	0.
3512.	1.4868e-008	0.	1.4868e-008	0.
3516.	1.2376e-008	0.	1.2376e-008	0.
3520.	1.0265e-008	0.	1.0265e-008	0.
3524.	8.7089e-009	0.	8.7089e-009	0.
3528.	7.5452e-009	0.	7.5452e-009	0.
3532.	6.6503e-009	0.	6.6503e-009	0.
3536.	5.9435e-009	0.	5.9435e-009	0.
3540.	5.3721e-009	0.	5.3721e-009	0.
3544.	4.9013e-009	0.	4.9013e-009	0.
3548.	4.5069e-009	0.	4.5069e-009	0.
3552.	4.1718e-009	0.	4.1718e-009	0.
3556.	3.8837e-009	0.	3.8837e-009	0.
3560.	3.6335e-009	0.	3.6335e-009	0.
3564.	3.4141e-009	0.	3.4141e-009	0.
3568.	3.2202e-009	0.	3.2202e-009	0.
3572.	3.0476e-009	0.	3.0476e-009	0.
3576.	2.8931e-009	0.	2.8931e-009	0.
3580.	2.7539e-009	0.	2.7539e-009	0.
3584.	2.6278e-009	0.	2.6278e-009	0.
3588.	2.5132e-009	0.	2.5132e-009	0.
3592.	2.4084e-009	0.	2.4084e-009	0.
3596.	2.3124e-009	0.	2.3124e-009	0.
3600.	2.224e-009	0.	2.224e-009	0.
3604.	2.1424e-009	0.	2.1424e-009	0.
3608.	2.0668e-009	0.	2.0668e-009	0.
3612.	1.9966e-009	0.	1.9966e-009	0.
3616.	1.9313e-009	0.	1.9313e-009	0.
3620.	1.8703e-009	0.	1.8703e-009	0.
3624.	1.8132e-009	0.	1.8132e-009	0.
3628.	1.7597e-009	0.	1.7597e-009	0.
3632.	1.7095e-009	0.	1.7095e-009	0.
3636.	1.6622e-009	0.	1.6622e-009	0.
3640.	1.6176e-009	0.	1.6176e-009	0.
3644.	1.5755e-009	0.	1.5755e-009	0.
3648.	1.5357e-009	0.	1.5357e-009	0.
3652.	1.4979e-009	0.	1.4979e-009	0.
3656.	1.4621e-009	0.	1.4621e-009	0.
3660.	1.4282e-009	0.	1.4282e-009	0.
3664.	1.3958e-009	0.	1.3958e-009	0.
3668.	1.365e-009	0.	1.365e-009	0.
3672.	1.3357e-009	0.	1.3357e-009	0.
3676.	1.3077e-009	0.	1.3077e-009	0.
3680.	1.281e-009	0.	1.281e-009	0.
3684.	1.2554e-009	0.	1.2554e-009	0.
3688.	1.2309e-009	0.	1.2309e-009	0.
3692.	1.2074e-009	0.	1.2074e-009	0.
3696.	1.1849e-009	0.	1.1849e-009	0.
3700.	1.1634e-009	0.	1.1634e-009	0.
3704.	1.1426e-009	0.	1.1426e-009	0.
3708.	1.1227e-009	0.	1.1227e-009	0.
3712.	1.1035e-009	0.	1.1035e-009	0.
3716.	1.0851e-009	0.	1.0851e-009	0.
3720.	1.0673e-009	0.	1.0673e-009	0.
3724.	1.0502e-009	0.	1.0502e-009	0.
3728.	1.0336e-009	0.	1.0336e-009	0.
3732.	1.0177e-009	0.	1.0177e-009	0.
3736.	1.0023e-009	0.	1.0023e-009	0.
3740.	9.8742e-010	0.	9.8742e-010	0.
3744.	9.7304e-010	0.	9.7304e-010	0.
3748.	9.5913e-010	0.	9.5913e-010	0.
3752.	9.4567e-010	0.	9.4567e-010	0.
3756.	9.3263e-010	0.	9.3263e-010	0.
3760.	9.2e-010	0.	9.2e-010	0.
3764.	9.0777e-010	0.	9.0777e-010	0.
3768.	8.959e-010	0.	8.959e-010	0.
3772.	8.8439e-010	0.	8.8439e-010	0.
3776.	8.7322e-010	0.	8.7322e-010	0.
3780.	8.6238e-010	0.	8.6238e-010	0.
3784.	8.5185e-010	0.	8.5185e-010	0.
3788.	8.4162e-010	0.	8.4162e-010	0.
3792.	8.3168e-010	0.	8.3168e-010	0.
3796.	8.2201e-010	0.	8.2201e-010	0.
3800.	8.126e-010	0.	8.126e-010	0.
3804.	8.0345e-010	0.	8.0345e-010	0.
3808.	7.9455e-010	0.	7.9455e-010	0.
3812.	7.8588e-010	0.	7.8588e-010	0.
3816.	7.7744e-010	0.	7.7744e-010	0.
3820.	7.6921e-010	0.	7.6921e-010	0.
3824.	7.612e-010	0.	7.612e-010	0.
3828.	7.5338e-010	0.	7.5338e-010	0.
3832.	7.4577e-010	0.	7.4577e-010	0.
3836.	7.3834e-010	0.	7.3834e-010	0.
3840.	7.3109e-010	0.	7.3109e-010	0.
3844.	7.2401e-010	0.	7.2401e-010	0.
3848.	7.1711e-010	0.	7.1711e-010	0.
3852.	7.1037e-010	0.	7.1037e-010	0.
3856.	7.0379e-010	0.	7.0379e-010	0.
3860.	6.9736e-010	0.	6.9736e-010	0.
3864.	6.9108e-010	0.	6.9108e-010	0.
3868.	6.8494e-010	0.	6.8494e-010	0.
3872.	6.7894e-010	0.	6.7894e-010	0.
3876.	6.7308e-010	0.	6.7308e-010	0.
3880.	6.6735e-010	0.	6.6735e-010	0.
3884.	6.6174e-010	0.	6.6174e-010	0.
3888.	6.5625e-010	0.	6.5625e-010	0.
3892.	6.5089e-010	0.	6.5089e-010	0.
3896.	6.4564e-010	0.	6.4564e-010	0.
3900.	6.405e-010	0.	6.405e-010	0.
3904.	6.3547e-010	0.	6.3547e-010	0.
3908.	6.3054e-010	0.	6.3054e-010	0.
3912.	6.2572e-010	0.	6.2572e-010	0.
3916.	6.21e-010	0.	6.21e-010	0.
3920.	6.1637e-010	0.	6.1637e-010	0.
3924.	6.1184e-010	0.	6.1184e-010	0.
3928.	6.074e-010	0.	6.074e-010	0.
3932.	6.0305e-010	0.	6.0305e-010	0.
3936.	5.9878e-010	0.	5.9878e-010	0.
3940.	5.946e-010	0.	5.946e-010	0.
3944.	5.905e-010	0.	5.905e-010	0.
3948.	5.8649e-010	0.	5.8649e-010	0.
3952.	5.8255e-010	0.	5.8255e-010	0.
3956.	5.7868e-010	0.	5.7868e-010	0.
3960.	5.7489e-010	0.	5.7489e-010	0.
3964.	5.7118e-010	0.	5.7118e-010	0.
3968.	5.6753e-010	0.	5.6753e-010	0.
3972.	5.6395e-010	0.	5.6395e-010	0.
3976.	5.6044e-010	0.	5.6044e-010	0.
3980.	5.57e-010	0.	5.57e-010	0.
3984.	5.5362e-010	0.	5.5362e-010	0.
3988.	5.503e-010	0.	5.503e-010	0.
3992.	5.4705e-010	0.	5.4705e-010	0.
3996.	5.4385e-010	0.	5.4385e-010	0.
4000.	5.4071e-010	0.	5.4071e-010	0.
