é¸îgêî (Hz)	êUïù (mm)	à ëääp (ìx)	é¿ïî (mm)	ãïïî (mm)
4.	6.4245e-011	0.	6.4245e-011	0.
8.	6.4245e-011	0.	6.4245e-011	0.
12.	6.4246e-011	0.	6.4246e-011	0.
16.	6.4247e-011	0.	6.4247e-011	0.
20.	6.4249e-011	0.	6.4249e-011	0.
24.	6.4251e-011	0.	6.4251e-011	0.
28.	6.4253e-011	0.	6.4253e-011	0.
32.	6.4256e-011	0.	6.4256e-011	0.
36.	6.4259e-011	0.	6.4259e-011	0.
40.	6.4262e-011	0.	6.4262e-011	0.
44.	6.4266e-011	0.	6.4266e-011	0.
48.	6.427e-011	0.	6.427e-011	0.
52.	6.4275e-011	0.	6.4275e-011	0.
56.	6.428e-011	0.	6.428e-011	0.
60.	6.4285e-011	0.	6.4285e-011	0.
64.	6.4291e-011	0.	6.4291e-011	0.
68.	6.4297e-011	0.	6.4297e-011	0.
72.	6.4303e-011	0.	6.4303e-011	0.
76.	6.431e-011	0.	6.431e-011	0.
80.	6.4317e-011	0.	6.4317e-011	0.
84.	6.4324e-011	0.	6.4324e-011	0.
88.	6.4332e-011	0.	6.4332e-011	0.
92.	6.434e-011	0.	6.434e-011	0.
96.	6.4349e-011	0.	6.4349e-011	0.
100.	6.4358e-011	0.	6.4358e-011	0.
104.	6.4367e-011	0.	6.4367e-011	0.
108.	6.4377e-011	0.	6.4377e-011	0.
112.	6.4387e-011	0.	6.4387e-011	0.
116.	6.4397e-011	0.	6.4397e-011	0.
120.	6.4408e-011	0.	6.4408e-011	0.
124.	6.4419e-011	0.	6.4419e-011	0.
128.	6.443e-011	0.	6.443e-011	0.
132.	6.4442e-011	0.	6.4442e-011	0.
136.	6.4454e-011	0.	6.4454e-011	0.
140.	6.4467e-011	0.	6.4467e-011	0.
144.	6.448e-011	0.	6.448e-011	0.
148.	6.4493e-011	0.	6.4493e-011	0.
152.	6.4507e-011	0.	6.4507e-011	0.
156.	6.4521e-011	0.	6.4521e-011	0.
160.	6.4536e-011	0.	6.4536e-011	0.
164.	6.4551e-011	0.	6.4551e-011	0.
168.	6.4566e-011	0.	6.4566e-011	0.
172.	6.4581e-011	0.	6.4581e-011	0.
176.	6.4597e-011	0.	6.4597e-011	0.
180.	6.4614e-011	0.	6.4614e-011	0.
184.	6.4631e-011	0.	6.4631e-011	0.
188.	6.4648e-011	0.	6.4648e-011	0.
192.	6.4665e-011	0.	6.4665e-011	0.
196.	6.4683e-011	0.	6.4683e-011	0.
200.	6.4702e-011	0.	6.4702e-011	0.
204.	6.472e-011	0.	6.472e-011	0.
208.	6.4739e-011	0.	6.4739e-011	0.
212.	6.4759e-011	0.	6.4759e-011	0.
216.	6.4779e-011	0.	6.4779e-011	0.
220.	6.4799e-011	0.	6.4799e-011	0.
224.	6.482e-011	0.	6.482e-011	0.
228.	6.4841e-011	0.	6.4841e-011	0.
232.	6.4862e-011	0.	6.4862e-011	0.
236.	6.4884e-011	0.	6.4884e-011	0.
240.	6.4906e-011	0.	6.4906e-011	0.
244.	6.4929e-011	0.	6.4929e-011	0.
248.	6.4952e-011	0.	6.4952e-011	0.
252.	6.4975e-011	0.	6.4975e-011	0.
256.	6.4999e-011	0.	6.4999e-011	0.
260.	6.5023e-011	0.	6.5023e-011	0.
264.	6.5048e-011	0.	6.5048e-011	0.
268.	6.5073e-011	0.	6.5073e-011	0.
272.	6.5098e-011	0.	6.5098e-011	0.
276.	6.5124e-011	0.	6.5124e-011	0.
280.	6.5151e-011	0.	6.5151e-011	0.
284.	6.5177e-011	0.	6.5177e-011	0.
288.	6.5204e-011	0.	6.5204e-011	0.
292.	6.5232e-011	0.	6.5232e-011	0.
296.	6.526e-011	0.	6.526e-011	0.
300.	6.5288e-011	0.	6.5288e-011	0.
304.	6.5317e-011	0.	6.5317e-011	0.
308.	6.5346e-011	0.	6.5346e-011	0.
312.	6.5376e-011	0.	6.5376e-011	0.
316.	6.5406e-011	0.	6.5406e-011	0.
320.	6.5437e-011	0.	6.5437e-011	0.
324.	6.5468e-011	0.	6.5468e-011	0.
328.	6.5499e-011	0.	6.5499e-011	0.
332.	6.5531e-011	0.	6.5531e-011	0.
336.	6.5563e-011	0.	6.5563e-011	0.
340.	6.5596e-011	0.	6.5596e-011	0.
344.	6.5629e-011	0.	6.5629e-011	0.
348.	6.5662e-011	0.	6.5662e-011	0.
352.	6.5696e-011	0.	6.5696e-011	0.
356.	6.5731e-011	0.	6.5731e-011	0.
360.	6.5766e-011	0.	6.5766e-011	0.
364.	6.5801e-011	0.	6.5801e-011	0.
368.	6.5837e-011	0.	6.5837e-011	0.
372.	6.5873e-011	0.	6.5873e-011	0.
376.	6.591e-011	0.	6.591e-011	0.
380.	6.5947e-011	0.	6.5947e-011	0.
384.	6.5985e-011	0.	6.5985e-011	0.
388.	6.6023e-011	0.	6.6023e-011	0.
392.	6.6062e-011	0.	6.6062e-011	0.
396.	6.6101e-011	0.	6.6101e-011	0.
400.	6.614e-011	0.	6.614e-011	0.
404.	6.618e-011	0.	6.618e-011	0.
408.	6.6221e-011	0.	6.6221e-011	0.
412.	6.6262e-011	0.	6.6262e-011	0.
416.	6.6303e-011	0.	6.6303e-011	0.
420.	6.6345e-011	0.	6.6345e-011	0.
424.	6.6388e-011	0.	6.6388e-011	0.
428.	6.6431e-011	0.	6.6431e-011	0.
432.	6.6474e-011	0.	6.6474e-011	0.
436.	6.6518e-011	0.	6.6518e-011	0.
440.	6.6563e-011	0.	6.6563e-011	0.
444.	6.6607e-011	0.	6.6607e-011	0.
448.	6.6653e-011	0.	6.6653e-011	0.
452.	6.6699e-011	0.	6.6699e-011	0.
456.	6.6745e-011	0.	6.6745e-011	0.
460.	6.6792e-011	0.	6.6792e-011	0.
464.	6.684e-011	0.	6.684e-011	0.
468.	6.6888e-011	0.	6.6888e-011	0.
472.	6.6937e-011	0.	6.6937e-011	0.
476.	6.6986e-011	0.	6.6986e-011	0.
480.	6.7035e-011	0.	6.7035e-011	0.
484.	6.7086e-011	0.	6.7086e-011	0.
488.	6.7136e-011	0.	6.7136e-011	0.
492.	6.7188e-011	0.	6.7188e-011	0.
496.	6.7239e-011	0.	6.7239e-011	0.
500.	6.7292e-011	0.	6.7292e-011	0.
504.	6.7345e-011	0.	6.7345e-011	0.
508.	6.7398e-011	0.	6.7398e-011	0.
512.	6.7452e-011	0.	6.7452e-011	0.
516.	6.7507e-011	0.	6.7507e-011	0.
520.	6.7562e-011	0.	6.7562e-011	0.
524.	6.7618e-011	0.	6.7618e-011	0.
528.	6.7675e-011	0.	6.7675e-011	0.
532.	6.7732e-011	0.	6.7732e-011	0.
536.	6.7789e-011	0.	6.7789e-011	0.
540.	6.7847e-011	0.	6.7847e-011	0.
544.	6.7906e-011	0.	6.7906e-011	0.
548.	6.7965e-011	0.	6.7965e-011	0.
552.	6.8025e-011	0.	6.8025e-011	0.
556.	6.8086e-011	0.	6.8086e-011	0.
560.	6.8147e-011	0.	6.8147e-011	0.
564.	6.8209e-011	0.	6.8209e-011	0.
568.	6.8272e-011	0.	6.8272e-011	0.
572.	6.8335e-011	0.	6.8335e-011	0.
576.	6.8399e-011	0.	6.8399e-011	0.
580.	6.8463e-011	0.	6.8463e-011	0.
584.	6.8528e-011	0.	6.8528e-011	0.
588.	6.8594e-011	0.	6.8594e-011	0.
592.	6.866e-011	0.	6.866e-011	0.
596.	6.8727e-011	0.	6.8727e-011	0.
600.	6.8795e-011	0.	6.8795e-011	0.
604.	6.8863e-011	0.	6.8863e-011	0.
608.	6.8932e-011	0.	6.8932e-011	0.
612.	6.9002e-011	0.	6.9002e-011	0.
616.	6.9073e-011	0.	6.9073e-011	0.
620.	6.9144e-011	0.	6.9144e-011	0.
624.	6.9216e-011	0.	6.9216e-011	0.
628.	6.9288e-011	0.	6.9288e-011	0.
632.	6.9362e-011	0.	6.9362e-011	0.
636.	6.9436e-011	0.	6.9436e-011	0.
640.	6.9511e-011	0.	6.9511e-011	0.
644.	6.9586e-011	0.	6.9586e-011	0.
648.	6.9662e-011	0.	6.9662e-011	0.
652.	6.9739e-011	0.	6.9739e-011	0.
656.	6.9817e-011	0.	6.9817e-011	0.
660.	6.9896e-011	0.	6.9896e-011	0.
664.	6.9975e-011	0.	6.9975e-011	0.
668.	7.0055e-011	0.	7.0055e-011	0.
672.	7.0136e-011	0.	7.0136e-011	0.
676.	7.0218e-011	0.	7.0218e-011	0.
680.	7.0301e-011	0.	7.0301e-011	0.
684.	7.0384e-011	0.	7.0384e-011	0.
688.	7.0468e-011	0.	7.0468e-011	0.
692.	7.0553e-011	0.	7.0553e-011	0.
696.	7.0639e-011	0.	7.0639e-011	0.
700.	7.0726e-011	0.	7.0726e-011	0.
704.	7.0813e-011	0.	7.0813e-011	0.
708.	7.0902e-011	0.	7.0902e-011	0.
712.	7.0991e-011	0.	7.0991e-011	0.
716.	7.1081e-011	0.	7.1081e-011	0.
720.	7.1172e-011	0.	7.1172e-011	0.
724.	7.1264e-011	0.	7.1264e-011	0.
728.	7.1357e-011	0.	7.1357e-011	0.
732.	7.1451e-011	0.	7.1451e-011	0.
736.	7.1546e-011	0.	7.1546e-011	0.
740.	7.1642e-011	0.	7.1642e-011	0.
744.	7.1738e-011	0.	7.1738e-011	0.
748.	7.1836e-011	0.	7.1836e-011	0.
752.	7.1935e-011	0.	7.1935e-011	0.
756.	7.2034e-011	0.	7.2034e-011	0.
760.	7.2135e-011	0.	7.2135e-011	0.
764.	7.2236e-011	0.	7.2236e-011	0.
768.	7.2339e-011	0.	7.2339e-011	0.
772.	7.2443e-011	0.	7.2443e-011	0.
776.	7.2547e-011	0.	7.2547e-011	0.
780.	7.2653e-011	0.	7.2653e-011	0.
784.	7.276e-011	0.	7.276e-011	0.
788.	7.2868e-011	0.	7.2868e-011	0.
792.	7.2977e-011	0.	7.2977e-011	0.
796.	7.3087e-011	0.	7.3087e-011	0.
800.	7.3198e-011	0.	7.3198e-011	0.
804.	7.3311e-011	0.	7.3311e-011	0.
808.	7.3424e-011	0.	7.3424e-011	0.
812.	7.3539e-011	0.	7.3539e-011	0.
816.	7.3655e-011	0.	7.3655e-011	0.
820.	7.3772e-011	0.	7.3772e-011	0.
824.	7.389e-011	0.	7.389e-011	0.
828.	7.4009e-011	0.	7.4009e-011	0.
832.	7.413e-011	0.	7.413e-011	0.
836.	7.4252e-011	0.	7.4252e-011	0.
840.	7.4375e-011	0.	7.4375e-011	0.
844.	7.45e-011	0.	7.45e-011	0.
848.	7.4625e-011	0.	7.4625e-011	0.
852.	7.4752e-011	0.	7.4752e-011	0.
856.	7.4881e-011	0.	7.4881e-011	0.
860.	7.5011e-011	0.	7.5011e-011	0.
864.	7.5142e-011	0.	7.5142e-011	0.
868.	7.5274e-011	0.	7.5274e-011	0.
872.	7.5408e-011	0.	7.5408e-011	0.
876.	7.5543e-011	0.	7.5543e-011	0.
880.	7.568e-011	0.	7.568e-011	0.
884.	7.5818e-011	0.	7.5818e-011	0.
888.	7.5958e-011	0.	7.5958e-011	0.
892.	7.6099e-011	0.	7.6099e-011	0.
896.	7.6242e-011	0.	7.6242e-011	0.
900.	7.6386e-011	0.	7.6386e-011	0.
904.	7.6532e-011	0.	7.6532e-011	0.
908.	7.668e-011	0.	7.668e-011	0.
912.	7.6829e-011	0.	7.6829e-011	0.
916.	7.6979e-011	0.	7.6979e-011	0.
920.	7.7132e-011	0.	7.7132e-011	0.
924.	7.7286e-011	0.	7.7286e-011	0.
928.	7.7441e-011	0.	7.7441e-011	0.
932.	7.7599e-011	0.	7.7599e-011	0.
936.	7.7758e-011	0.	7.7758e-011	0.
940.	7.7919e-011	0.	7.7919e-011	0.
944.	7.8081e-011	0.	7.8081e-011	0.
948.	7.8246e-011	0.	7.8246e-011	0.
952.	7.8412e-011	0.	7.8412e-011	0.
956.	7.8581e-011	0.	7.8581e-011	0.
960.	7.8751e-011	0.	7.8751e-011	0.
964.	7.8923e-011	0.	7.8923e-011	0.
968.	7.9097e-011	0.	7.9097e-011	0.
972.	7.9273e-011	0.	7.9273e-011	0.
976.	7.9451e-011	0.	7.9451e-011	0.
980.	7.9632e-011	0.	7.9632e-011	0.
984.	7.9814e-011	0.	7.9814e-011	0.
988.	7.9998e-011	0.	7.9998e-011	0.
992.	8.0185e-011	0.	8.0185e-011	0.
996.	8.0374e-011	0.	8.0374e-011	0.
1000.	8.0565e-011	0.	8.0565e-011	0.
1004.	8.0758e-011	0.	8.0758e-011	0.
1008.	8.0954e-011	0.	8.0954e-011	0.
1012.	8.1152e-011	0.	8.1152e-011	0.
1016.	8.1352e-011	0.	8.1352e-011	0.
1020.	8.1555e-011	0.	8.1555e-011	0.
1024.	8.176e-011	0.	8.176e-011	0.
1028.	8.1967e-011	0.	8.1967e-011	0.
1032.	8.2178e-011	0.	8.2178e-011	0.
1036.	8.239e-011	0.	8.239e-011	0.
1040.	8.2606e-011	0.	8.2606e-011	0.
1044.	8.2824e-011	0.	8.2824e-011	0.
1048.	8.3045e-011	0.	8.3045e-011	0.
1052.	8.3268e-011	0.	8.3268e-011	0.
1056.	8.3495e-011	0.	8.3495e-011	0.
1060.	8.3724e-011	0.	8.3724e-011	0.
1064.	8.3956e-011	0.	8.3956e-011	0.
1068.	8.4191e-011	0.	8.4191e-011	0.
1072.	8.443e-011	0.	8.443e-011	0.
1076.	8.4671e-011	0.	8.4671e-011	0.
1080.	8.4915e-011	0.	8.4915e-011	0.
1084.	8.5163e-011	0.	8.5163e-011	0.
1088.	8.5413e-011	0.	8.5413e-011	0.
1092.	8.5668e-011	0.	8.5668e-011	0.
1096.	8.5925e-011	0.	8.5925e-011	0.
1100.	8.6186e-011	0.	8.6186e-011	0.
1104.	8.645e-011	0.	8.645e-011	0.
1108.	8.6718e-011	0.	8.6718e-011	0.
1112.	8.699e-011	0.	8.699e-011	0.
1116.	8.7265e-011	0.	8.7265e-011	0.
1120.	8.7544e-011	0.	8.7544e-011	0.
1124.	8.7827e-011	0.	8.7827e-011	0.
1128.	8.8113e-011	0.	8.8113e-011	0.
1132.	8.8404e-011	0.	8.8404e-011	0.
1136.	8.8699e-011	0.	8.8699e-011	0.
1140.	8.8998e-011	0.	8.8998e-011	0.
1144.	8.9301e-011	0.	8.9301e-011	0.
1148.	8.9608e-011	0.	8.9608e-011	0.
1152.	8.992e-011	0.	8.992e-011	0.
1156.	9.0236e-011	0.	9.0236e-011	0.
1160.	9.0557e-011	0.	9.0557e-011	0.
1164.	9.0883e-011	0.	9.0883e-011	0.
1168.	9.1213e-011	0.	9.1213e-011	0.
1172.	9.1548e-011	0.	9.1548e-011	0.
1176.	9.1888e-011	0.	9.1888e-011	0.
1180.	9.2233e-011	0.	9.2233e-011	0.
1184.	9.2584e-011	0.	9.2584e-011	0.
1188.	9.2939e-011	0.	9.2939e-011	0.
1192.	9.33e-011	0.	9.33e-011	0.
1196.	9.3667e-011	0.	9.3667e-011	0.
1200.	9.4039e-011	0.	9.4039e-011	0.
1204.	9.4417e-011	0.	9.4417e-011	0.
1208.	9.48e-011	0.	9.48e-011	0.
1212.	9.519e-011	0.	9.519e-011	0.
1216.	9.5586e-011	0.	9.5586e-011	0.
1220.	9.5988e-011	0.	9.5988e-011	0.
1224.	9.6397e-011	0.	9.6397e-011	0.
1228.	9.6812e-011	0.	9.6812e-011	0.
1232.	9.7234e-011	0.	9.7234e-011	0.
1236.	9.7662e-011	0.	9.7662e-011	0.
1240.	9.8098e-011	0.	9.8098e-011	0.
1244.	9.8541e-011	0.	9.8541e-011	0.
1248.	9.8991e-011	0.	9.8991e-011	0.
1252.	9.9449e-011	0.	9.9449e-011	0.
1256.	9.9915e-011	0.	9.9915e-011	0.
1260.	1.0039e-010	0.	1.0039e-010	0.
1264.	1.0087e-010	0.	1.0087e-010	0.
1268.	1.0136e-010	0.	1.0136e-010	0.
1272.	1.0186e-010	0.	1.0186e-010	0.
1276.	1.0236e-010	0.	1.0236e-010	0.
1280.	1.0288e-010	0.	1.0288e-010	0.
1284.	1.034e-010	0.	1.034e-010	0.
1288.	1.0394e-010	0.	1.0394e-010	0.
1292.	1.0448e-010	0.	1.0448e-010	0.
1296.	1.0504e-010	0.	1.0504e-010	0.
1300.	1.056e-010	0.	1.056e-010	0.
1304.	1.0617e-010	0.	1.0617e-010	0.
1308.	1.0676e-010	0.	1.0676e-010	0.
1312.	1.0735e-010	0.	1.0735e-010	0.
1316.	1.0796e-010	0.	1.0796e-010	0.
1320.	1.0858e-010	0.	1.0858e-010	0.
1324.	1.0921e-010	0.	1.0921e-010	0.
1328.	1.0985e-010	0.	1.0985e-010	0.
1332.	1.1051e-010	0.	1.1051e-010	0.
1336.	1.1117e-010	0.	1.1117e-010	0.
1340.	1.1185e-010	0.	1.1185e-010	0.
1344.	1.1255e-010	0.	1.1255e-010	0.
1348.	1.1325e-010	0.	1.1325e-010	0.
1352.	1.1397e-010	0.	1.1397e-010	0.
1356.	1.1471e-010	0.	1.1471e-010	0.
1360.	1.1546e-010	0.	1.1546e-010	0.
1364.	1.1623e-010	0.	1.1623e-010	0.
1368.	1.1701e-010	0.	1.1701e-010	0.
1372.	1.1781e-010	0.	1.1781e-010	0.
1376.	1.1863e-010	0.	1.1863e-010	0.
1380.	1.1946e-010	0.	1.1946e-010	0.
1384.	1.2031e-010	0.	1.2031e-010	0.
1388.	1.2118e-010	0.	1.2118e-010	0.
1392.	1.2207e-010	0.	1.2207e-010	0.
1396.	1.2298e-010	0.	1.2298e-010	0.
1400.	1.239e-010	0.	1.239e-010	0.
1404.	1.2485e-010	0.	1.2485e-010	0.
1408.	1.2582e-010	0.	1.2582e-010	0.
1412.	1.2682e-010	0.	1.2682e-010	0.
1416.	1.2783e-010	0.	1.2783e-010	0.
1420.	1.2887e-010	0.	1.2887e-010	0.
1424.	1.2993e-010	0.	1.2993e-010	0.
1428.	1.3102e-010	0.	1.3102e-010	0.
1432.	1.3213e-010	0.	1.3213e-010	0.
1436.	1.3327e-010	0.	1.3327e-010	0.
1440.	1.3444e-010	0.	1.3444e-010	0.
1444.	1.3564e-010	0.	1.3564e-010	0.
1448.	1.3687e-010	0.	1.3687e-010	0.
1452.	1.3812e-010	0.	1.3812e-010	0.
1456.	1.3941e-010	0.	1.3941e-010	0.
1460.	1.4073e-010	0.	1.4073e-010	0.
1464.	1.4209e-010	0.	1.4209e-010	0.
1468.	1.4348e-010	0.	1.4348e-010	0.
1472.	1.4491e-010	0.	1.4491e-010	0.
1476.	1.4637e-010	0.	1.4637e-010	0.
1480.	1.4788e-010	0.	1.4788e-010	0.
1484.	1.4942e-010	0.	1.4942e-010	0.
1488.	1.5101e-010	0.	1.5101e-010	0.
1492.	1.5264e-010	0.	1.5264e-010	0.
1496.	1.5431e-010	0.	1.5431e-010	0.
1500.	1.5604e-010	0.	1.5604e-010	0.
1504.	1.5781e-010	0.	1.5781e-010	0.
1508.	1.5963e-010	0.	1.5963e-010	0.
1512.	1.615e-010	0.	1.615e-010	0.
1516.	1.6344e-010	0.	1.6344e-010	0.
1520.	1.6542e-010	0.	1.6542e-010	0.
1524.	1.6747e-010	0.	1.6747e-010	0.
1528.	1.6958e-010	0.	1.6958e-010	0.
1532.	1.7176e-010	0.	1.7176e-010	0.
1536.	1.74e-010	0.	1.74e-010	0.
1540.	1.7631e-010	0.	1.7631e-010	0.
1544.	1.787e-010	0.	1.787e-010	0.
1548.	1.8116e-010	0.	1.8116e-010	0.
1552.	1.837e-010	0.	1.837e-010	0.
1556.	1.8633e-010	0.	1.8633e-010	0.
1560.	1.8904e-010	0.	1.8904e-010	0.
1564.	1.9185e-010	0.	1.9185e-010	0.
1568.	1.9475e-010	0.	1.9475e-010	0.
1572.	1.9775e-010	0.	1.9775e-010	0.
1576.	2.0086e-010	0.	2.0086e-010	0.
1580.	2.0408e-010	0.	2.0408e-010	0.
1584.	2.0741e-010	0.	2.0741e-010	0.
1588.	2.1087e-010	0.	2.1087e-010	0.
1592.	2.1445e-010	0.	2.1445e-010	0.
1596.	2.1817e-010	0.	2.1817e-010	0.
1600.	2.2203e-010	0.	2.2203e-010	0.
1604.	2.2603e-010	0.	2.2603e-010	0.
1608.	2.302e-010	0.	2.302e-010	0.
1612.	2.3453e-010	0.	2.3453e-010	0.
1616.	2.3903e-010	0.	2.3903e-010	0.
1620.	2.4372e-010	0.	2.4372e-010	0.
1624.	2.4861e-010	0.	2.4861e-010	0.
1628.	2.537e-010	0.	2.537e-010	0.
1632.	2.59e-010	0.	2.59e-010	0.
1636.	2.6454e-010	0.	2.6454e-010	0.
1640.	2.7033e-010	0.	2.7033e-010	0.
1644.	2.7637e-010	0.	2.7637e-010	0.
1648.	2.8269e-010	0.	2.8269e-010	0.
1652.	2.8931e-010	0.	2.8931e-010	0.
1656.	2.9624e-010	0.	2.9624e-010	0.
1660.	3.035e-010	0.	3.035e-010	0.
1664.	3.1113e-010	0.	3.1113e-010	0.
1668.	3.1913e-010	0.	3.1913e-010	0.
1672.	3.2754e-010	0.	3.2754e-010	0.
1676.	3.3639e-010	0.	3.3639e-010	0.
1680.	3.4571e-010	0.	3.4571e-010	0.
1684.	3.5554e-010	0.	3.5554e-010	0.
1688.	3.6591e-010	0.	3.6591e-010	0.
1692.	3.7687e-010	0.	3.7687e-010	0.
1696.	3.8846e-010	0.	3.8846e-010	0.
1700.	4.0074e-010	0.	4.0074e-010	0.
1704.	4.1376e-010	0.	4.1376e-010	0.
1708.	4.2759e-010	0.	4.2759e-010	0.
1712.	4.4229e-010	0.	4.4229e-010	0.
1716.	4.5796e-010	0.	4.5796e-010	0.
1720.	4.7468e-010	0.	4.7468e-010	0.
1724.	4.9254e-010	0.	4.9254e-010	0.
1728.	5.1167e-010	0.	5.1167e-010	0.
1732.	5.3218e-010	0.	5.3218e-010	0.
1736.	5.5424e-010	0.	5.5424e-010	0.
1740.	5.78e-010	0.	5.78e-010	0.
1744.	6.0366e-010	0.	6.0366e-010	0.
1748.	6.3143e-010	0.	6.3143e-010	0.
1752.	6.6157e-010	0.	6.6157e-010	0.
1756.	6.9438e-010	0.	6.9438e-010	0.
1760.	7.3021e-010	0.	7.3021e-010	0.
1764.	7.6946e-010	0.	7.6946e-010	0.
1768.	8.1263e-010	0.	8.1263e-010	0.
1772.	8.6028e-010	0.	8.6028e-010	0.
1776.	9.1313e-010	0.	9.1313e-010	0.
1780.	9.7202e-010	0.	9.7202e-010	0.
1784.	1.038e-009	0.	1.038e-009	0.
1788.	1.1124e-009	0.	1.1124e-009	0.
1792.	1.1967e-009	0.	1.1967e-009	0.
1796.	1.2932e-009	0.	1.2932e-009	0.
1800.	1.4044e-009	0.	1.4044e-009	0.
1804.	1.5339e-009	0.	1.5339e-009	0.
1808.	1.6865e-009	0.	1.6865e-009	0.
1812.	1.8687e-009	0.	1.8687e-009	0.
1816.	2.0897e-009	0.	2.0897e-009	0.
1820.	2.3632e-009	0.	2.3632e-009	0.
1824.	2.7097e-009	0.	2.7097e-009	0.
1828.	3.1624e-009	0.	3.1624e-009	0.
1832.	3.7779e-009	0.	3.7779e-009	0.
1836.	4.6616e-009	0.	4.6616e-009	0.
1840.	6.0348e-009	0.	6.0348e-009	0.
1844.	8.4548e-009	0.	8.4548e-009	0.
1848.	1.3839e-008	0.	1.3839e-008	0.
1852.	3.6138e-008	0.	3.6138e-008	0.
1856.	6.4672e-008	180.	-6.4672e-008	0.
1860.	1.7506e-008	180.	-1.7506e-008	0.
1864.	1.0278e-008	180.	-1.0278e-008	0.
1868.	7.3555e-009	180.	-7.3555e-009	0.
1872.	5.7774e-009	180.	-5.7774e-009	0.
1876.	4.792e-009	180.	-4.792e-009	0.
1880.	4.12e-009	180.	-4.12e-009	0.
1884.	3.6339e-009	180.	-3.6339e-009	0.
1888.	3.2671e-009	180.	-3.2671e-009	0.
1892.	2.9817e-009	180.	-2.9817e-009	0.
1896.	2.7542e-009	180.	-2.7542e-009	0.
1900.	2.5695e-009	180.	-2.5695e-009	0.
1904.	2.4174e-009	180.	-2.4174e-009	0.
1908.	2.2908e-009	180.	-2.2908e-009	0.
1912.	2.1844e-009	180.	-2.1844e-009	0.
1916.	2.0946e-009	180.	-2.0946e-009	0.
1920.	2.0185e-009	180.	-2.0185e-009	0.
1924.	1.9539e-009	180.	-1.9539e-009	0.
1928.	1.8991e-009	180.	-1.8991e-009	0.
1932.	1.8528e-009	180.	-1.8528e-009	0.
1936.	1.814e-009	180.	-1.814e-009	0.
1940.	1.7819e-009	180.	-1.7819e-009	0.
1944.	1.7558e-009	180.	-1.7558e-009	0.
1948.	1.7352e-009	180.	-1.7352e-009	0.
1952.	1.7197e-009	180.	-1.7197e-009	0.
1956.	1.709e-009	180.	-1.709e-009	0.
1960.	1.703e-009	180.	-1.703e-009	0.
1964.	1.7014e-009	180.	-1.7014e-009	0.
1968.	1.7042e-009	180.	-1.7042e-009	0.
1972.	1.7114e-009	180.	-1.7114e-009	0.
1976.	1.723e-009	180.	-1.723e-009	0.
1980.	1.7393e-009	180.	-1.7393e-009	0.
1984.	1.7602e-009	180.	-1.7602e-009	0.
1988.	1.7862e-009	180.	-1.7862e-009	0.
1992.	1.8176e-009	180.	-1.8176e-009	0.
1996.	1.8548e-009	180.	-1.8548e-009	0.
2000.	1.8984e-009	180.	-1.8984e-009	0.
2004.	1.9491e-009	180.	-1.9491e-009	0.
2008.	2.0078e-009	180.	-2.0078e-009	0.
2012.	2.0756e-009	180.	-2.0756e-009	0.
2016.	2.1538e-009	180.	-2.1538e-009	0.
2020.	2.2443e-009	180.	-2.2443e-009	0.
2024.	2.3491e-009	180.	-2.3491e-009	0.
2028.	2.4712e-009	180.	-2.4712e-009	0.
2032.	2.6144e-009	180.	-2.6144e-009	0.
2036.	2.7836e-009	180.	-2.7836e-009	0.
2040.	2.9855e-009	180.	-2.9855e-009	0.
2044.	3.2297e-009	180.	-3.2297e-009	0.
2048.	3.5298e-009	180.	-3.5298e-009	0.
2052.	3.9058e-009	180.	-3.9058e-009	0.
2056.	4.3893e-009	180.	-4.3893e-009	0.
2060.	5.0319e-009	180.	-5.0319e-009	0.
2064.	5.9249e-009	180.	-5.9249e-009	0.
2068.	7.2465e-009	180.	-7.2465e-009	0.
2072.	9.3964e-009	180.	-9.3964e-009	0.
2076.	1.3497e-008	180.	-1.3497e-008	0.
2080.	2.4378e-008	180.	-2.4378e-008	0.
2084.	1.3952e-007	180.	-1.3952e-007	0.
2088.	3.6954e-008	0.	3.6954e-008	0.
2092.	1.6097e-008	0.	1.6097e-008	0.
2096.	1.023e-008	0.	1.023e-008	0.
2100.	7.4656e-009	0.	7.4656e-009	0.
2104.	5.8594e-009	0.	5.8594e-009	0.
2108.	4.8105e-009	0.	4.8105e-009	0.
2112.	4.0724e-009	0.	4.0724e-009	0.
2116.	3.5253e-009	0.	3.5253e-009	0.
2120.	3.1039e-009	0.	3.1039e-009	0.
2124.	2.7696e-009	0.	2.7696e-009	0.
2128.	2.4982e-009	0.	2.4982e-009	0.
2132.	2.2736e-009	0.	2.2736e-009	0.
2136.	2.0849e-009	0.	2.0849e-009	0.
2140.	1.9241e-009	0.	1.9241e-009	0.
2144.	1.7856e-009	0.	1.7856e-009	0.
2148.	1.6652e-009	0.	1.6652e-009	0.
2152.	1.5596e-009	0.	1.5596e-009	0.
2156.	1.4663e-009	0.	1.4663e-009	0.
2160.	1.3832e-009	0.	1.3832e-009	0.
2164.	1.3089e-009	0.	1.3089e-009	0.
2168.	1.2421e-009	0.	1.2421e-009	0.
2172.	1.1817e-009	0.	1.1817e-009	0.
2176.	1.1269e-009	0.	1.1269e-009	0.
2180.	1.0769e-009	0.	1.0769e-009	0.
2184.	1.0313e-009	0.	1.0313e-009	0.
2188.	9.8933e-010	0.	9.8933e-010	0.
2192.	9.5073e-010	0.	9.5073e-010	0.
2196.	9.1511e-010	0.	9.1511e-010	0.
2200.	8.8214e-010	0.	8.8214e-010	0.
2204.	8.5155e-010	0.	8.5155e-010	0.
2208.	8.2311e-010	0.	8.2311e-010	0.
2212.	7.9662e-010	0.	7.9662e-010	0.
2216.	7.7188e-010	0.	7.7188e-010	0.
2220.	7.4874e-010	0.	7.4874e-010	0.
2224.	7.2705e-010	0.	7.2705e-010	0.
2228.	7.067e-010	0.	7.067e-010	0.
2232.	6.8758e-010	0.	6.8758e-010	0.
2236.	6.6957e-010	0.	6.6957e-010	0.
2240.	6.526e-010	0.	6.526e-010	0.
2244.	6.3658e-010	0.	6.3658e-010	0.
2248.	6.2144e-010	0.	6.2144e-010	0.
2252.	6.0712e-010	0.	6.0712e-010	0.
2256.	5.9356e-010	0.	5.9356e-010	0.
2260.	5.807e-010	0.	5.807e-010	0.
2264.	5.6849e-010	0.	5.6849e-010	0.
2268.	5.5689e-010	0.	5.5689e-010	0.
2272.	5.4587e-010	0.	5.4587e-010	0.
2276.	5.3538e-010	0.	5.3538e-010	0.
2280.	5.2538e-010	0.	5.2538e-010	0.
2284.	5.1586e-010	0.	5.1586e-010	0.
2288.	5.0677e-010	0.	5.0677e-010	0.
2292.	4.981e-010	0.	4.981e-010	0.
2296.	4.8981e-010	0.	4.8981e-010	0.
2300.	4.819e-010	0.	4.819e-010	0.
2304.	4.7432e-010	0.	4.7432e-010	0.
2308.	4.6708e-010	0.	4.6708e-010	0.
2312.	4.6014e-010	0.	4.6014e-010	0.
2316.	4.5349e-010	0.	4.5349e-010	0.
2320.	4.4712e-010	0.	4.4712e-010	0.
2324.	4.4101e-010	0.	4.4101e-010	0.
2328.	4.3515e-010	0.	4.3515e-010	0.
2332.	4.2953e-010	0.	4.2953e-010	0.
2336.	4.2413e-010	0.	4.2413e-010	0.
2340.	4.1894e-010	0.	4.1894e-010	0.
2344.	4.1396e-010	0.	4.1396e-010	0.
2348.	4.0917e-010	0.	4.0917e-010	0.
2352.	4.0456e-010	0.	4.0456e-010	0.
2356.	4.0013e-010	0.	4.0013e-010	0.
2360.	3.9587e-010	0.	3.9587e-010	0.
2364.	3.9176e-010	0.	3.9176e-010	0.
2368.	3.8782e-010	0.	3.8782e-010	0.
2372.	3.8401e-010	0.	3.8401e-010	0.
2376.	3.8035e-010	0.	3.8035e-010	0.
2380.	3.7683e-010	0.	3.7683e-010	0.
2384.	3.7343e-010	0.	3.7343e-010	0.
2388.	3.7016e-010	0.	3.7016e-010	0.
2392.	3.67e-010	0.	3.67e-010	0.
2396.	3.6396e-010	0.	3.6396e-010	0.
2400.	3.6103e-010	0.	3.6103e-010	0.
2404.	3.5821e-010	0.	3.5821e-010	0.
2408.	3.5549e-010	0.	3.5549e-010	0.
2412.	3.5286e-010	0.	3.5286e-010	0.
2416.	3.5033e-010	0.	3.5033e-010	0.
2420.	3.4789e-010	0.	3.4789e-010	0.
2424.	3.4554e-010	0.	3.4554e-010	0.
2428.	3.4327e-010	0.	3.4327e-010	0.
2432.	3.4108e-010	0.	3.4108e-010	0.
2436.	3.3898e-010	0.	3.3898e-010	0.
2440.	3.3695e-010	0.	3.3695e-010	0.
2444.	3.3499e-010	0.	3.3499e-010	0.
2448.	3.331e-010	0.	3.331e-010	0.
2452.	3.3128e-010	0.	3.3128e-010	0.
2456.	3.2953e-010	0.	3.2953e-010	0.
2460.	3.2785e-010	0.	3.2785e-010	0.
2464.	3.2623e-010	0.	3.2623e-010	0.
2468.	3.2466e-010	0.	3.2466e-010	0.
2472.	3.2316e-010	0.	3.2316e-010	0.
2476.	3.2171e-010	0.	3.2171e-010	0.
2480.	3.2032e-010	0.	3.2032e-010	0.
2484.	3.1899e-010	0.	3.1899e-010	0.
2488.	3.177e-010	0.	3.177e-010	0.
2492.	3.1647e-010	0.	3.1647e-010	0.
2496.	3.1529e-010	0.	3.1529e-010	0.
2500.	3.1415e-010	0.	3.1415e-010	0.
2504.	3.1307e-010	0.	3.1307e-010	0.
2508.	3.1202e-010	0.	3.1202e-010	0.
2512.	3.1103e-010	0.	3.1103e-010	0.
2516.	3.1007e-010	0.	3.1007e-010	0.
2520.	3.0916e-010	0.	3.0916e-010	0.
2524.	3.0829e-010	0.	3.0829e-010	0.
2528.	3.0747e-010	0.	3.0747e-010	0.
2532.	3.0668e-010	0.	3.0668e-010	0.
2536.	3.0593e-010	0.	3.0593e-010	0.
2540.	3.0522e-010	0.	3.0522e-010	0.
2544.	3.0454e-010	0.	3.0454e-010	0.
2548.	3.039e-010	0.	3.039e-010	0.
2552.	3.033e-010	0.	3.033e-010	0.
2556.	3.0273e-010	0.	3.0273e-010	0.
2560.	3.022e-010	0.	3.022e-010	0.
2564.	3.017e-010	0.	3.017e-010	0.
2568.	3.0123e-010	0.	3.0123e-010	0.
2572.	3.008e-010	0.	3.008e-010	0.
2576.	3.004e-010	0.	3.004e-010	0.
2580.	3.0002e-010	0.	3.0002e-010	0.
2584.	2.9968e-010	0.	2.9968e-010	0.
2588.	2.9937e-010	0.	2.9937e-010	0.
2592.	2.9909e-010	0.	2.9909e-010	0.
2596.	2.9884e-010	0.	2.9884e-010	0.
2600.	2.9862e-010	0.	2.9862e-010	0.
2604.	2.9842e-010	0.	2.9842e-010	0.
2608.	2.9825e-010	0.	2.9825e-010	0.
2612.	2.9811e-010	0.	2.9811e-010	0.
2616.	2.98e-010	0.	2.98e-010	0.
2620.	2.9792e-010	0.	2.9792e-010	0.
2624.	2.9786e-010	0.	2.9786e-010	0.
2628.	2.9782e-010	0.	2.9782e-010	0.
2632.	2.9782e-010	0.	2.9782e-010	0.
2636.	2.9784e-010	0.	2.9784e-010	0.
2640.	2.9788e-010	0.	2.9788e-010	0.
2644.	2.9795e-010	0.	2.9795e-010	0.
2648.	2.9804e-010	0.	2.9804e-010	0.
2652.	2.9816e-010	0.	2.9816e-010	0.
2656.	2.9831e-010	0.	2.9831e-010	0.
2660.	2.9847e-010	0.	2.9847e-010	0.
2664.	2.9866e-010	0.	2.9866e-010	0.
2668.	2.9888e-010	0.	2.9888e-010	0.
2672.	2.9912e-010	0.	2.9912e-010	0.
2676.	2.9938e-010	0.	2.9938e-010	0.
2680.	2.9967e-010	0.	2.9967e-010	0.
2684.	2.9997e-010	0.	2.9997e-010	0.
2688.	3.0031e-010	0.	3.0031e-010	0.
2692.	3.0066e-010	0.	3.0066e-010	0.
2696.	3.0104e-010	0.	3.0104e-010	0.
2700.	3.0144e-010	0.	3.0144e-010	0.
2704.	3.0186e-010	0.	3.0186e-010	0.
2708.	3.0231e-010	0.	3.0231e-010	0.
2712.	3.0278e-010	0.	3.0278e-010	0.
2716.	3.0327e-010	0.	3.0327e-010	0.
2720.	3.0379e-010	0.	3.0379e-010	0.
2724.	3.0432e-010	0.	3.0432e-010	0.
2728.	3.0488e-010	0.	3.0488e-010	0.
2732.	3.0546e-010	0.	3.0546e-010	0.
2736.	3.0607e-010	0.	3.0607e-010	0.
2740.	3.067e-010	0.	3.067e-010	0.
2744.	3.0735e-010	0.	3.0735e-010	0.
2748.	3.0802e-010	0.	3.0802e-010	0.
2752.	3.0871e-010	0.	3.0871e-010	0.
2756.	3.0943e-010	0.	3.0943e-010	0.
2760.	3.1017e-010	0.	3.1017e-010	0.
2764.	3.1093e-010	0.	3.1093e-010	0.
2768.	3.1172e-010	0.	3.1172e-010	0.
2772.	3.1253e-010	0.	3.1253e-010	0.
2776.	3.1336e-010	0.	3.1336e-010	0.
2780.	3.1422e-010	0.	3.1422e-010	0.
2784.	3.151e-010	0.	3.151e-010	0.
2788.	3.16e-010	0.	3.16e-010	0.
2792.	3.1693e-010	0.	3.1693e-010	0.
2796.	3.1788e-010	0.	3.1788e-010	0.
2800.	3.1885e-010	0.	3.1885e-010	0.
2804.	3.1985e-010	0.	3.1985e-010	0.
2808.	3.2087e-010	0.	3.2087e-010	0.
2812.	3.2192e-010	0.	3.2192e-010	0.
2816.	3.2299e-010	0.	3.2299e-010	0.
2820.	3.2409e-010	0.	3.2409e-010	0.
2824.	3.2521e-010	0.	3.2521e-010	0.
2828.	3.2635e-010	0.	3.2635e-010	0.
2832.	3.2753e-010	0.	3.2753e-010	0.
2836.	3.2872e-010	0.	3.2872e-010	0.
2840.	3.2995e-010	0.	3.2995e-010	0.
2844.	3.312e-010	0.	3.312e-010	0.
2848.	3.3248e-010	0.	3.3248e-010	0.
2852.	3.3378e-010	0.	3.3378e-010	0.
2856.	3.3511e-010	0.	3.3511e-010	0.
2860.	3.3647e-010	0.	3.3647e-010	0.
2864.	3.3786e-010	0.	3.3786e-010	0.
2868.	3.3927e-010	0.	3.3927e-010	0.
2872.	3.4071e-010	0.	3.4071e-010	0.
2876.	3.4219e-010	0.	3.4219e-010	0.
2880.	3.4369e-010	0.	3.4369e-010	0.
2884.	3.4522e-010	0.	3.4522e-010	0.
2888.	3.4678e-010	0.	3.4678e-010	0.
2892.	3.4837e-010	0.	3.4837e-010	0.
2896.	3.5e-010	0.	3.5e-010	0.
2900.	3.5165e-010	0.	3.5165e-010	0.
2904.	3.5334e-010	0.	3.5334e-010	0.
2908.	3.5506e-010	0.	3.5506e-010	0.
2912.	3.5681e-010	0.	3.5681e-010	0.
2916.	3.5859e-010	0.	3.5859e-010	0.
2920.	3.6041e-010	0.	3.6041e-010	0.
2924.	3.6227e-010	0.	3.6227e-010	0.
2928.	3.6416e-010	0.	3.6416e-010	0.
2932.	3.6608e-010	0.	3.6608e-010	0.
2936.	3.6804e-010	0.	3.6804e-010	0.
2940.	3.7004e-010	0.	3.7004e-010	0.
2944.	3.7207e-010	0.	3.7207e-010	0.
2948.	3.7415e-010	0.	3.7415e-010	0.
2952.	3.7626e-010	0.	3.7626e-010	0.
2956.	3.7841e-010	0.	3.7841e-010	0.
2960.	3.8061e-010	0.	3.8061e-010	0.
2964.	3.8284e-010	0.	3.8284e-010	0.
2968.	3.8512e-010	0.	3.8512e-010	0.
2972.	3.8744e-010	0.	3.8744e-010	0.
2976.	3.898e-010	0.	3.898e-010	0.
2980.	3.9221e-010	0.	3.9221e-010	0.
2984.	3.9466e-010	0.	3.9466e-010	0.
2988.	3.9716e-010	0.	3.9716e-010	0.
2992.	3.9971e-010	0.	3.9971e-010	0.
2996.	4.0231e-010	0.	4.0231e-010	0.
3000.	4.0495e-010	0.	4.0495e-010	0.
3004.	4.0765e-010	0.	4.0765e-010	0.
3008.	4.104e-010	0.	4.104e-010	0.
3012.	4.132e-010	0.	4.132e-010	0.
3016.	4.1605e-010	0.	4.1605e-010	0.
3020.	4.1896e-010	0.	4.1896e-010	0.
3024.	4.2193e-010	0.	4.2193e-010	0.
3028.	4.2495e-010	0.	4.2495e-010	0.
3032.	4.2804e-010	0.	4.2804e-010	0.
3036.	4.3118e-010	0.	4.3118e-010	0.
3040.	4.3439e-010	0.	4.3439e-010	0.
3044.	4.3766e-010	0.	4.3766e-010	0.
3048.	4.41e-010	0.	4.41e-010	0.
3052.	4.444e-010	0.	4.444e-010	0.
3056.	4.4787e-010	0.	4.4787e-010	0.
3060.	4.5142e-010	0.	4.5142e-010	0.
3064.	4.5503e-010	0.	4.5503e-010	0.
3068.	4.5872e-010	0.	4.5872e-010	0.
3072.	4.6249e-010	0.	4.6249e-010	0.
3076.	4.6633e-010	0.	4.6633e-010	0.
3080.	4.7026e-010	0.	4.7026e-010	0.
3084.	4.7426e-010	0.	4.7426e-010	0.
3088.	4.7835e-010	0.	4.7835e-010	0.
3092.	4.8253e-010	0.	4.8253e-010	0.
3096.	4.868e-010	0.	4.868e-010	0.
3100.	4.9116e-010	0.	4.9116e-010	0.
3104.	4.9562e-010	0.	4.9562e-010	0.
3108.	5.0018e-010	0.	5.0018e-010	0.
3112.	5.0483e-010	0.	5.0483e-010	0.
3116.	5.0959e-010	0.	5.0959e-010	0.
3120.	5.1446e-010	0.	5.1446e-010	0.
3124.	5.1943e-010	0.	5.1943e-010	0.
3128.	5.2452e-010	0.	5.2452e-010	0.
3132.	5.2973e-010	0.	5.2973e-010	0.
3136.	5.3506e-010	0.	5.3506e-010	0.
3140.	5.4052e-010	0.	5.4052e-010	0.
3144.	5.461e-010	0.	5.461e-010	0.
3148.	5.5182e-010	0.	5.5182e-010	0.
3152.	5.5768e-010	0.	5.5768e-010	0.
3156.	5.6367e-010	0.	5.6367e-010	0.
3160.	5.6982e-010	0.	5.6982e-010	0.
3164.	5.7612e-010	0.	5.7612e-010	0.
3168.	5.8258e-010	0.	5.8258e-010	0.
3172.	5.892e-010	0.	5.892e-010	0.
3176.	5.9599e-010	0.	5.9599e-010	0.
3180.	6.0296e-010	0.	6.0296e-010	0.
3184.	6.1011e-010	0.	6.1011e-010	0.
3188.	6.1746e-010	0.	6.1746e-010	0.
3192.	6.2499e-010	0.	6.2499e-010	0.
3196.	6.3274e-010	0.	6.3274e-010	0.
3200.	6.4069e-010	0.	6.4069e-010	0.
3204.	6.4887e-010	0.	6.4887e-010	0.
3208.	6.5728e-010	0.	6.5728e-010	0.
3212.	6.6593e-010	0.	6.6593e-010	0.
3216.	6.7482e-010	0.	6.7482e-010	0.
3220.	6.8398e-010	0.	6.8398e-010	0.
3224.	6.9341e-010	0.	6.9341e-010	0.
3228.	7.0312e-010	0.	7.0312e-010	0.
3232.	7.1313e-010	0.	7.1313e-010	0.
3236.	7.2344e-010	0.	7.2344e-010	0.
3240.	7.3408e-010	0.	7.3408e-010	0.
3244.	7.4506e-010	0.	7.4506e-010	0.
3248.	7.5639e-010	0.	7.5639e-010	0.
3252.	7.6809e-010	0.	7.6809e-010	0.
3256.	7.8018e-010	0.	7.8018e-010	0.
3260.	7.9268e-010	0.	7.9268e-010	0.
3264.	8.0561e-010	0.	8.0561e-010	0.
3268.	8.1898e-010	0.	8.1898e-010	0.
3272.	8.3283e-010	0.	8.3283e-010	0.
3276.	8.4718e-010	0.	8.4718e-010	0.
3280.	8.6205e-010	0.	8.6205e-010	0.
3284.	8.7747e-010	0.	8.7747e-010	0.
3288.	8.9348e-010	0.	8.9348e-010	0.
3292.	9.1011e-010	0.	9.1011e-010	0.
3296.	9.2739e-010	0.	9.2739e-010	0.
3300.	9.4536e-010	0.	9.4536e-010	0.
3304.	9.6406e-010	0.	9.6406e-010	0.
3308.	9.8354e-010	0.	9.8354e-010	0.
3312.	1.0038e-009	0.	1.0038e-009	0.
3316.	1.025e-009	0.	1.025e-009	0.
3320.	1.0472e-009	0.	1.0472e-009	0.
3324.	1.0703e-009	0.	1.0703e-009	0.
3328.	1.0945e-009	0.	1.0945e-009	0.
3332.	1.1198e-009	0.	1.1198e-009	0.
3336.	1.1463e-009	0.	1.1463e-009	0.
3340.	1.1742e-009	0.	1.1742e-009	0.
3344.	1.2034e-009	0.	1.2034e-009	0.
3348.	1.2342e-009	0.	1.2342e-009	0.
3352.	1.2666e-009	0.	1.2666e-009	0.
3356.	1.3007e-009	0.	1.3007e-009	0.
3360.	1.3368e-009	0.	1.3368e-009	0.
3364.	1.3749e-009	0.	1.3749e-009	0.
3368.	1.4152e-009	0.	1.4152e-009	0.
3372.	1.4579e-009	0.	1.4579e-009	0.
3376.	1.5033e-009	0.	1.5033e-009	0.
3380.	1.5516e-009	0.	1.5516e-009	0.
3384.	1.6029e-009	0.	1.6029e-009	0.
3388.	1.6577e-009	0.	1.6577e-009	0.
3392.	1.7162e-009	0.	1.7162e-009	0.
3396.	1.7788e-009	0.	1.7788e-009	0.
3400.	1.8459e-009	0.	1.8459e-009	0.
3404.	1.9177e-009	0.	1.9177e-009	0.
3408.	1.9947e-009	0.	1.9947e-009	0.
3412.	2.0772e-009	0.	2.0772e-009	0.
3416.	2.1652e-009	0.	2.1652e-009	0.
3420.	2.2584e-009	0.	2.2584e-009	0.
3424.	2.3555e-009	0.	2.3555e-009	0.
3428.	2.4527e-009	0.	2.4527e-009	0.
3432.	2.5402e-009	0.	2.5402e-009	0.
3436.	2.5877e-009	0.	2.5877e-009	0.
3440.	2.469e-009	0.	2.469e-009	0.
3444.	7.1191e-010	0.	7.1191e-010	0.
3448.	5.4981e-009	0.	5.4981e-009	0.
3452.	4.7189e-009	0.	4.7189e-009	0.
3456.	4.8356e-009	0.	4.8356e-009	0.
3460.	5.1682e-009	0.	5.1682e-009	0.
3464.	5.6496e-009	0.	5.6496e-009	0.
3468.	6.2908e-009	0.	6.2908e-009	0.
3472.	7.1398e-009	0.	7.1398e-009	0.
3476.	8.2884e-009	0.	8.2884e-009	0.
3480.	9.9068e-009	0.	9.9068e-009	0.
3484.	1.2333e-008	0.	1.2333e-008	0.
3488.	1.6338e-008	0.	1.6338e-008	0.
3492.	2.4096e-008	0.	2.4096e-008	0.
3496.	4.4844e-008	0.	4.4844e-008	0.
3500.	2.2025e-007	0.	2.2025e-007	0.
3504.	1.368e-007	180.	-1.368e-007	0.
3508.	1.779e-009	0.	1.779e-009	0.
3512.	1.1455e-008	180.	-1.1455e-008	0.
3516.	1.0162e-008	180.	-1.0162e-008	0.
3520.	8.6024e-009	180.	-8.6024e-009	0.
3524.	7.3662e-009	180.	-7.3662e-009	0.
3528.	6.4128e-009	180.	-6.4128e-009	0.
3532.	5.6669e-009	180.	-5.6669e-009	0.
3536.	5.0713e-009	180.	-5.0713e-009	0.
3540.	4.5862e-009	180.	-4.5862e-009	0.
3544.	4.1843e-009	180.	-4.1843e-009	0.
3548.	3.8462e-009	180.	-3.8462e-009	0.
3552.	3.558e-009	180.	-3.558e-009	0.
3556.	3.3096e-009	180.	-3.3096e-009	0.
3560.	3.0933e-009	180.	-3.0933e-009	0.
3564.	2.9034e-009	180.	-2.9034e-009	0.
3568.	2.7353e-009	180.	-2.7353e-009	0.
3572.	2.5855e-009	180.	-2.5855e-009	0.
3576.	2.4512e-009	180.	-2.4512e-009	0.
3580.	2.3301e-009	180.	-2.3301e-009	0.
3584.	2.2203e-009	180.	-2.2203e-009	0.
3588.	2.1204e-009	180.	-2.1204e-009	0.
3592.	2.0291e-009	180.	-2.0291e-009	0.
3596.	1.9453e-009	180.	-1.9453e-009	0.
3600.	1.8682e-009	180.	-1.8682e-009	0.
3604.	1.7969e-009	180.	-1.7969e-009	0.
3608.	1.7309e-009	180.	-1.7309e-009	0.
3612.	1.6695e-009	180.	-1.6695e-009	0.
3616.	1.6124e-009	180.	-1.6124e-009	0.
3620.	1.559e-009	180.	-1.559e-009	0.
3624.	1.5091e-009	180.	-1.5091e-009	0.
3628.	1.4623e-009	180.	-1.4623e-009	0.
3632.	1.4183e-009	180.	-1.4183e-009	0.
3636.	1.3768e-009	180.	-1.3768e-009	0.
3640.	1.3378e-009	180.	-1.3378e-009	0.
3644.	1.3009e-009	180.	-1.3009e-009	0.
3648.	1.266e-009	180.	-1.266e-009	0.
3652.	1.2329e-009	180.	-1.2329e-009	0.
3656.	1.2015e-009	180.	-1.2015e-009	0.
3660.	1.1717e-009	180.	-1.1717e-009	0.
3664.	1.1433e-009	180.	-1.1433e-009	0.
3668.	1.1163e-009	180.	-1.1163e-009	0.
3672.	1.0906e-009	180.	-1.0906e-009	0.
3676.	1.066e-009	180.	-1.066e-009	0.
3680.	1.0425e-009	180.	-1.0425e-009	0.
3684.	1.02e-009	180.	-1.02e-009	0.
3688.	9.9849e-010	180.	-9.9849e-010	0.
3692.	9.7787e-010	180.	-9.7787e-010	0.
3696.	9.581e-010	180.	-9.581e-010	0.
3700.	9.3912e-010	180.	-9.3912e-010	0.
3704.	9.2088e-010	180.	-9.2088e-010	0.
3708.	9.0335e-010	180.	-9.0335e-010	0.
3712.	8.8648e-010	180.	-8.8648e-010	0.
3716.	8.7024e-010	180.	-8.7024e-010	0.
3720.	8.5459e-010	180.	-8.5459e-010	0.
3724.	8.395e-010	180.	-8.395e-010	0.
3728.	8.2494e-010	180.	-8.2494e-010	0.
3732.	8.1089e-010	180.	-8.1089e-010	0.
3736.	7.9731e-010	180.	-7.9731e-010	0.
3740.	7.8419e-010	180.	-7.8419e-010	0.
3744.	7.715e-010	180.	-7.715e-010	0.
3748.	7.5922e-010	180.	-7.5922e-010	0.
3752.	7.4734e-010	180.	-7.4734e-010	0.
3756.	7.3582e-010	180.	-7.3582e-010	0.
3760.	7.2467e-010	180.	-7.2467e-010	0.
3764.	7.1385e-010	180.	-7.1385e-010	0.
3768.	7.0336e-010	180.	-7.0336e-010	0.
3772.	6.9317e-010	180.	-6.9317e-010	0.
3776.	6.8329e-010	180.	-6.8329e-010	0.
3780.	6.7369e-010	180.	-6.7369e-010	0.
3784.	6.6436e-010	180.	-6.6436e-010	0.
3788.	6.5529e-010	180.	-6.5529e-010	0.
3792.	6.4647e-010	180.	-6.4647e-010	0.
3796.	6.3789e-010	180.	-6.3789e-010	0.
3800.	6.2954e-010	180.	-6.2954e-010	0.
3804.	6.2141e-010	180.	-6.2141e-010	0.
3808.	6.1349e-010	180.	-6.1349e-010	0.
3812.	6.0578e-010	180.	-6.0578e-010	0.
3816.	5.9826e-010	180.	-5.9826e-010	0.
3820.	5.9094e-010	180.	-5.9094e-010	0.
3824.	5.8379e-010	180.	-5.8379e-010	0.
3828.	5.7682e-010	180.	-5.7682e-010	0.
3832.	5.7002e-010	180.	-5.7002e-010	0.
3836.	5.6338e-010	180.	-5.6338e-010	0.
3840.	5.569e-010	180.	-5.569e-010	0.
3844.	5.5057e-010	180.	-5.5057e-010	0.
3848.	5.4439e-010	180.	-5.4439e-010	0.
3852.	5.3835e-010	180.	-5.3835e-010	0.
3856.	5.3244e-010	180.	-5.3244e-010	0.
3860.	5.2667e-010	180.	-5.2667e-010	0.
3864.	5.2102e-010	180.	-5.2102e-010	0.
3868.	5.155e-010	180.	-5.155e-010	0.
3872.	5.101e-010	180.	-5.101e-010	0.
3876.	5.0481e-010	180.	-5.0481e-010	0.
3880.	4.9963e-010	180.	-4.9963e-010	0.
3884.	4.9457e-010	180.	-4.9457e-010	0.
3888.	4.896e-010	180.	-4.896e-010	0.
3892.	4.8474e-010	180.	-4.8474e-010	0.
3896.	4.7998e-010	180.	-4.7998e-010	0.
3900.	4.7531e-010	180.	-4.7531e-010	0.
3904.	4.7073e-010	180.	-4.7073e-010	0.
3908.	4.6625e-010	180.	-4.6625e-010	0.
3912.	4.6185e-010	180.	-4.6185e-010	0.
3916.	4.5754e-010	180.	-4.5754e-010	0.
3920.	4.533e-010	180.	-4.533e-010	0.
3924.	4.4915e-010	180.	-4.4915e-010	0.
3928.	4.4508e-010	180.	-4.4508e-010	0.
3932.	4.4108e-010	180.	-4.4108e-010	0.
3936.	4.3715e-010	180.	-4.3715e-010	0.
3940.	4.3329e-010	180.	-4.3329e-010	0.
3944.	4.2951e-010	180.	-4.2951e-010	0.
3948.	4.2579e-010	180.	-4.2579e-010	0.
3952.	4.2213e-010	180.	-4.2213e-010	0.
3956.	4.1854e-010	180.	-4.1854e-010	0.
3960.	4.1501e-010	180.	-4.1501e-010	0.
3964.	4.1154e-010	180.	-4.1154e-010	0.
3968.	4.0813e-010	180.	-4.0813e-010	0.
3972.	4.0478e-010	180.	-4.0478e-010	0.
3976.	4.0148e-010	180.	-4.0148e-010	0.
3980.	3.9823e-010	180.	-3.9823e-010	0.
3984.	3.9504e-010	180.	-3.9504e-010	0.
3988.	3.919e-010	180.	-3.919e-010	0.
3992.	3.8881e-010	180.	-3.8881e-010	0.
3996.	3.8577e-010	180.	-3.8577e-010	0.
4000.	3.8278e-010	180.	-3.8278e-010	0.
