é¸îgêî (Hz)	êUïù (mm)	à ëääp (ìx)	é¿ïî (mm)	ãïïî (mm)
4.	4.2839e-011	0.	4.2839e-011	0.
8.	4.2838e-011	0.	4.2838e-011	0.
12.	4.2838e-011	0.	4.2838e-011	0.
16.	4.2837e-011	0.	4.2837e-011	0.
20.	4.2836e-011	0.	4.2836e-011	0.
24.	4.2835e-011	0.	4.2835e-011	0.
28.	4.2834e-011	0.	4.2834e-011	0.
32.	4.2833e-011	0.	4.2833e-011	0.
36.	4.2831e-011	0.	4.2831e-011	0.
40.	4.283e-011	0.	4.283e-011	0.
44.	4.2828e-011	0.	4.2828e-011	0.
48.	4.2826e-011	0.	4.2826e-011	0.
52.	4.2823e-011	0.	4.2823e-011	0.
56.	4.2821e-011	0.	4.2821e-011	0.
60.	4.2818e-011	0.	4.2818e-011	0.
64.	4.2815e-011	0.	4.2815e-011	0.
68.	4.2812e-011	0.	4.2812e-011	0.
72.	4.2809e-011	0.	4.2809e-011	0.
76.	4.2806e-011	0.	4.2806e-011	0.
80.	4.2802e-011	0.	4.2802e-011	0.
84.	4.2798e-011	0.	4.2798e-011	0.
88.	4.2795e-011	0.	4.2795e-011	0.
92.	4.279e-011	0.	4.279e-011	0.
96.	4.2786e-011	0.	4.2786e-011	0.
100.	4.2782e-011	0.	4.2782e-011	0.
104.	4.2777e-011	0.	4.2777e-011	0.
108.	4.2772e-011	0.	4.2772e-011	0.
112.	4.2767e-011	0.	4.2767e-011	0.
116.	4.2762e-011	0.	4.2762e-011	0.
120.	4.2756e-011	0.	4.2756e-011	0.
124.	4.275e-011	0.	4.275e-011	0.
128.	4.2745e-011	0.	4.2745e-011	0.
132.	4.2739e-011	0.	4.2739e-011	0.
136.	4.2732e-011	0.	4.2732e-011	0.
140.	4.2726e-011	0.	4.2726e-011	0.
144.	4.2719e-011	0.	4.2719e-011	0.
148.	4.2712e-011	0.	4.2712e-011	0.
152.	4.2705e-011	0.	4.2705e-011	0.
156.	4.2698e-011	0.	4.2698e-011	0.
160.	4.2691e-011	0.	4.2691e-011	0.
164.	4.2683e-011	0.	4.2683e-011	0.
168.	4.2675e-011	0.	4.2675e-011	0.
172.	4.2667e-011	0.	4.2667e-011	0.
176.	4.2659e-011	0.	4.2659e-011	0.
180.	4.265e-011	0.	4.265e-011	0.
184.	4.2642e-011	0.	4.2642e-011	0.
188.	4.2633e-011	0.	4.2633e-011	0.
192.	4.2624e-011	0.	4.2624e-011	0.
196.	4.2615e-011	0.	4.2615e-011	0.
200.	4.2605e-011	0.	4.2605e-011	0.
204.	4.2595e-011	0.	4.2595e-011	0.
208.	4.2585e-011	0.	4.2585e-011	0.
212.	4.2575e-011	0.	4.2575e-011	0.
216.	4.2565e-011	0.	4.2565e-011	0.
220.	4.2554e-011	0.	4.2554e-011	0.
224.	4.2543e-011	0.	4.2543e-011	0.
228.	4.2532e-011	0.	4.2532e-011	0.
232.	4.2521e-011	0.	4.2521e-011	0.
236.	4.251e-011	0.	4.251e-011	0.
240.	4.2498e-011	0.	4.2498e-011	0.
244.	4.2486e-011	0.	4.2486e-011	0.
248.	4.2474e-011	0.	4.2474e-011	0.
252.	4.2461e-011	0.	4.2461e-011	0.
256.	4.2449e-011	0.	4.2449e-011	0.
260.	4.2436e-011	0.	4.2436e-011	0.
264.	4.2423e-011	0.	4.2423e-011	0.
268.	4.2409e-011	0.	4.2409e-011	0.
272.	4.2396e-011	0.	4.2396e-011	0.
276.	4.2382e-011	0.	4.2382e-011	0.
280.	4.2368e-011	0.	4.2368e-011	0.
284.	4.2353e-011	0.	4.2353e-011	0.
288.	4.2339e-011	0.	4.2339e-011	0.
292.	4.2324e-011	0.	4.2324e-011	0.
296.	4.2309e-011	0.	4.2309e-011	0.
300.	4.2294e-011	0.	4.2294e-011	0.
304.	4.2278e-011	0.	4.2278e-011	0.
308.	4.2262e-011	0.	4.2262e-011	0.
312.	4.2246e-011	0.	4.2246e-011	0.
316.	4.223e-011	0.	4.223e-011	0.
320.	4.2213e-011	0.	4.2213e-011	0.
324.	4.2196e-011	0.	4.2196e-011	0.
328.	4.2179e-011	0.	4.2179e-011	0.
332.	4.2161e-011	0.	4.2161e-011	0.
336.	4.2143e-011	0.	4.2143e-011	0.
340.	4.2125e-011	0.	4.2125e-011	0.
344.	4.2107e-011	0.	4.2107e-011	0.
348.	4.2088e-011	0.	4.2088e-011	0.
352.	4.2069e-011	0.	4.2069e-011	0.
356.	4.205e-011	0.	4.205e-011	0.
360.	4.2031e-011	0.	4.2031e-011	0.
364.	4.2011e-011	0.	4.2011e-011	0.
368.	4.1991e-011	0.	4.1991e-011	0.
372.	4.1971e-011	0.	4.1971e-011	0.
376.	4.195e-011	0.	4.195e-011	0.
380.	4.1929e-011	0.	4.1929e-011	0.
384.	4.1907e-011	0.	4.1907e-011	0.
388.	4.1886e-011	0.	4.1886e-011	0.
392.	4.1864e-011	0.	4.1864e-011	0.
396.	4.1842e-011	0.	4.1842e-011	0.
400.	4.1819e-011	0.	4.1819e-011	0.
404.	4.1796e-011	0.	4.1796e-011	0.
408.	4.1773e-011	0.	4.1773e-011	0.
412.	4.1749e-011	0.	4.1749e-011	0.
416.	4.1725e-011	0.	4.1725e-011	0.
420.	4.1701e-011	0.	4.1701e-011	0.
424.	4.1676e-011	0.	4.1676e-011	0.
428.	4.1651e-011	0.	4.1651e-011	0.
432.	4.1626e-011	0.	4.1626e-011	0.
436.	4.16e-011	0.	4.16e-011	0.
440.	4.1574e-011	0.	4.1574e-011	0.
444.	4.1548e-011	0.	4.1548e-011	0.
448.	4.1521e-011	0.	4.1521e-011	0.
452.	4.1494e-011	0.	4.1494e-011	0.
456.	4.1466e-011	0.	4.1466e-011	0.
460.	4.1438e-011	0.	4.1438e-011	0.
464.	4.141e-011	0.	4.141e-011	0.
468.	4.1381e-011	0.	4.1381e-011	0.
472.	4.1352e-011	0.	4.1352e-011	0.
476.	4.1323e-011	0.	4.1323e-011	0.
480.	4.1293e-011	0.	4.1293e-011	0.
484.	4.1263e-011	0.	4.1263e-011	0.
488.	4.1232e-011	0.	4.1232e-011	0.
492.	4.1201e-011	0.	4.1201e-011	0.
496.	4.1169e-011	0.	4.1169e-011	0.
500.	4.1137e-011	0.	4.1137e-011	0.
504.	4.1105e-011	0.	4.1105e-011	0.
508.	4.1072e-011	0.	4.1072e-011	0.
512.	4.1039e-011	0.	4.1039e-011	0.
516.	4.1005e-011	0.	4.1005e-011	0.
520.	4.0971e-011	0.	4.0971e-011	0.
524.	4.0936e-011	0.	4.0936e-011	0.
528.	4.0901e-011	0.	4.0901e-011	0.
532.	4.0865e-011	0.	4.0865e-011	0.
536.	4.0829e-011	0.	4.0829e-011	0.
540.	4.0793e-011	0.	4.0793e-011	0.
544.	4.0756e-011	0.	4.0756e-011	0.
548.	4.0718e-011	0.	4.0718e-011	0.
552.	4.068e-011	0.	4.068e-011	0.
556.	4.0641e-011	0.	4.0641e-011	0.
560.	4.0602e-011	0.	4.0602e-011	0.
564.	4.0563e-011	0.	4.0563e-011	0.
568.	4.0523e-011	0.	4.0523e-011	0.
572.	4.0482e-011	0.	4.0482e-011	0.
576.	4.0441e-011	0.	4.0441e-011	0.
580.	4.0399e-011	0.	4.0399e-011	0.
584.	4.0357e-011	0.	4.0357e-011	0.
588.	4.0314e-011	0.	4.0314e-011	0.
592.	4.0271e-011	0.	4.0271e-011	0.
596.	4.0227e-011	0.	4.0227e-011	0.
600.	4.0182e-011	0.	4.0182e-011	0.
604.	4.0137e-011	0.	4.0137e-011	0.
608.	4.0091e-011	0.	4.0091e-011	0.
612.	4.0045e-011	0.	4.0045e-011	0.
616.	3.9998e-011	0.	3.9998e-011	0.
620.	3.995e-011	0.	3.995e-011	0.
624.	3.9902e-011	0.	3.9902e-011	0.
628.	3.9853e-011	0.	3.9853e-011	0.
632.	3.9804e-011	0.	3.9804e-011	0.
636.	3.9754e-011	0.	3.9754e-011	0.
640.	3.9703e-011	0.	3.9703e-011	0.
644.	3.9651e-011	0.	3.9651e-011	0.
648.	3.9599e-011	0.	3.9599e-011	0.
652.	3.9547e-011	0.	3.9547e-011	0.
656.	3.9493e-011	0.	3.9493e-011	0.
660.	3.9439e-011	0.	3.9439e-011	0.
664.	3.9384e-011	0.	3.9384e-011	0.
668.	3.9328e-011	0.	3.9328e-011	0.
672.	3.9272e-011	0.	3.9272e-011	0.
676.	3.9215e-011	0.	3.9215e-011	0.
680.	3.9157e-011	0.	3.9157e-011	0.
684.	3.9098e-011	0.	3.9098e-011	0.
688.	3.9039e-011	0.	3.9039e-011	0.
692.	3.8979e-011	0.	3.8979e-011	0.
696.	3.8918e-011	0.	3.8918e-011	0.
700.	3.8856e-011	0.	3.8856e-011	0.
704.	3.8793e-011	0.	3.8793e-011	0.
708.	3.873e-011	0.	3.873e-011	0.
712.	3.8665e-011	0.	3.8665e-011	0.
716.	3.86e-011	0.	3.86e-011	0.
720.	3.8534e-011	0.	3.8534e-011	0.
724.	3.8467e-011	0.	3.8467e-011	0.
728.	3.84e-011	0.	3.84e-011	0.
732.	3.8331e-011	0.	3.8331e-011	0.
736.	3.8261e-011	0.	3.8261e-011	0.
740.	3.8191e-011	0.	3.8191e-011	0.
744.	3.8119e-011	0.	3.8119e-011	0.
748.	3.8047e-011	0.	3.8047e-011	0.
752.	3.7973e-011	0.	3.7973e-011	0.
756.	3.7899e-011	0.	3.7899e-011	0.
760.	3.7824e-011	0.	3.7824e-011	0.
764.	3.7747e-011	0.	3.7747e-011	0.
768.	3.767e-011	0.	3.767e-011	0.
772.	3.7592e-011	0.	3.7592e-011	0.
776.	3.7512e-011	0.	3.7512e-011	0.
780.	3.7432e-011	0.	3.7432e-011	0.
784.	3.735e-011	0.	3.735e-011	0.
788.	3.7267e-011	0.	3.7267e-011	0.
792.	3.7183e-011	0.	3.7183e-011	0.
796.	3.7098e-011	0.	3.7098e-011	0.
800.	3.7012e-011	0.	3.7012e-011	0.
804.	3.6925e-011	0.	3.6925e-011	0.
808.	3.6837e-011	0.	3.6837e-011	0.
812.	3.6747e-011	0.	3.6747e-011	0.
816.	3.6656e-011	0.	3.6656e-011	0.
820.	3.6564e-011	0.	3.6564e-011	0.
824.	3.6471e-011	0.	3.6471e-011	0.
828.	3.6376e-011	0.	3.6376e-011	0.
832.	3.628e-011	0.	3.628e-011	0.
836.	3.6183e-011	0.	3.6183e-011	0.
840.	3.6084e-011	0.	3.6084e-011	0.
844.	3.5984e-011	0.	3.5984e-011	0.
848.	3.5883e-011	0.	3.5883e-011	0.
852.	3.578e-011	0.	3.578e-011	0.
856.	3.5676e-011	0.	3.5676e-011	0.
860.	3.557e-011	0.	3.557e-011	0.
864.	3.5463e-011	0.	3.5463e-011	0.
868.	3.5355e-011	0.	3.5355e-011	0.
872.	3.5245e-011	0.	3.5245e-011	0.
876.	3.5133e-011	0.	3.5133e-011	0.
880.	3.502e-011	0.	3.502e-011	0.
884.	3.4905e-011	0.	3.4905e-011	0.
888.	3.4789e-011	0.	3.4789e-011	0.
892.	3.4671e-011	0.	3.4671e-011	0.
896.	3.4552e-011	0.	3.4552e-011	0.
900.	3.443e-011	0.	3.443e-011	0.
904.	3.4307e-011	0.	3.4307e-011	0.
908.	3.4183e-011	0.	3.4183e-011	0.
912.	3.4056e-011	0.	3.4056e-011	0.
916.	3.3928e-011	0.	3.3928e-011	0.
920.	3.3798e-011	0.	3.3798e-011	0.
924.	3.3666e-011	0.	3.3666e-011	0.
928.	3.3532e-011	0.	3.3532e-011	0.
932.	3.3396e-011	0.	3.3396e-011	0.
936.	3.3259e-011	0.	3.3259e-011	0.
940.	3.3119e-011	0.	3.3119e-011	0.
944.	3.2977e-011	0.	3.2977e-011	0.
948.	3.2834e-011	0.	3.2834e-011	0.
952.	3.2688e-011	0.	3.2688e-011	0.
956.	3.254e-011	0.	3.254e-011	0.
960.	3.239e-011	0.	3.239e-011	0.
964.	3.2238e-011	0.	3.2238e-011	0.
968.	3.2083e-011	0.	3.2083e-011	0.
972.	3.1927e-011	0.	3.1927e-011	0.
976.	3.1768e-011	0.	3.1768e-011	0.
980.	3.1607e-011	0.	3.1607e-011	0.
984.	3.1443e-011	0.	3.1443e-011	0.
988.	3.1277e-011	0.	3.1277e-011	0.
992.	3.1108e-011	0.	3.1108e-011	0.
996.	3.0937e-011	0.	3.0937e-011	0.
1000.	3.0764e-011	0.	3.0764e-011	0.
1004.	3.0587e-011	0.	3.0587e-011	0.
1008.	3.0409e-011	0.	3.0409e-011	0.
1012.	3.0227e-011	0.	3.0227e-011	0.
1016.	3.0043e-011	0.	3.0043e-011	0.
1020.	2.9856e-011	0.	2.9856e-011	0.
1024.	2.9666e-011	0.	2.9666e-011	0.
1028.	2.9474e-011	0.	2.9474e-011	0.
1032.	2.9278e-011	0.	2.9278e-011	0.
1036.	2.9079e-011	0.	2.9079e-011	0.
1040.	2.8878e-011	0.	2.8878e-011	0.
1044.	2.8673e-011	0.	2.8673e-011	0.
1048.	2.8465e-011	0.	2.8465e-011	0.
1052.	2.8254e-011	0.	2.8254e-011	0.
1056.	2.804e-011	0.	2.804e-011	0.
1060.	2.7822e-011	0.	2.7822e-011	0.
1064.	2.7601e-011	0.	2.7601e-011	0.
1068.	2.7377e-011	0.	2.7377e-011	0.
1072.	2.7149e-011	0.	2.7149e-011	0.
1076.	2.6918e-011	0.	2.6918e-011	0.
1080.	2.6683e-011	0.	2.6683e-011	0.
1084.	2.6444e-011	0.	2.6444e-011	0.
1088.	2.6201e-011	0.	2.6201e-011	0.
1092.	2.5955e-011	0.	2.5955e-011	0.
1096.	2.5704e-011	0.	2.5704e-011	0.
1100.	2.545e-011	0.	2.545e-011	0.
1104.	2.5192e-011	0.	2.5192e-011	0.
1108.	2.4929e-011	0.	2.4929e-011	0.
1112.	2.4662e-011	0.	2.4662e-011	0.
1116.	2.4391e-011	0.	2.4391e-011	0.
1120.	2.4115e-011	0.	2.4115e-011	0.
1124.	2.3835e-011	0.	2.3835e-011	0.
1128.	2.3551e-011	0.	2.3551e-011	0.
1132.	2.3262e-011	0.	2.3262e-011	0.
1136.	2.2967e-011	0.	2.2967e-011	0.
1140.	2.2669e-011	0.	2.2669e-011	0.
1144.	2.2365e-011	0.	2.2365e-011	0.
1148.	2.2056e-011	0.	2.2056e-011	0.
1152.	2.1742e-011	0.	2.1742e-011	0.
1156.	2.1422e-011	0.	2.1422e-011	0.
1160.	2.1098e-011	0.	2.1098e-011	0.
1164.	2.0768e-011	0.	2.0768e-011	0.
1168.	2.0432e-011	0.	2.0432e-011	0.
1172.	2.009e-011	0.	2.009e-011	0.
1176.	1.9743e-011	0.	1.9743e-011	0.
1180.	1.939e-011	0.	1.939e-011	0.
1184.	1.903e-011	0.	1.903e-011	0.
1188.	1.8665e-011	0.	1.8665e-011	0.
1192.	1.8293e-011	0.	1.8293e-011	0.
1196.	1.7914e-011	0.	1.7914e-011	0.
1200.	1.7529e-011	0.	1.7529e-011	0.
1204.	1.7138e-011	0.	1.7138e-011	0.
1208.	1.6739e-011	0.	1.6739e-011	0.
1212.	1.6333e-011	0.	1.6333e-011	0.
1216.	1.592e-011	0.	1.592e-011	0.
1220.	1.55e-011	0.	1.55e-011	0.
1224.	1.5072e-011	0.	1.5072e-011	0.
1228.	1.4636e-011	0.	1.4636e-011	0.
1232.	1.4193e-011	0.	1.4193e-011	0.
1236.	1.3741e-011	0.	1.3741e-011	0.
1240.	1.3281e-011	0.	1.3281e-011	0.
1244.	1.2813e-011	0.	1.2813e-011	0.
1248.	1.2336e-011	0.	1.2336e-011	0.
1252.	1.185e-011	0.	1.185e-011	0.
1256.	1.1356e-011	0.	1.1356e-011	0.
1260.	1.0852e-011	0.	1.0852e-011	0.
1264.	1.0338e-011	0.	1.0338e-011	0.
1268.	9.815e-012	0.	9.815e-012	0.
1272.	9.2818e-012	0.	9.2818e-012	0.
1276.	8.7385e-012	0.	8.7385e-012	0.
1280.	8.1848e-012	0.	8.1848e-012	0.
1284.	7.6205e-012	0.	7.6205e-012	0.
1288.	7.0452e-012	0.	7.0452e-012	0.
1292.	6.4587e-012	0.	6.4587e-012	0.
1296.	5.8607e-012	0.	5.8607e-012	0.
1300.	5.251e-012	0.	5.251e-012	0.
1304.	4.6292e-012	0.	4.6292e-012	0.
1308.	3.9951e-012	0.	3.9951e-012	0.
1312.	3.3483e-012	0.	3.3483e-012	0.
1316.	2.6885e-012	0.	2.6885e-012	0.
1320.	2.0154e-012	0.	2.0154e-012	0.
1324.	1.3286e-012	0.	1.3286e-012	0.
1328.	6.2773e-013	0.	6.2773e-013	0.
1332.	8.7504e-014	180.	-8.7504e-014	0.
1336.	8.1751e-013	180.	-8.1751e-013	0.
1340.	1.5627e-012	180.	-1.5627e-012	0.
1344.	2.3235e-012	180.	-2.3235e-012	0.
1348.	3.1002e-012	180.	-3.1002e-012	0.
1352.	3.8934e-012	180.	-3.8934e-012	0.
1356.	4.7035e-012	180.	-4.7035e-012	0.
1360.	5.5309e-012	180.	-5.5309e-012	0.
1364.	6.3762e-012	180.	-6.3762e-012	0.
1368.	7.2398e-012	180.	-7.2398e-012	0.
1372.	8.1222e-012	180.	-8.1222e-012	0.
1376.	9.024e-012	180.	-9.024e-012	0.
1380.	9.9457e-012	180.	-9.9457e-012	0.
1384.	1.0888e-011	180.	-1.0888e-011	0.
1388.	1.1851e-011	180.	-1.1851e-011	0.
1392.	1.2836e-011	180.	-1.2836e-011	0.
1396.	1.3844e-011	180.	-1.3844e-011	0.
1400.	1.4874e-011	180.	-1.4874e-011	0.
1404.	1.5928e-011	180.	-1.5928e-011	0.
1408.	1.7007e-011	180.	-1.7007e-011	0.
1412.	1.8111e-011	180.	-1.8111e-011	0.
1416.	1.9241e-011	180.	-1.9241e-011	0.
1420.	2.0397e-011	180.	-2.0397e-011	0.
1424.	2.1581e-011	180.	-2.1581e-011	0.
1428.	2.2793e-011	180.	-2.2793e-011	0.
1432.	2.4035e-011	180.	-2.4035e-011	0.
1436.	2.5307e-011	180.	-2.5307e-011	0.
1440.	2.6611e-011	180.	-2.6611e-011	0.
1444.	2.7946e-011	180.	-2.7946e-011	0.
1448.	2.9315e-011	180.	-2.9315e-011	0.
1452.	3.0719e-011	180.	-3.0719e-011	0.
1456.	3.2158e-011	180.	-3.2158e-011	0.
1460.	3.3634e-011	180.	-3.3634e-011	0.
1464.	3.5148e-011	180.	-3.5148e-011	0.
1468.	3.6701e-011	180.	-3.6701e-011	0.
1472.	3.8295e-011	180.	-3.8295e-011	0.
1476.	3.9931e-011	180.	-3.9931e-011	0.
1480.	4.1611e-011	180.	-4.1611e-011	0.
1484.	4.3335e-011	180.	-4.3335e-011	0.
1488.	4.5107e-011	180.	-4.5107e-011	0.
1492.	4.6927e-011	180.	-4.6927e-011	0.
1496.	4.8798e-011	180.	-4.8798e-011	0.
1500.	5.0721e-011	180.	-5.0721e-011	0.
1504.	5.2698e-011	180.	-5.2698e-011	0.
1508.	5.4731e-011	180.	-5.4731e-011	0.
1512.	5.6822e-011	180.	-5.6822e-011	0.
1516.	5.8974e-011	180.	-5.8974e-011	0.
1520.	6.1189e-011	180.	-6.1189e-011	0.
1524.	6.3469e-011	180.	-6.3469e-011	0.
1528.	6.5818e-011	180.	-6.5818e-011	0.
1532.	6.8237e-011	180.	-6.8237e-011	0.
1536.	7.0731e-011	180.	-7.0731e-011	0.
1540.	7.3301e-011	180.	-7.3301e-011	0.
1544.	7.5951e-011	180.	-7.5951e-011	0.
1548.	7.8684e-011	180.	-7.8684e-011	0.
1552.	8.1505e-011	180.	-8.1505e-011	0.
1556.	8.4416e-011	180.	-8.4416e-011	0.
1560.	8.7422e-011	180.	-8.7422e-011	0.
1564.	9.0527e-011	180.	-9.0527e-011	0.
1568.	9.3736e-011	180.	-9.3736e-011	0.
1572.	9.7052e-011	180.	-9.7052e-011	0.
1576.	1.0048e-010	180.	-1.0048e-010	0.
1580.	1.0403e-010	180.	-1.0403e-010	0.
1584.	1.077e-010	180.	-1.077e-010	0.
1588.	1.1151e-010	180.	-1.1151e-010	0.
1592.	1.1545e-010	180.	-1.1545e-010	0.
1596.	1.1953e-010	180.	-1.1953e-010	0.
1600.	1.2376e-010	180.	-1.2376e-010	0.
1604.	1.2815e-010	180.	-1.2815e-010	0.
1608.	1.3271e-010	180.	-1.3271e-010	0.
1612.	1.3745e-010	180.	-1.3745e-010	0.
1616.	1.4236e-010	180.	-1.4236e-010	0.
1620.	1.4748e-010	180.	-1.4748e-010	0.
1624.	1.528e-010	180.	-1.528e-010	0.
1628.	1.5833e-010	180.	-1.5833e-010	0.
1632.	1.641e-010	180.	-1.641e-010	0.
1636.	1.701e-010	180.	-1.701e-010	0.
1640.	1.7637e-010	180.	-1.7637e-010	0.
1644.	1.829e-010	180.	-1.829e-010	0.
1648.	1.8973e-010	180.	-1.8973e-010	0.
1652.	1.9686e-010	180.	-1.9686e-010	0.
1656.	2.0432e-010	180.	-2.0432e-010	0.
1660.	2.1213e-010	180.	-2.1213e-010	0.
1664.	2.2031e-010	180.	-2.2031e-010	0.
1668.	2.2888e-010	180.	-2.2888e-010	0.
1672.	2.3788e-010	180.	-2.3788e-010	0.
1676.	2.4733e-010	180.	-2.4733e-010	0.
1680.	2.5726e-010	180.	-2.5726e-010	0.
1684.	2.6772e-010	180.	-2.6772e-010	0.
1688.	2.7873e-010	180.	-2.7873e-010	0.
1692.	2.9035e-010	180.	-2.9035e-010	0.
1696.	3.0261e-010	180.	-3.0261e-010	0.
1700.	3.1558e-010	180.	-3.1558e-010	0.
1704.	3.2931e-010	180.	-3.2931e-010	0.
1708.	3.4386e-010	180.	-3.4386e-010	0.
1712.	3.5931e-010	180.	-3.5931e-010	0.
1716.	3.7574e-010	180.	-3.7574e-010	0.
1720.	3.9323e-010	180.	-3.9323e-010	0.
1724.	4.1188e-010	180.	-4.1188e-010	0.
1728.	4.3182e-010	180.	-4.3182e-010	0.
1732.	4.5317e-010	180.	-4.5317e-010	0.
1736.	4.7607e-010	180.	-4.7607e-010	0.
1740.	5.0069e-010	180.	-5.0069e-010	0.
1744.	5.2722e-010	180.	-5.2722e-010	0.
1748.	5.5588e-010	180.	-5.5588e-010	0.
1752.	5.8693e-010	180.	-5.8693e-010	0.
1756.	6.2066e-010	180.	-6.2066e-010	0.
1760.	6.5742e-010	180.	-6.5742e-010	0.
1764.	6.9762e-010	180.	-6.9762e-010	0.
1768.	7.4173e-010	180.	-7.4173e-010	0.
1772.	7.9034e-010	180.	-7.9034e-010	0.
1776.	8.4414e-010	180.	-8.4414e-010	0.
1780.	9.0398e-010	180.	-9.0398e-010	0.
1784.	9.7088e-010	180.	-9.7088e-010	0.
1788.	1.0462e-009	180.	-1.0462e-009	0.
1792.	1.1314e-009	180.	-1.1314e-009	0.
1796.	1.2287e-009	180.	-1.2287e-009	0.
1800.	1.3406e-009	180.	-1.3406e-009	0.
1804.	1.4708e-009	180.	-1.4708e-009	0.
1808.	1.6239e-009	180.	-1.6239e-009	0.
1812.	1.8065e-009	180.	-1.8065e-009	0.
1816.	2.0276e-009	180.	-2.0276e-009	0.
1820.	2.3007e-009	180.	-2.3007e-009	0.
1824.	2.6464e-009	180.	-2.6464e-009	0.
1828.	3.0974e-009	180.	-3.0974e-009	0.
1832.	3.7098e-009	180.	-3.7098e-009	0.
1836.	4.5882e-009	180.	-4.5882e-009	0.
1840.	5.9521e-009	180.	-5.9521e-009	0.
1844.	8.3535e-009	180.	-8.3535e-009	0.
1848.	1.3693e-008	180.	-1.3693e-008	0.
1852.	3.5793e-008	180.	-3.5793e-008	0.
1856.	6.4191e-008	0.	6.4191e-008	0.
1860.	1.7377e-008	0.	1.7377e-008	0.
1864.	1.0206e-008	0.	1.0206e-008	0.
1868.	7.3043e-009	0.	7.3043e-009	0.
1872.	5.7362e-009	0.	5.7362e-009	0.
1876.	4.7555e-009	0.	4.7555e-009	0.
1880.	4.0855e-009	0.	4.0855e-009	0.
1884.	3.5997e-009	0.	3.5997e-009	0.
1888.	3.2321e-009	0.	3.2321e-009	0.
1892.	2.9449e-009	0.	2.9449e-009	0.
1896.	2.715e-009	0.	2.715e-009	0.
1900.	2.5273e-009	0.	2.5273e-009	0.
1904.	2.3717e-009	0.	2.3717e-009	0.
1908.	2.2411e-009	0.	2.2411e-009	0.
1912.	2.1304e-009	0.	2.1304e-009	0.
1916.	2.0358e-009	0.	2.0358e-009	0.
1920.	1.9545e-009	0.	1.9545e-009	0.
1924.	1.8842e-009	0.	1.8842e-009	0.
1928.	1.8234e-009	0.	1.8234e-009	0.
1932.	1.7707e-009	0.	1.7707e-009	0.
1936.	1.7249e-009	0.	1.7249e-009	0.
1940.	1.6854e-009	0.	1.6854e-009	0.
1944.	1.6513e-009	0.	1.6513e-009	0.
1948.	1.6223e-009	0.	1.6223e-009	0.
1952.	1.5977e-009	0.	1.5977e-009	0.
1956.	1.5773e-009	0.	1.5773e-009	0.
1960.	1.5608e-009	0.	1.5608e-009	0.
1964.	1.5481e-009	0.	1.5481e-009	0.
1968.	1.5388e-009	0.	1.5388e-009	0.
1972.	1.5331e-009	0.	1.5331e-009	0.
1976.	1.5307e-009	0.	1.5307e-009	0.
1980.	1.5318e-009	0.	1.5318e-009	0.
1984.	1.5363e-009	0.	1.5363e-009	0.
1988.	1.5445e-009	0.	1.5445e-009	0.
1992.	1.5564e-009	0.	1.5564e-009	0.
1996.	1.5723e-009	0.	1.5723e-009	0.
2000.	1.5925e-009	0.	1.5925e-009	0.
2004.	1.6174e-009	0.	1.6174e-009	0.
2008.	1.6475e-009	0.	1.6475e-009	0.
2012.	1.6834e-009	0.	1.6834e-009	0.
2016.	1.7259e-009	0.	1.7259e-009	0.
2020.	1.7762e-009	0.	1.7762e-009	0.
2024.	1.8354e-009	0.	1.8354e-009	0.
2028.	1.9053e-009	0.	1.9053e-009	0.
2032.	1.9882e-009	0.	1.9882e-009	0.
2036.	2.087e-009	0.	2.087e-009	0.
2040.	2.2057e-009	0.	2.2057e-009	0.
2044.	2.35e-009	0.	2.35e-009	0.
2048.	2.528e-009	0.	2.528e-009	0.
2052.	2.7516e-009	0.	2.7516e-009	0.
2056.	3.0395e-009	0.	3.0395e-009	0.
2060.	3.422e-009	0.	3.422e-009	0.
2064.	3.9523e-009	0.	3.9523e-009	0.
2068.	4.7335e-009	0.	4.7335e-009	0.
2072.	5.9932e-009	0.	5.9932e-009	0.
2076.	8.3547e-009	0.	8.3547e-009	0.
2080.	1.4353e-008	0.	1.4353e-008	0.
2084.	5.8407e-008	0.	5.8407e-008	0.
2088.	2.5049e-008	180.	-2.5049e-008	0.
2092.	1.0056e-008	180.	-1.0056e-008	0.
2096.	6.1531e-009	180.	-6.1531e-009	0.
2100.	4.3611e-009	180.	-4.3611e-009	0.
2104.	3.3335e-009	180.	-3.3335e-009	0.
2108.	2.6681e-009	180.	-2.6681e-009	0.
2112.	2.2028e-009	180.	-2.2028e-009	0.
2116.	1.8595e-009	180.	-1.8595e-009	0.
2120.	1.5961e-009	180.	-1.5961e-009	0.
2124.	1.3879e-009	180.	-1.3879e-009	0.
2128.	1.2193e-009	180.	-1.2193e-009	0.
2132.	1.0802e-009	180.	-1.0802e-009	0.
2136.	9.6362e-010	180.	-9.6362e-010	0.
2140.	8.6452e-010	180.	-8.6452e-010	0.
2144.	7.7935e-010	180.	-7.7935e-010	0.
2148.	7.0543e-010	180.	-7.0543e-010	0.
2152.	6.4072e-010	180.	-6.4072e-010	0.
2156.	5.8364e-010	180.	-5.8364e-010	0.
2160.	5.3296e-010	180.	-5.3296e-010	0.
2164.	4.8769e-010	180.	-4.8769e-010	0.
2168.	4.4703e-010	180.	-4.4703e-010	0.
2172.	4.1033e-010	180.	-4.1033e-010	0.
2176.	3.7707e-010	180.	-3.7707e-010	0.
2180.	3.4679e-010	180.	-3.4679e-010	0.
2184.	3.1914e-010	180.	-3.1914e-010	0.
2188.	2.9378e-010	180.	-2.9378e-010	0.
2192.	2.7047e-010	180.	-2.7047e-010	0.
2196.	2.4897e-010	180.	-2.4897e-010	0.
2200.	2.2909e-010	180.	-2.2909e-010	0.
2204.	2.1066e-010	180.	-2.1066e-010	0.
2208.	1.9352e-010	180.	-1.9352e-010	0.
2212.	1.7757e-010	180.	-1.7757e-010	0.
2216.	1.6267e-010	180.	-1.6267e-010	0.
2220.	1.4874e-010	180.	-1.4874e-010	0.
2224.	1.3569e-010	180.	-1.3569e-010	0.
2228.	1.2344e-010	180.	-1.2344e-010	0.
2232.	1.1191e-010	180.	-1.1191e-010	0.
2236.	1.0106e-010	180.	-1.0106e-010	0.
2240.	9.0825e-011	180.	-9.0825e-011	0.
2244.	8.1155e-011	180.	-8.1155e-011	0.
2248.	7.2007e-011	180.	-7.2007e-011	0.
2252.	6.3342e-011	180.	-6.3342e-011	0.
2256.	5.5122e-011	180.	-5.5122e-011	0.
2260.	4.7316e-011	180.	-4.7316e-011	0.
2264.	3.9893e-011	180.	-3.9893e-011	0.
2268.	3.2827e-011	180.	-3.2827e-011	0.
2272.	2.6093e-011	180.	-2.6093e-011	0.
2276.	1.9669e-011	180.	-1.9669e-011	0.
2280.	1.3533e-011	180.	-1.3533e-011	0.
2284.	7.6673e-012	180.	-7.6673e-012	0.
2288.	2.0539e-012	180.	-2.0539e-012	0.
2292.	3.323e-012	0.	3.323e-012	0.
2296.	8.4783e-012	0.	8.4783e-012	0.
2300.	1.3426e-011	0.	1.3426e-011	0.
2304.	1.8177e-011	0.	1.8177e-011	0.
2308.	2.2745e-011	0.	2.2745e-011	0.
2312.	2.714e-011	0.	2.714e-011	0.
2316.	3.1373e-011	0.	3.1373e-011	0.
2320.	3.5451e-011	0.	3.5451e-011	0.
2324.	3.9385e-011	0.	3.9385e-011	0.
2328.	4.3182e-011	0.	4.3182e-011	0.
2332.	4.6849e-011	0.	4.6849e-011	0.
2336.	5.0394e-011	0.	5.0394e-011	0.
2340.	5.3824e-011	0.	5.3824e-011	0.
2344.	5.7144e-011	0.	5.7144e-011	0.
2348.	6.036e-011	0.	6.036e-011	0.
2352.	6.3478e-011	0.	6.3478e-011	0.
2356.	6.6503e-011	0.	6.6503e-011	0.
2360.	6.9439e-011	0.	6.9439e-011	0.
2364.	7.2291e-011	0.	7.2291e-011	0.
2368.	7.5063e-011	0.	7.5063e-011	0.
2372.	7.776e-011	0.	7.776e-011	0.
2376.	8.0384e-011	0.	8.0384e-011	0.
2380.	8.294e-011	0.	8.294e-011	0.
2384.	8.5431e-011	0.	8.5431e-011	0.
2388.	8.7859e-011	0.	8.7859e-011	0.
2392.	9.0228e-011	0.	9.0228e-011	0.
2396.	9.2542e-011	0.	9.2542e-011	0.
2400.	9.4801e-011	0.	9.4801e-011	0.
2404.	9.7009e-011	0.	9.7009e-011	0.
2408.	9.9169e-011	0.	9.9169e-011	0.
2412.	1.0128e-010	0.	1.0128e-010	0.
2416.	1.0335e-010	0.	1.0335e-010	0.
2420.	1.0538e-010	0.	1.0538e-010	0.
2424.	1.0737e-010	0.	1.0737e-010	0.
2428.	1.0931e-010	0.	1.0931e-010	0.
2432.	1.1122e-010	0.	1.1122e-010	0.
2436.	1.131e-010	0.	1.131e-010	0.
2440.	1.1495e-010	0.	1.1495e-010	0.
2444.	1.1676e-010	0.	1.1676e-010	0.
2448.	1.1854e-010	0.	1.1854e-010	0.
2452.	1.2029e-010	0.	1.2029e-010	0.
2456.	1.2202e-010	0.	1.2202e-010	0.
2460.	1.2371e-010	0.	1.2371e-010	0.
2464.	1.2539e-010	0.	1.2539e-010	0.
2468.	1.2704e-010	0.	1.2704e-010	0.
2472.	1.2866e-010	0.	1.2866e-010	0.
2476.	1.3027e-010	0.	1.3027e-010	0.
2480.	1.3185e-010	0.	1.3185e-010	0.
2484.	1.3342e-010	0.	1.3342e-010	0.
2488.	1.3496e-010	0.	1.3496e-010	0.
2492.	1.3649e-010	0.	1.3649e-010	0.
2496.	1.38e-010	0.	1.38e-010	0.
2500.	1.395e-010	0.	1.395e-010	0.
2504.	1.4098e-010	0.	1.4098e-010	0.
2508.	1.4244e-010	0.	1.4244e-010	0.
2512.	1.439e-010	0.	1.439e-010	0.
2516.	1.4533e-010	0.	1.4533e-010	0.
2520.	1.4676e-010	0.	1.4676e-010	0.
2524.	1.4818e-010	0.	1.4818e-010	0.
2528.	1.4958e-010	0.	1.4958e-010	0.
2532.	1.5097e-010	0.	1.5097e-010	0.
2536.	1.5236e-010	0.	1.5236e-010	0.
2540.	1.5373e-010	0.	1.5373e-010	0.
2544.	1.551e-010	0.	1.551e-010	0.
2548.	1.5646e-010	0.	1.5646e-010	0.
2552.	1.5781e-010	0.	1.5781e-010	0.
2556.	1.5916e-010	0.	1.5916e-010	0.
2560.	1.6049e-010	0.	1.6049e-010	0.
2564.	1.6183e-010	0.	1.6183e-010	0.
2568.	1.6315e-010	0.	1.6315e-010	0.
2572.	1.6448e-010	0.	1.6448e-010	0.
2576.	1.6579e-010	0.	1.6579e-010	0.
2580.	1.6711e-010	0.	1.6711e-010	0.
2584.	1.6842e-010	0.	1.6842e-010	0.
2588.	1.6972e-010	0.	1.6972e-010	0.
2592.	1.7103e-010	0.	1.7103e-010	0.
2596.	1.7233e-010	0.	1.7233e-010	0.
2600.	1.7363e-010	0.	1.7363e-010	0.
2604.	1.7493e-010	0.	1.7493e-010	0.
2608.	1.7623e-010	0.	1.7623e-010	0.
2612.	1.7753e-010	0.	1.7753e-010	0.
2616.	1.7882e-010	0.	1.7882e-010	0.
2620.	1.8012e-010	0.	1.8012e-010	0.
2624.	1.8142e-010	0.	1.8142e-010	0.
2628.	1.8272e-010	0.	1.8272e-010	0.
2632.	1.8402e-010	0.	1.8402e-010	0.
2636.	1.8532e-010	0.	1.8532e-010	0.
2640.	1.8662e-010	0.	1.8662e-010	0.
2644.	1.8793e-010	0.	1.8793e-010	0.
2648.	1.8923e-010	0.	1.8923e-010	0.
2652.	1.9054e-010	0.	1.9054e-010	0.
2656.	1.9186e-010	0.	1.9186e-010	0.
2660.	1.9317e-010	0.	1.9317e-010	0.
2664.	1.9449e-010	0.	1.9449e-010	0.
2668.	1.9582e-010	0.	1.9582e-010	0.
2672.	1.9715e-010	0.	1.9715e-010	0.
2676.	1.9848e-010	0.	1.9848e-010	0.
2680.	1.9982e-010	0.	1.9982e-010	0.
2684.	2.0117e-010	0.	2.0117e-010	0.
2688.	2.0252e-010	0.	2.0252e-010	0.
2692.	2.0387e-010	0.	2.0387e-010	0.
2696.	2.0523e-010	0.	2.0523e-010	0.
2700.	2.066e-010	0.	2.066e-010	0.
2704.	2.0798e-010	0.	2.0798e-010	0.
2708.	2.0936e-010	0.	2.0936e-010	0.
2712.	2.1075e-010	0.	2.1075e-010	0.
2716.	2.1215e-010	0.	2.1215e-010	0.
2720.	2.1355e-010	0.	2.1355e-010	0.
2724.	2.1497e-010	0.	2.1497e-010	0.
2728.	2.1639e-010	0.	2.1639e-010	0.
2732.	2.1782e-010	0.	2.1782e-010	0.
2736.	2.1927e-010	0.	2.1927e-010	0.
2740.	2.2072e-010	0.	2.2072e-010	0.
2744.	2.2218e-010	0.	2.2218e-010	0.
2748.	2.2365e-010	0.	2.2365e-010	0.
2752.	2.2513e-010	0.	2.2513e-010	0.
2756.	2.2662e-010	0.	2.2662e-010	0.
2760.	2.2813e-010	0.	2.2813e-010	0.
2764.	2.2964e-010	0.	2.2964e-010	0.
2768.	2.3117e-010	0.	2.3117e-010	0.
2772.	2.3271e-010	0.	2.3271e-010	0.
2776.	2.3426e-010	0.	2.3426e-010	0.
2780.	2.3583e-010	0.	2.3583e-010	0.
2784.	2.3741e-010	0.	2.3741e-010	0.
2788.	2.39e-010	0.	2.39e-010	0.
2792.	2.406e-010	0.	2.406e-010	0.
2796.	2.4222e-010	0.	2.4222e-010	0.
2800.	2.4386e-010	0.	2.4386e-010	0.
2804.	2.4551e-010	0.	2.4551e-010	0.
2808.	2.4717e-010	0.	2.4717e-010	0.
2812.	2.4886e-010	0.	2.4886e-010	0.
2816.	2.5055e-010	0.	2.5055e-010	0.
2820.	2.5227e-010	0.	2.5227e-010	0.
2824.	2.54e-010	0.	2.54e-010	0.
2828.	2.5575e-010	0.	2.5575e-010	0.
2832.	2.5751e-010	0.	2.5751e-010	0.
2836.	2.593e-010	0.	2.593e-010	0.
2840.	2.611e-010	0.	2.611e-010	0.
2844.	2.6292e-010	0.	2.6292e-010	0.
2848.	2.6476e-010	0.	2.6476e-010	0.
2852.	2.6662e-010	0.	2.6662e-010	0.
2856.	2.685e-010	0.	2.685e-010	0.
2860.	2.7041e-010	0.	2.7041e-010	0.
2864.	2.7233e-010	0.	2.7233e-010	0.
2868.	2.7428e-010	0.	2.7428e-010	0.
2872.	2.7624e-010	0.	2.7624e-010	0.
2876.	2.7824e-010	0.	2.7824e-010	0.
2880.	2.8025e-010	0.	2.8025e-010	0.
2884.	2.8229e-010	0.	2.8229e-010	0.
2888.	2.8435e-010	0.	2.8435e-010	0.
2892.	2.8644e-010	0.	2.8644e-010	0.
2896.	2.8855e-010	0.	2.8855e-010	0.
2900.	2.9069e-010	0.	2.9069e-010	0.
2904.	2.9286e-010	0.	2.9286e-010	0.
2908.	2.9505e-010	0.	2.9505e-010	0.
2912.	2.9727e-010	0.	2.9727e-010	0.
2916.	2.9952e-010	0.	2.9952e-010	0.
2920.	3.018e-010	0.	3.018e-010	0.
2924.	3.0411e-010	0.	3.0411e-010	0.
2928.	3.0645e-010	0.	3.0645e-010	0.
2932.	3.0883e-010	0.	3.0883e-010	0.
2936.	3.1123e-010	0.	3.1123e-010	0.
2940.	3.1367e-010	0.	3.1367e-010	0.
2944.	3.1614e-010	0.	3.1614e-010	0.
2948.	3.1864e-010	0.	3.1864e-010	0.
2952.	3.2118e-010	0.	3.2118e-010	0.
2956.	3.2376e-010	0.	3.2376e-010	0.
2960.	3.2637e-010	0.	3.2637e-010	0.
2964.	3.2903e-010	0.	3.2903e-010	0.
2968.	3.3172e-010	0.	3.3172e-010	0.
2972.	3.3445e-010	0.	3.3445e-010	0.
2976.	3.3722e-010	0.	3.3722e-010	0.
2980.	3.4003e-010	0.	3.4003e-010	0.
2984.	3.4289e-010	0.	3.4289e-010	0.
2988.	3.4578e-010	0.	3.4578e-010	0.
2992.	3.4873e-010	0.	3.4873e-010	0.
2996.	3.5172e-010	0.	3.5172e-010	0.
3000.	3.5476e-010	0.	3.5476e-010	0.
3004.	3.5784e-010	0.	3.5784e-010	0.
3008.	3.6098e-010	0.	3.6098e-010	0.
3012.	3.6416e-010	0.	3.6416e-010	0.
3016.	3.674e-010	0.	3.674e-010	0.
3020.	3.7069e-010	0.	3.7069e-010	0.
3024.	3.7404e-010	0.	3.7404e-010	0.
3028.	3.7744e-010	0.	3.7744e-010	0.
3032.	3.809e-010	0.	3.809e-010	0.
3036.	3.8442e-010	0.	3.8442e-010	0.
3040.	3.88e-010	0.	3.88e-010	0.
3044.	3.9165e-010	0.	3.9165e-010	0.
3048.	3.9536e-010	0.	3.9536e-010	0.
3052.	3.9913e-010	0.	3.9913e-010	0.
3056.	4.0297e-010	0.	4.0297e-010	0.
3060.	4.0688e-010	0.	4.0688e-010	0.
3064.	4.1087e-010	0.	4.1087e-010	0.
3068.	4.1493e-010	0.	4.1493e-010	0.
3072.	4.1906e-010	0.	4.1906e-010	0.
3076.	4.2327e-010	0.	4.2327e-010	0.
3080.	4.2756e-010	0.	4.2756e-010	0.
3084.	4.3194e-010	0.	4.3194e-010	0.
3088.	4.364e-010	0.	4.364e-010	0.
3092.	4.4095e-010	0.	4.4095e-010	0.
3096.	4.4559e-010	0.	4.4559e-010	0.
3100.	4.5032e-010	0.	4.5032e-010	0.
3104.	4.5515e-010	0.	4.5515e-010	0.
3108.	4.6008e-010	0.	4.6008e-010	0.
3112.	4.6511e-010	0.	4.6511e-010	0.
3116.	4.7024e-010	0.	4.7024e-010	0.
3120.	4.7549e-010	0.	4.7549e-010	0.
3124.	4.8084e-010	0.	4.8084e-010	0.
3128.	4.8632e-010	0.	4.8632e-010	0.
3132.	4.9191e-010	0.	4.9191e-010	0.
3136.	4.9763e-010	0.	4.9763e-010	0.
3140.	5.0347e-010	0.	5.0347e-010	0.
3144.	5.0945e-010	0.	5.0945e-010	0.
3148.	5.1556e-010	0.	5.1556e-010	0.
3152.	5.2182e-010	0.	5.2182e-010	0.
3156.	5.2822e-010	0.	5.2822e-010	0.
3160.	5.3478e-010	0.	5.3478e-010	0.
3164.	5.4149e-010	0.	5.4149e-010	0.
3168.	5.4836e-010	0.	5.4836e-010	0.
3172.	5.5541e-010	0.	5.5541e-010	0.
3176.	5.6263e-010	0.	5.6263e-010	0.
3180.	5.7003e-010	0.	5.7003e-010	0.
3184.	5.7762e-010	0.	5.7762e-010	0.
3188.	5.8541e-010	0.	5.8541e-010	0.
3192.	5.934e-010	0.	5.934e-010	0.
3196.	6.016e-010	0.	6.016e-010	0.
3200.	6.1003e-010	0.	6.1003e-010	0.
3204.	6.1868e-010	0.	6.1868e-010	0.
3208.	6.2758e-010	0.	6.2758e-010	0.
3212.	6.3672e-010	0.	6.3672e-010	0.
3216.	6.4612e-010	0.	6.4612e-010	0.
3220.	6.558e-010	0.	6.558e-010	0.
3224.	6.6575e-010	0.	6.6575e-010	0.
3228.	6.76e-010	0.	6.76e-010	0.
3232.	6.8656e-010	0.	6.8656e-010	0.
3236.	6.9745e-010	0.	6.9745e-010	0.
3240.	7.0867e-010	0.	7.0867e-010	0.
3244.	7.2024e-010	0.	7.2024e-010	0.
3248.	7.3219e-010	0.	7.3219e-010	0.
3252.	7.4452e-010	0.	7.4452e-010	0.
3256.	7.5726e-010	0.	7.5726e-010	0.
3260.	7.7043e-010	0.	7.7043e-010	0.
3264.	7.8405e-010	0.	7.8405e-010	0.
3268.	7.9814e-010	0.	7.9814e-010	0.
3272.	8.1273e-010	0.	8.1273e-010	0.
3276.	8.2785e-010	0.	8.2785e-010	0.
3280.	8.4351e-010	0.	8.4351e-010	0.
3284.	8.5977e-010	0.	8.5977e-010	0.
3288.	8.7664e-010	0.	8.7664e-010	0.
3292.	8.9416e-010	0.	8.9416e-010	0.
3296.	9.1237e-010	0.	9.1237e-010	0.
3300.	9.3132e-010	0.	9.3132e-010	0.
3304.	9.5105e-010	0.	9.5105e-010	0.
3308.	9.716e-010	0.	9.716e-010	0.
3312.	9.9303e-010	0.	9.9303e-010	0.
3316.	1.0154e-009	0.	1.0154e-009	0.
3320.	1.0388e-009	0.	1.0388e-009	0.
3324.	1.0632e-009	0.	1.0632e-009	0.
3328.	1.0888e-009	0.	1.0888e-009	0.
3332.	1.1156e-009	0.	1.1156e-009	0.
3336.	1.1437e-009	0.	1.1437e-009	0.
3340.	1.1732e-009	0.	1.1732e-009	0.
3344.	1.2042e-009	0.	1.2042e-009	0.
3348.	1.2369e-009	0.	1.2369e-009	0.
3352.	1.2714e-009	0.	1.2714e-009	0.
3356.	1.3077e-009	0.	1.3077e-009	0.
3360.	1.3462e-009	0.	1.3462e-009	0.
3364.	1.3869e-009	0.	1.3869e-009	0.
3368.	1.4301e-009	0.	1.4301e-009	0.
3372.	1.476e-009	0.	1.476e-009	0.
3376.	1.5248e-009	0.	1.5248e-009	0.
3380.	1.5769e-009	0.	1.5769e-009	0.
3384.	1.6326e-009	0.	1.6326e-009	0.
3388.	1.6922e-009	0.	1.6922e-009	0.
3392.	1.7562e-009	0.	1.7562e-009	0.
3396.	1.8252e-009	0.	1.8252e-009	0.
3400.	1.8995e-009	0.	1.8995e-009	0.
3404.	1.9801e-009	0.	1.9801e-009	0.
3408.	2.0675e-009	0.	2.0675e-009	0.
3412.	2.1627e-009	0.	2.1627e-009	0.
3416.	2.2667e-009	0.	2.2667e-009	0.
3420.	2.3806e-009	0.	2.3806e-009	0.
3424.	2.5059e-009	0.	2.5059e-009	0.
3428.	2.6437e-009	0.	2.6437e-009	0.
3432.	2.7949e-009	0.	2.7949e-009	0.
3436.	2.9576e-009	0.	2.9576e-009	0.
3440.	3.1143e-009	0.	3.1143e-009	0.
3444.	2.8775e-009	0.	2.8775e-009	0.
3448.	3.8274e-009	0.	3.8274e-009	0.
3452.	4.0956e-009	0.	4.0956e-009	0.
3456.	4.4478e-009	0.	4.4478e-009	0.
3460.	4.8843e-009	0.	4.8843e-009	0.
3464.	5.4238e-009	0.	5.4238e-009	0.
3468.	6.1013e-009	0.	6.1013e-009	0.
3472.	6.9735e-009	0.	6.9735e-009	0.
3476.	8.1353e-009	0.	8.1353e-009	0.
3480.	9.7561e-009	0.	9.7561e-009	0.
3484.	1.2169e-008	0.	1.2169e-008	0.
3488.	1.6125e-008	0.	1.6125e-008	0.
3492.	2.3739e-008	0.	2.3739e-008	0.
3496.	4.3934e-008	0.	4.3934e-008	0.
3500.	2.127e-007	0.	2.127e-007	0.
3504.	1.2574e-007	180.	-1.2574e-007	0.
3508.	4.0442e-009	180.	-4.0442e-009	0.
3512.	1.2936e-008	180.	-1.2936e-008	0.
3516.	1.095e-008	180.	-1.095e-008	0.
3520.	9.1346e-009	180.	-9.1346e-009	0.
3524.	7.7717e-009	180.	-7.7717e-009	0.
3528.	6.7441e-009	180.	-6.7441e-009	0.
3532.	5.9501e-009	180.	-5.9501e-009	0.
3536.	5.3208e-009	180.	-5.3208e-009	0.
3540.	4.8111e-009	180.	-4.8111e-009	0.
3544.	4.3902e-009	180.	-4.3902e-009	0.
3548.	4.0372e-009	180.	-4.0372e-009	0.
3552.	3.7369e-009	180.	-3.7369e-009	0.
3556.	3.4786e-009	180.	-3.4786e-009	0.
3560.	3.2539e-009	180.	-3.2539e-009	0.
3564.	3.0568e-009	180.	-3.0568e-009	0.
3568.	2.8826e-009	180.	-2.8826e-009	0.
3572.	2.7274e-009	180.	-2.7274e-009	0.
3576.	2.5883e-009	180.	-2.5883e-009	0.
3580.	2.4631e-009	180.	-2.4631e-009	0.
3584.	2.3496e-009	180.	-2.3496e-009	0.
3588.	2.2463e-009	180.	-2.2463e-009	0.
3592.	2.152e-009	180.	-2.152e-009	0.
3596.	2.0654e-009	180.	-2.0654e-009	0.
3600.	1.9857e-009	180.	-1.9857e-009	0.
3604.	1.9122e-009	180.	-1.9122e-009	0.
3608.	1.844e-009	180.	-1.844e-009	0.
3612.	1.7807e-009	180.	-1.7807e-009	0.
3616.	1.7218e-009	180.	-1.7218e-009	0.
3620.	1.6668e-009	180.	-1.6668e-009	0.
3624.	1.6153e-009	180.	-1.6153e-009	0.
3628.	1.567e-009	180.	-1.567e-009	0.
3632.	1.5217e-009	180.	-1.5217e-009	0.
3636.	1.479e-009	180.	-1.479e-009	0.
3640.	1.4388e-009	180.	-1.4388e-009	0.
3644.	1.4008e-009	180.	-1.4008e-009	0.
3648.	1.3648e-009	180.	-1.3648e-009	0.
3652.	1.3308e-009	180.	-1.3308e-009	0.
3656.	1.2985e-009	180.	-1.2985e-009	0.
3660.	1.2678e-009	180.	-1.2678e-009	0.
3664.	1.2386e-009	180.	-1.2386e-009	0.
3668.	1.2109e-009	180.	-1.2109e-009	0.
3672.	1.1844e-009	180.	-1.1844e-009	0.
3676.	1.1591e-009	180.	-1.1591e-009	0.
3680.	1.135e-009	180.	-1.135e-009	0.
3684.	1.1119e-009	180.	-1.1119e-009	0.
3688.	1.0899e-009	180.	-1.0899e-009	0.
3692.	1.0687e-009	180.	-1.0687e-009	0.
3696.	1.0484e-009	180.	-1.0484e-009	0.
3700.	1.029e-009	180.	-1.029e-009	0.
3704.	1.0103e-009	180.	-1.0103e-009	0.
3708.	9.9233e-010	180.	-9.9233e-010	0.
3712.	9.7506e-010	180.	-9.7506e-010	0.
3716.	9.5844e-010	180.	-9.5844e-010	0.
3720.	9.4243e-010	180.	-9.4243e-010	0.
3724.	9.27e-010	180.	-9.27e-010	0.
3728.	9.1213e-010	180.	-9.1213e-010	0.
3732.	8.9777e-010	180.	-8.9777e-010	0.
3736.	8.8392e-010	180.	-8.8392e-010	0.
3740.	8.7053e-010	180.	-8.7053e-010	0.
3744.	8.576e-010	180.	-8.576e-010	0.
3748.	8.4509e-010	180.	-8.4509e-010	0.
3752.	8.3298e-010	180.	-8.3298e-010	0.
3756.	8.2127e-010	180.	-8.2127e-010	0.
3760.	8.0993e-010	180.	-8.0993e-010	0.
3764.	7.9893e-010	180.	-7.9893e-010	0.
3768.	7.8828e-010	180.	-7.8828e-010	0.
3772.	7.7795e-010	180.	-7.7795e-010	0.
3776.	7.6793e-010	180.	-7.6793e-010	0.
3780.	7.5821e-010	180.	-7.5821e-010	0.
3784.	7.4876e-010	180.	-7.4876e-010	0.
3788.	7.396e-010	180.	-7.396e-010	0.
3792.	7.3069e-010	180.	-7.3069e-010	0.
3796.	7.2203e-010	180.	-7.2203e-010	0.
3800.	7.1361e-010	180.	-7.1361e-010	0.
3804.	7.0543e-010	180.	-7.0543e-010	0.
3808.	6.9746e-010	180.	-6.9746e-010	0.
3812.	6.8971e-010	180.	-6.8971e-010	0.
3816.	6.8217e-010	180.	-6.8217e-010	0.
3820.	6.7482e-010	180.	-6.7482e-010	0.
3824.	6.6767e-010	180.	-6.6767e-010	0.
3828.	6.607e-010	180.	-6.607e-010	0.
3832.	6.539e-010	180.	-6.539e-010	0.
3836.	6.4728e-010	180.	-6.4728e-010	0.
3840.	6.4082e-010	180.	-6.4082e-010	0.
3844.	6.3453e-010	180.	-6.3453e-010	0.
3848.	6.2839e-010	180.	-6.2839e-010	0.
3852.	6.2239e-010	180.	-6.2239e-010	0.
3856.	6.1655e-010	180.	-6.1655e-010	0.
3860.	6.1084e-010	180.	-6.1084e-010	0.
3864.	6.0526e-010	180.	-6.0526e-010	0.
3868.	5.9982e-010	180.	-5.9982e-010	0.
3872.	5.945e-010	180.	-5.945e-010	0.
3876.	5.8931e-010	180.	-5.8931e-010	0.
3880.	5.8424e-010	180.	-5.8424e-010	0.
3884.	5.7928e-010	180.	-5.7928e-010	0.
3888.	5.7443e-010	180.	-5.7443e-010	0.
3892.	5.6969e-010	180.	-5.6969e-010	0.
3896.	5.6506e-010	180.	-5.6506e-010	0.
3900.	5.6053e-010	180.	-5.6053e-010	0.
3904.	5.561e-010	180.	-5.561e-010	0.
3908.	5.5177e-010	180.	-5.5177e-010	0.
3912.	5.4753e-010	180.	-5.4753e-010	0.
3916.	5.4338e-010	180.	-5.4338e-010	0.
3920.	5.3932e-010	180.	-5.3932e-010	0.
3924.	5.3535e-010	180.	-5.3535e-010	0.
3928.	5.3146e-010	180.	-5.3146e-010	0.
3932.	5.2765e-010	180.	-5.2765e-010	0.
3936.	5.2392e-010	180.	-5.2392e-010	0.
3940.	5.2027e-010	180.	-5.2027e-010	0.
3944.	5.167e-010	180.	-5.167e-010	0.
3948.	5.132e-010	180.	-5.132e-010	0.
3952.	5.0977e-010	180.	-5.0977e-010	0.
3956.	5.0642e-010	180.	-5.0642e-010	0.
3960.	5.0313e-010	180.	-5.0313e-010	0.
3964.	4.9991e-010	180.	-4.9991e-010	0.
3968.	4.9675e-010	180.	-4.9675e-010	0.
3972.	4.9366e-010	180.	-4.9366e-010	0.
3976.	4.9063e-010	180.	-4.9063e-010	0.
3980.	4.8766e-010	180.	-4.8766e-010	0.
3984.	4.8475e-010	180.	-4.8475e-010	0.
3988.	4.819e-010	180.	-4.819e-010	0.
3992.	4.791e-010	180.	-4.791e-010	0.
3996.	4.7637e-010	180.	-4.7637e-010	0.
4000.	4.7368e-010	180.	-4.7368e-010	0.
