é¸îgêî (Hz)	êUïù (mm)	à ëääp (ìx)	é¿ïî (mm)	ãïïî (mm)
4.	1.7743e-011	0.	1.7743e-011	0.
8.	1.7744e-011	0.	1.7744e-011	0.
12.	1.7746e-011	0.	1.7746e-011	0.
16.	1.7749e-011	0.	1.7749e-011	0.
20.	1.7753e-011	0.	1.7753e-011	0.
24.	1.7758e-011	0.	1.7758e-011	0.
28.	1.7763e-011	0.	1.7763e-011	0.
32.	1.777e-011	0.	1.777e-011	0.
36.	1.7777e-011	0.	1.7777e-011	0.
40.	1.7785e-011	0.	1.7785e-011	0.
44.	1.7794e-011	0.	1.7794e-011	0.
48.	1.7804e-011	0.	1.7804e-011	0.
52.	1.7814e-011	0.	1.7814e-011	0.
56.	1.7826e-011	0.	1.7826e-011	0.
60.	1.7838e-011	0.	1.7838e-011	0.
64.	1.7851e-011	0.	1.7851e-011	0.
68.	1.7865e-011	0.	1.7865e-011	0.
72.	1.788e-011	0.	1.788e-011	0.
76.	1.7896e-011	0.	1.7896e-011	0.
80.	1.7912e-011	0.	1.7912e-011	0.
84.	1.793e-011	0.	1.793e-011	0.
88.	1.7948e-011	0.	1.7948e-011	0.
92.	1.7967e-011	0.	1.7967e-011	0.
96.	1.7987e-011	0.	1.7987e-011	0.
100.	1.8008e-011	0.	1.8008e-011	0.
104.	1.803e-011	0.	1.803e-011	0.
108.	1.8053e-011	0.	1.8053e-011	0.
112.	1.8076e-011	0.	1.8076e-011	0.
116.	1.81e-011	0.	1.81e-011	0.
120.	1.8126e-011	0.	1.8126e-011	0.
124.	1.8152e-011	0.	1.8152e-011	0.
128.	1.8179e-011	0.	1.8179e-011	0.
132.	1.8207e-011	0.	1.8207e-011	0.
136.	1.8235e-011	0.	1.8235e-011	0.
140.	1.8265e-011	0.	1.8265e-011	0.
144.	1.8295e-011	0.	1.8295e-011	0.
148.	1.8327e-011	0.	1.8327e-011	0.
152.	1.8359e-011	0.	1.8359e-011	0.
156.	1.8392e-011	0.	1.8392e-011	0.
160.	1.8426e-011	0.	1.8426e-011	0.
164.	1.8461e-011	0.	1.8461e-011	0.
168.	1.8497e-011	0.	1.8497e-011	0.
172.	1.8533e-011	0.	1.8533e-011	0.
176.	1.8571e-011	0.	1.8571e-011	0.
180.	1.8609e-011	0.	1.8609e-011	0.
184.	1.8649e-011	0.	1.8649e-011	0.
188.	1.8689e-011	0.	1.8689e-011	0.
192.	1.873e-011	0.	1.873e-011	0.
196.	1.8772e-011	0.	1.8772e-011	0.
200.	1.8815e-011	0.	1.8815e-011	0.
204.	1.8859e-011	0.	1.8859e-011	0.
208.	1.8904e-011	0.	1.8904e-011	0.
212.	1.8949e-011	0.	1.8949e-011	0.
216.	1.8996e-011	0.	1.8996e-011	0.
220.	1.9043e-011	0.	1.9043e-011	0.
224.	1.9092e-011	0.	1.9092e-011	0.
228.	1.9141e-011	0.	1.9141e-011	0.
232.	1.9192e-011	0.	1.9192e-011	0.
236.	1.9243e-011	0.	1.9243e-011	0.
240.	1.9295e-011	0.	1.9295e-011	0.
244.	1.9348e-011	0.	1.9348e-011	0.
248.	1.9402e-011	0.	1.9402e-011	0.
252.	1.9457e-011	0.	1.9457e-011	0.
256.	1.9513e-011	0.	1.9513e-011	0.
260.	1.957e-011	0.	1.957e-011	0.
264.	1.9628e-011	0.	1.9628e-011	0.
268.	1.9687e-011	0.	1.9687e-011	0.
272.	1.9746e-011	0.	1.9746e-011	0.
276.	1.9807e-011	0.	1.9807e-011	0.
280.	1.9869e-011	0.	1.9869e-011	0.
284.	1.9932e-011	0.	1.9932e-011	0.
288.	1.9995e-011	0.	1.9995e-011	0.
292.	2.006e-011	0.	2.006e-011	0.
296.	2.0125e-011	0.	2.0125e-011	0.
300.	2.0192e-011	0.	2.0192e-011	0.
304.	2.026e-011	0.	2.026e-011	0.
308.	2.0328e-011	0.	2.0328e-011	0.
312.	2.0398e-011	0.	2.0398e-011	0.
316.	2.0468e-011	0.	2.0468e-011	0.
320.	2.054e-011	0.	2.054e-011	0.
324.	2.0613e-011	0.	2.0613e-011	0.
328.	2.0686e-011	0.	2.0686e-011	0.
332.	2.0761e-011	0.	2.0761e-011	0.
336.	2.0837e-011	0.	2.0837e-011	0.
340.	2.0913e-011	0.	2.0913e-011	0.
344.	2.0991e-011	0.	2.0991e-011	0.
348.	2.107e-011	0.	2.107e-011	0.
352.	2.115e-011	0.	2.115e-011	0.
356.	2.1231e-011	0.	2.1231e-011	0.
360.	2.1313e-011	0.	2.1313e-011	0.
364.	2.1396e-011	0.	2.1396e-011	0.
368.	2.148e-011	0.	2.148e-011	0.
372.	2.1565e-011	0.	2.1565e-011	0.
376.	2.1651e-011	0.	2.1651e-011	0.
380.	2.1739e-011	0.	2.1739e-011	0.
384.	2.1827e-011	0.	2.1827e-011	0.
388.	2.1917e-011	0.	2.1917e-011	0.
392.	2.2007e-011	0.	2.2007e-011	0.
396.	2.2099e-011	0.	2.2099e-011	0.
400.	2.2192e-011	0.	2.2192e-011	0.
404.	2.2286e-011	0.	2.2286e-011	0.
408.	2.2381e-011	0.	2.2381e-011	0.
412.	2.2477e-011	0.	2.2477e-011	0.
416.	2.2574e-011	0.	2.2574e-011	0.
420.	2.2673e-011	0.	2.2673e-011	0.
424.	2.2772e-011	0.	2.2772e-011	0.
428.	2.2873e-011	0.	2.2873e-011	0.
432.	2.2975e-011	0.	2.2975e-011	0.
436.	2.3078e-011	0.	2.3078e-011	0.
440.	2.3182e-011	0.	2.3182e-011	0.
444.	2.3288e-011	0.	2.3288e-011	0.
448.	2.3395e-011	0.	2.3395e-011	0.
452.	2.3502e-011	0.	2.3502e-011	0.
456.	2.3611e-011	0.	2.3611e-011	0.
460.	2.3722e-011	0.	2.3722e-011	0.
464.	2.3833e-011	0.	2.3833e-011	0.
468.	2.3946e-011	0.	2.3946e-011	0.
472.	2.406e-011	0.	2.406e-011	0.
476.	2.4175e-011	0.	2.4175e-011	0.
480.	2.4291e-011	0.	2.4291e-011	0.
484.	2.4409e-011	0.	2.4409e-011	0.
488.	2.4528e-011	0.	2.4528e-011	0.
492.	2.4648e-011	0.	2.4648e-011	0.
496.	2.477e-011	0.	2.477e-011	0.
500.	2.4892e-011	0.	2.4892e-011	0.
504.	2.5017e-011	0.	2.5017e-011	0.
508.	2.5142e-011	0.	2.5142e-011	0.
512.	2.5269e-011	0.	2.5269e-011	0.
516.	2.5397e-011	0.	2.5397e-011	0.
520.	2.5526e-011	0.	2.5526e-011	0.
524.	2.5657e-011	0.	2.5657e-011	0.
528.	2.5789e-011	0.	2.5789e-011	0.
532.	2.5922e-011	0.	2.5922e-011	0.
536.	2.6057e-011	0.	2.6057e-011	0.
540.	2.6193e-011	0.	2.6193e-011	0.
544.	2.633e-011	0.	2.633e-011	0.
548.	2.6469e-011	0.	2.6469e-011	0.
552.	2.661e-011	0.	2.661e-011	0.
556.	2.6751e-011	0.	2.6751e-011	0.
560.	2.6895e-011	0.	2.6895e-011	0.
564.	2.7039e-011	0.	2.7039e-011	0.
568.	2.7185e-011	0.	2.7185e-011	0.
572.	2.7333e-011	0.	2.7333e-011	0.
576.	2.7482e-011	0.	2.7482e-011	0.
580.	2.7632e-011	0.	2.7632e-011	0.
584.	2.7784e-011	0.	2.7784e-011	0.
588.	2.7938e-011	0.	2.7938e-011	0.
592.	2.8092e-011	0.	2.8092e-011	0.
596.	2.8249e-011	0.	2.8249e-011	0.
600.	2.8407e-011	0.	2.8407e-011	0.
604.	2.8566e-011	0.	2.8566e-011	0.
608.	2.8728e-011	0.	2.8728e-011	0.
612.	2.889e-011	0.	2.889e-011	0.
616.	2.9055e-011	0.	2.9055e-011	0.
620.	2.922e-011	0.	2.922e-011	0.
624.	2.9388e-011	0.	2.9388e-011	0.
628.	2.9557e-011	0.	2.9557e-011	0.
632.	2.9728e-011	0.	2.9728e-011	0.
636.	2.99e-011	0.	2.99e-011	0.
640.	3.0074e-011	0.	3.0074e-011	0.
644.	3.025e-011	0.	3.025e-011	0.
648.	3.0427e-011	0.	3.0427e-011	0.
652.	3.0606e-011	0.	3.0606e-011	0.
656.	3.0787e-011	0.	3.0787e-011	0.
660.	3.0969e-011	0.	3.0969e-011	0.
664.	3.1154e-011	0.	3.1154e-011	0.
668.	3.134e-011	0.	3.134e-011	0.
672.	3.1527e-011	0.	3.1527e-011	0.
676.	3.1717e-011	0.	3.1717e-011	0.
680.	3.1908e-011	0.	3.1908e-011	0.
684.	3.2102e-011	0.	3.2102e-011	0.
688.	3.2297e-011	0.	3.2297e-011	0.
692.	3.2493e-011	0.	3.2493e-011	0.
696.	3.2692e-011	0.	3.2692e-011	0.
700.	3.2893e-011	0.	3.2893e-011	0.
704.	3.3095e-011	0.	3.3095e-011	0.
708.	3.33e-011	0.	3.33e-011	0.
712.	3.3506e-011	0.	3.3506e-011	0.
716.	3.3714e-011	0.	3.3714e-011	0.
720.	3.3924e-011	0.	3.3924e-011	0.
724.	3.4137e-011	0.	3.4137e-011	0.
728.	3.4351e-011	0.	3.4351e-011	0.
732.	3.4567e-011	0.	3.4567e-011	0.
736.	3.4785e-011	0.	3.4785e-011	0.
740.	3.5006e-011	0.	3.5006e-011	0.
744.	3.5228e-011	0.	3.5228e-011	0.
748.	3.5452e-011	0.	3.5452e-011	0.
752.	3.5679e-011	0.	3.5679e-011	0.
756.	3.5908e-011	0.	3.5908e-011	0.
760.	3.6139e-011	0.	3.6139e-011	0.
764.	3.6372e-011	0.	3.6372e-011	0.
768.	3.6607e-011	0.	3.6607e-011	0.
772.	3.6844e-011	0.	3.6844e-011	0.
776.	3.7084e-011	0.	3.7084e-011	0.
780.	3.7326e-011	0.	3.7326e-011	0.
784.	3.757e-011	0.	3.757e-011	0.
788.	3.7816e-011	0.	3.7816e-011	0.
792.	3.8065e-011	0.	3.8065e-011	0.
796.	3.8316e-011	0.	3.8316e-011	0.
800.	3.857e-011	0.	3.857e-011	0.
804.	3.8825e-011	0.	3.8825e-011	0.
808.	3.9084e-011	0.	3.9084e-011	0.
812.	3.9344e-011	0.	3.9344e-011	0.
816.	3.9607e-011	0.	3.9607e-011	0.
820.	3.9873e-011	0.	3.9873e-011	0.
824.	4.0141e-011	0.	4.0141e-011	0.
828.	4.0412e-011	0.	4.0412e-011	0.
832.	4.0685e-011	0.	4.0685e-011	0.
836.	4.0961e-011	0.	4.0961e-011	0.
840.	4.1239e-011	0.	4.1239e-011	0.
844.	4.152e-011	0.	4.152e-011	0.
848.	4.1804e-011	0.	4.1804e-011	0.
852.	4.209e-011	0.	4.209e-011	0.
856.	4.2379e-011	0.	4.2379e-011	0.
860.	4.2671e-011	0.	4.2671e-011	0.
864.	4.2966e-011	0.	4.2966e-011	0.
868.	4.3263e-011	0.	4.3263e-011	0.
872.	4.3563e-011	0.	4.3563e-011	0.
876.	4.3866e-011	0.	4.3866e-011	0.
880.	4.4172e-011	0.	4.4172e-011	0.
884.	4.4481e-011	0.	4.4481e-011	0.
888.	4.4793e-011	0.	4.4793e-011	0.
892.	4.5108e-011	0.	4.5108e-011	0.
896.	4.5425e-011	0.	4.5425e-011	0.
900.	4.5746e-011	0.	4.5746e-011	0.
904.	4.607e-011	0.	4.607e-011	0.
908.	4.6397e-011	0.	4.6397e-011	0.
912.	4.6728e-011	0.	4.6728e-011	0.
916.	4.7061e-011	0.	4.7061e-011	0.
920.	4.7398e-011	0.	4.7398e-011	0.
924.	4.7737e-011	0.	4.7737e-011	0.
928.	4.8081e-011	0.	4.8081e-011	0.
932.	4.8427e-011	0.	4.8427e-011	0.
936.	4.8777e-011	0.	4.8777e-011	0.
940.	4.913e-011	0.	4.913e-011	0.
944.	4.9487e-011	0.	4.9487e-011	0.
948.	4.9847e-011	0.	4.9847e-011	0.
952.	5.0211e-011	0.	5.0211e-011	0.
956.	5.0578e-011	0.	5.0578e-011	0.
960.	5.0949e-011	0.	5.0949e-011	0.
964.	5.1323e-011	0.	5.1323e-011	0.
968.	5.1702e-011	0.	5.1702e-011	0.
972.	5.2084e-011	0.	5.2084e-011	0.
976.	5.2469e-011	0.	5.2469e-011	0.
980.	5.2859e-011	0.	5.2859e-011	0.
984.	5.3252e-011	0.	5.3252e-011	0.
988.	5.3649e-011	0.	5.3649e-011	0.
992.	5.4051e-011	0.	5.4051e-011	0.
996.	5.4456e-011	0.	5.4456e-011	0.
1000.	5.4865e-011	0.	5.4865e-011	0.
1004.	5.5279e-011	0.	5.5279e-011	0.
1008.	5.5696e-011	0.	5.5696e-011	0.
1012.	5.6118e-011	0.	5.6118e-011	0.
1016.	5.6544e-011	0.	5.6544e-011	0.
1020.	5.6974e-011	0.	5.6974e-011	0.
1024.	5.7409e-011	0.	5.7409e-011	0.
1028.	5.7848e-011	0.	5.7848e-011	0.
1032.	5.8292e-011	0.	5.8292e-011	0.
1036.	5.874e-011	0.	5.874e-011	0.
1040.	5.9193e-011	0.	5.9193e-011	0.
1044.	5.965e-011	0.	5.965e-011	0.
1048.	6.0112e-011	0.	6.0112e-011	0.
1052.	6.0579e-011	0.	6.0579e-011	0.
1056.	6.1051e-011	0.	6.1051e-011	0.
1060.	6.1527e-011	0.	6.1527e-011	0.
1064.	6.2009e-011	0.	6.2009e-011	0.
1068.	6.2495e-011	0.	6.2495e-011	0.
1072.	6.2987e-011	0.	6.2987e-011	0.
1076.	6.3484e-011	0.	6.3484e-011	0.
1080.	6.3985e-011	0.	6.3985e-011	0.
1084.	6.4493e-011	0.	6.4493e-011	0.
1088.	6.5005e-011	0.	6.5005e-011	0.
1092.	6.5523e-011	0.	6.5523e-011	0.
1096.	6.6047e-011	0.	6.6047e-011	0.
1100.	6.6576e-011	0.	6.6576e-011	0.
1104.	6.7111e-011	0.	6.7111e-011	0.
1108.	6.7651e-011	0.	6.7651e-011	0.
1112.	6.8198e-011	0.	6.8198e-011	0.
1116.	6.875e-011	0.	6.875e-011	0.
1120.	6.9308e-011	0.	6.9308e-011	0.
1124.	6.9872e-011	0.	6.9872e-011	0.
1128.	7.0443e-011	0.	7.0443e-011	0.
1132.	7.1019e-011	0.	7.1019e-011	0.
1136.	7.1602e-011	0.	7.1602e-011	0.
1140.	7.2192e-011	0.	7.2192e-011	0.
1144.	7.2787e-011	0.	7.2787e-011	0.
1148.	7.339e-011	0.	7.339e-011	0.
1152.	7.3999e-011	0.	7.3999e-011	0.
1156.	7.4615e-011	0.	7.4615e-011	0.
1160.	7.5238e-011	0.	7.5238e-011	0.
1164.	7.5867e-011	0.	7.5867e-011	0.
1168.	7.6504e-011	0.	7.6504e-011	0.
1172.	7.7148e-011	0.	7.7148e-011	0.
1176.	7.78e-011	0.	7.78e-011	0.
1180.	7.8459e-011	0.	7.8459e-011	0.
1184.	7.9125e-011	0.	7.9125e-011	0.
1188.	7.9799e-011	0.	7.9799e-011	0.
1192.	8.048e-011	0.	8.048e-011	0.
1196.	8.117e-011	0.	8.117e-011	0.
1200.	8.1868e-011	0.	8.1868e-011	0.
1204.	8.2573e-011	0.	8.2573e-011	0.
1208.	8.3287e-011	0.	8.3287e-011	0.
1212.	8.4009e-011	0.	8.4009e-011	0.
1216.	8.474e-011	0.	8.474e-011	0.
1220.	8.548e-011	0.	8.548e-011	0.
1224.	8.6228e-011	0.	8.6228e-011	0.
1228.	8.6985e-011	0.	8.6985e-011	0.
1232.	8.7751e-011	0.	8.7751e-011	0.
1236.	8.8527e-011	0.	8.8527e-011	0.
1240.	8.9311e-011	0.	8.9311e-011	0.
1244.	9.0106e-011	0.	9.0106e-011	0.
1248.	9.091e-011	0.	9.091e-011	0.
1252.	9.1724e-011	0.	9.1724e-011	0.
1256.	9.2547e-011	0.	9.2547e-011	0.
1260.	9.3381e-011	0.	9.3381e-011	0.
1264.	9.4226e-011	0.	9.4226e-011	0.
1268.	9.508e-011	0.	9.508e-011	0.
1272.	9.5946e-011	0.	9.5946e-011	0.
1276.	9.6822e-011	0.	9.6822e-011	0.
1280.	9.771e-011	0.	9.771e-011	0.
1284.	9.8608e-011	0.	9.8608e-011	0.
1288.	9.9518e-011	0.	9.9518e-011	0.
1292.	1.0044e-010	0.	1.0044e-010	0.
1296.	1.0137e-010	0.	1.0137e-010	0.
1300.	1.0232e-010	0.	1.0232e-010	0.
1304.	1.0328e-010	0.	1.0328e-010	0.
1308.	1.0425e-010	0.	1.0425e-010	0.
1312.	1.0523e-010	0.	1.0523e-010	0.
1316.	1.0623e-010	0.	1.0623e-010	0.
1320.	1.0724e-010	0.	1.0724e-010	0.
1324.	1.0826e-010	0.	1.0826e-010	0.
1328.	1.093e-010	0.	1.093e-010	0.
1332.	1.1035e-010	0.	1.1035e-010	0.
1336.	1.1141e-010	0.	1.1141e-010	0.
1340.	1.1249e-010	0.	1.1249e-010	0.
1344.	1.1358e-010	0.	1.1358e-010	0.
1348.	1.1469e-010	0.	1.1469e-010	0.
1352.	1.1582e-010	0.	1.1582e-010	0.
1356.	1.1696e-010	0.	1.1696e-010	0.
1360.	1.1811e-010	0.	1.1811e-010	0.
1364.	1.1929e-010	0.	1.1929e-010	0.
1368.	1.2047e-010	0.	1.2047e-010	0.
1372.	1.2168e-010	0.	1.2168e-010	0.
1376.	1.229e-010	0.	1.229e-010	0.
1380.	1.2414e-010	0.	1.2414e-010	0.
1384.	1.254e-010	0.	1.254e-010	0.
1388.	1.2668e-010	0.	1.2668e-010	0.
1392.	1.2798e-010	0.	1.2798e-010	0.
1396.	1.2929e-010	0.	1.2929e-010	0.
1400.	1.3062e-010	0.	1.3062e-010	0.
1404.	1.3198e-010	0.	1.3198e-010	0.
1408.	1.3335e-010	0.	1.3335e-010	0.
1412.	1.3475e-010	0.	1.3475e-010	0.
1416.	1.3617e-010	0.	1.3617e-010	0.
1420.	1.376e-010	0.	1.376e-010	0.
1424.	1.3907e-010	0.	1.3907e-010	0.
1428.	1.4055e-010	0.	1.4055e-010	0.
1432.	1.4206e-010	0.	1.4206e-010	0.
1436.	1.4359e-010	0.	1.4359e-010	0.
1440.	1.4514e-010	0.	1.4514e-010	0.
1444.	1.4672e-010	0.	1.4672e-010	0.
1448.	1.4833e-010	0.	1.4833e-010	0.
1452.	1.4996e-010	0.	1.4996e-010	0.
1456.	1.5162e-010	0.	1.5162e-010	0.
1460.	1.533e-010	0.	1.533e-010	0.
1464.	1.5502e-010	0.	1.5502e-010	0.
1468.	1.5676e-010	0.	1.5676e-010	0.
1472.	1.5853e-010	0.	1.5853e-010	0.
1476.	1.6034e-010	0.	1.6034e-010	0.
1480.	1.6217e-010	0.	1.6217e-010	0.
1484.	1.6403e-010	0.	1.6403e-010	0.
1488.	1.6593e-010	0.	1.6593e-010	0.
1492.	1.6786e-010	0.	1.6786e-010	0.
1496.	1.6983e-010	0.	1.6983e-010	0.
1500.	1.7183e-010	0.	1.7183e-010	0.
1504.	1.7387e-010	0.	1.7387e-010	0.
1508.	1.7594e-010	0.	1.7594e-010	0.
1512.	1.7805e-010	0.	1.7805e-010	0.
1516.	1.802e-010	0.	1.802e-010	0.
1520.	1.824e-010	0.	1.824e-010	0.
1524.	1.8463e-010	0.	1.8463e-010	0.
1528.	1.8691e-010	0.	1.8691e-010	0.
1532.	1.8923e-010	0.	1.8923e-010	0.
1536.	1.9159e-010	0.	1.9159e-010	0.
1540.	1.94e-010	0.	1.94e-010	0.
1544.	1.9646e-010	0.	1.9646e-010	0.
1548.	1.9897e-010	0.	1.9897e-010	0.
1552.	2.0153e-010	0.	2.0153e-010	0.
1556.	2.0415e-010	0.	2.0415e-010	0.
1560.	2.0681e-010	0.	2.0681e-010	0.
1564.	2.0954e-010	0.	2.0954e-010	0.
1568.	2.1232e-010	0.	2.1232e-010	0.
1572.	2.1516e-010	0.	2.1516e-010	0.
1576.	2.1807e-010	0.	2.1807e-010	0.
1580.	2.2103e-010	0.	2.2103e-010	0.
1584.	2.2407e-010	0.	2.2407e-010	0.
1588.	2.2717e-010	0.	2.2717e-010	0.
1592.	2.3034e-010	0.	2.3034e-010	0.
1596.	2.3359e-010	0.	2.3359e-010	0.
1600.	2.3692e-010	0.	2.3692e-010	0.
1604.	2.4032e-010	0.	2.4032e-010	0.
1608.	2.4381e-010	0.	2.4381e-010	0.
1612.	2.4738e-010	0.	2.4738e-010	0.
1616.	2.5104e-010	0.	2.5104e-010	0.
1620.	2.5479e-010	0.	2.5479e-010	0.
1624.	2.5864e-010	0.	2.5864e-010	0.
1628.	2.6259e-010	0.	2.6259e-010	0.
1632.	2.6664e-010	0.	2.6664e-010	0.
1636.	2.7081e-010	0.	2.7081e-010	0.
1640.	2.7509e-010	0.	2.7509e-010	0.
1644.	2.7948e-010	0.	2.7948e-010	0.
1648.	2.8401e-010	0.	2.8401e-010	0.
1652.	2.8866e-010	0.	2.8866e-010	0.
1656.	2.9345e-010	0.	2.9345e-010	0.
1660.	2.9839e-010	0.	2.9839e-010	0.
1664.	3.0347e-010	0.	3.0347e-010	0.
1668.	3.0872e-010	0.	3.0872e-010	0.
1672.	3.1413e-010	0.	3.1413e-010	0.
1676.	3.1972e-010	0.	3.1972e-010	0.
1680.	3.255e-010	0.	3.255e-010	0.
1684.	3.3148e-010	0.	3.3148e-010	0.
1688.	3.3766e-010	0.	3.3766e-010	0.
1692.	3.4407e-010	0.	3.4407e-010	0.
1696.	3.5071e-010	0.	3.5071e-010	0.
1700.	3.576e-010	0.	3.576e-010	0.
1704.	3.6476e-010	0.	3.6476e-010	0.
1708.	3.7221e-010	0.	3.7221e-010	0.
1712.	3.7997e-010	0.	3.7997e-010	0.
1716.	3.8805e-010	0.	3.8805e-010	0.
1720.	3.9649e-010	0.	3.9649e-010	0.
1724.	4.0531e-010	0.	4.0531e-010	0.
1728.	4.1454e-010	0.	4.1454e-010	0.
1732.	4.2422e-010	0.	4.2422e-010	0.
1736.	4.3439e-010	0.	4.3439e-010	0.
1740.	4.4509e-010	0.	4.4509e-010	0.
1744.	4.5637e-010	0.	4.5637e-010	0.
1748.	4.6829e-010	0.	4.6829e-010	0.
1752.	4.8092e-010	0.	4.8092e-010	0.
1756.	4.9433e-010	0.	4.9433e-010	0.
1760.	5.0862e-010	0.	5.0862e-010	0.
1764.	5.2388e-010	0.	5.2388e-010	0.
1768.	5.4024e-010	0.	5.4024e-010	0.
1772.	5.5786e-010	0.	5.5786e-010	0.
1776.	5.7689e-010	0.	5.7689e-010	0.
1780.	5.9756e-010	0.	5.9756e-010	0.
1784.	6.2013e-010	0.	6.2013e-010	0.
1788.	6.4492e-010	0.	6.4492e-010	0.
1792.	6.7232e-010	0.	6.7232e-010	0.
1796.	7.0285e-010	0.	7.0285e-010	0.
1800.	7.3717e-010	0.	7.3717e-010	0.
1804.	7.7614e-010	0.	7.7614e-010	0.
1808.	8.2092e-010	0.	8.2092e-010	0.
1812.	8.731e-010	0.	8.731e-010	0.
1816.	9.3492e-010	0.	9.3492e-010	0.
1820.	1.0096e-009	0.	1.0096e-009	0.
1824.	1.1023e-009	0.	1.1023e-009	0.
1828.	1.2207e-009	0.	1.2207e-009	0.
1832.	1.3786e-009	0.	1.3786e-009	0.
1836.	1.6011e-009	0.	1.6011e-009	0.
1840.	1.9406e-009	0.	1.9406e-009	0.
1844.	2.5285e-009	0.	2.5285e-009	0.
1848.	3.8095e-009	0.	3.8095e-009	0.
1852.	8.8764e-009	0.	8.8764e-009	0.
1856.	1.6962e-008	180.	-1.6962e-008	0.
1860.	3.8471e-009	180.	-3.8471e-009	0.
1864.	1.9961e-009	180.	-1.9961e-009	0.
1868.	1.2513e-009	180.	-1.2513e-009	0.
1872.	8.4549e-010	180.	-8.4549e-010	0.
1876.	5.8755e-010	180.	-5.8755e-010	0.
1880.	4.0713e-010	180.	-4.0713e-010	0.
1884.	2.7229e-010	180.	-2.7229e-010	0.
1888.	1.6639e-010	180.	-1.6639e-010	0.
1892.	7.9945e-011	180.	-7.9945e-011	0.
1896.	7.1064e-012	180.	-7.1064e-012	0.
1900.	5.5918e-011	0.	5.5918e-011	0.
1904.	1.117e-010	0.	1.117e-010	0.
1908.	1.6207e-010	0.	1.6207e-010	0.
1912.	2.0835e-010	0.	2.0835e-010	0.
1916.	2.5153e-010	0.	2.5153e-010	0.
1920.	2.924e-010	0.	2.924e-010	0.
1924.	3.3156e-010	0.	3.3156e-010	0.
1928.	3.6951e-010	0.	3.6951e-010	0.
1932.	4.0667e-010	0.	4.0667e-010	0.
1936.	4.434e-010	0.	4.434e-010	0.
1940.	4.8001e-010	0.	4.8001e-010	0.
1944.	5.1681e-010	0.	5.1681e-010	0.
1948.	5.5404e-010	0.	5.5404e-010	0.
1952.	5.9198e-010	0.	5.9198e-010	0.
1956.	6.3088e-010	0.	6.3088e-010	0.
1960.	6.7099e-010	0.	6.7099e-010	0.
1964.	7.1259e-010	0.	7.1259e-010	0.
1968.	7.5596e-010	0.	7.5596e-010	0.
1972.	8.014e-010	0.	8.014e-010	0.
1976.	8.4924e-010	0.	8.4924e-010	0.
1980.	8.9986e-010	0.	8.9986e-010	0.
1984.	9.5366e-010	0.	9.5366e-010	0.
1988.	1.0111e-009	0.	1.0111e-009	0.
1992.	1.0728e-009	0.	1.0728e-009	0.
1996.	1.1393e-009	0.	1.1393e-009	0.
2000.	1.2115e-009	0.	1.2115e-009	0.
2004.	1.2901e-009	0.	1.2901e-009	0.
2008.	1.3762e-009	0.	1.3762e-009	0.
2012.	1.4712e-009	0.	1.4712e-009	0.
2016.	1.5766e-009	0.	1.5766e-009	0.
2020.	1.6944e-009	0.	1.6944e-009	0.
2024.	1.8271e-009	0.	1.8271e-009	0.
2028.	1.9779e-009	0.	1.9779e-009	0.
2032.	2.1509e-009	0.	2.1509e-009	0.
2036.	2.3516e-009	0.	2.3516e-009	0.
2040.	2.5874e-009	0.	2.5874e-009	0.
2044.	2.8686e-009	0.	2.8686e-009	0.
2048.	3.21e-009	0.	3.21e-009	0.
2052.	3.6337e-009	0.	3.6337e-009	0.
2056.	4.1736e-009	0.	4.1736e-009	0.
2060.	4.8855e-009	0.	4.8855e-009	0.
2064.	5.8681e-009	0.	5.8681e-009	0.
2068.	7.3123e-009	0.	7.3123e-009	0.
2072.	9.6448e-009	0.	9.6448e-009	0.
2076.	1.4052e-008	0.	1.4052e-008	0.
2080.	2.5528e-008	0.	2.5528e-008	0.
2084.	1.3259e-007	0.	1.3259e-007	0.
2088.	4.3178e-008	180.	-4.3178e-008	0.
2092.	1.8625e-008	180.	-1.8625e-008	0.
2096.	1.1942e-008	180.	-1.1942e-008	0.
2100.	8.8228e-009	180.	-8.8228e-009	0.
2104.	7.0166e-009	180.	-7.0166e-009	0.
2108.	5.8383e-009	180.	-5.8383e-009	0.
2112.	5.0088e-009	180.	-5.0088e-009	0.
2116.	4.3932e-009	180.	-4.3932e-009	0.
2120.	3.9181e-009	180.	-3.9181e-009	0.
2124.	3.5403e-009	180.	-3.5403e-009	0.
2128.	3.2327e-009	180.	-3.2327e-009	0.
2132.	2.9773e-009	180.	-2.9773e-009	0.
2136.	2.7619e-009	180.	-2.7619e-009	0.
2140.	2.5777e-009	180.	-2.5777e-009	0.
2144.	2.4185e-009	180.	-2.4185e-009	0.
2148.	2.2794e-009	180.	-2.2794e-009	0.
2152.	2.1569e-009	180.	-2.1569e-009	0.
2156.	2.0481e-009	180.	-2.0481e-009	0.
2160.	1.9509e-009	180.	-1.9509e-009	0.
2164.	1.8635e-009	180.	-1.8635e-009	0.
2168.	1.7846e-009	180.	-1.7846e-009	0.
2172.	1.7128e-009	180.	-1.7128e-009	0.
2176.	1.6474e-009	180.	-1.6474e-009	0.
2180.	1.5874e-009	180.	-1.5874e-009	0.
2184.	1.5323e-009	180.	-1.5323e-009	0.
2188.	1.4815e-009	180.	-1.4815e-009	0.
2192.	1.4344e-009	180.	-1.4344e-009	0.
2196.	1.3907e-009	180.	-1.3907e-009	0.
2200.	1.3501e-009	180.	-1.3501e-009	0.
2204.	1.3122e-009	180.	-1.3122e-009	0.
2208.	1.2768e-009	180.	-1.2768e-009	0.
2212.	1.2436e-009	180.	-1.2436e-009	0.
2216.	1.2124e-009	180.	-1.2124e-009	0.
2220.	1.1831e-009	180.	-1.1831e-009	0.
2224.	1.1555e-009	180.	-1.1555e-009	0.
2228.	1.1294e-009	180.	-1.1294e-009	0.
2232.	1.1047e-009	180.	-1.1047e-009	0.
2236.	1.0814e-009	180.	-1.0814e-009	0.
2240.	1.0593e-009	180.	-1.0593e-009	0.
2244.	1.0383e-009	180.	-1.0383e-009	0.
2248.	1.0183e-009	180.	-1.0183e-009	0.
2252.	9.9932e-010	180.	-9.9932e-010	0.
2256.	9.8122e-010	180.	-9.8122e-010	0.
2260.	9.6396e-010	180.	-9.6396e-010	0.
2264.	9.4749e-010	180.	-9.4749e-010	0.
2268.	9.3174e-010	180.	-9.3174e-010	0.
2272.	9.1668e-010	180.	-9.1668e-010	0.
2276.	9.0227e-010	180.	-9.0227e-010	0.
2280.	8.8845e-010	180.	-8.8845e-010	0.
2284.	8.7521e-010	180.	-8.7521e-010	0.
2288.	8.625e-010	180.	-8.625e-010	0.
2292.	8.503e-010	180.	-8.503e-010	0.
2296.	8.3857e-010	180.	-8.3857e-010	0.
2300.	8.2729e-010	180.	-8.2729e-010	0.
2304.	8.1644e-010	180.	-8.1644e-010	0.
2308.	8.0599e-010	180.	-8.0599e-010	0.
2312.	7.9592e-010	180.	-7.9592e-010	0.
2316.	7.8622e-010	180.	-7.8622e-010	0.
2320.	7.7686e-010	180.	-7.7686e-010	0.
2324.	7.6783e-010	180.	-7.6783e-010	0.
2328.	7.5912e-010	180.	-7.5912e-010	0.
2332.	7.507e-010	180.	-7.507e-010	0.
2336.	7.4256e-010	180.	-7.4256e-010	0.
2340.	7.3469e-010	180.	-7.3469e-010	0.
2344.	7.2709e-010	180.	-7.2709e-010	0.
2348.	7.1973e-010	180.	-7.1973e-010	0.
2352.	7.126e-010	180.	-7.126e-010	0.
2356.	7.0571e-010	180.	-7.0571e-010	0.
2360.	6.9902e-010	180.	-6.9902e-010	0.
2364.	6.9255e-010	180.	-6.9255e-010	0.
2368.	6.8628e-010	180.	-6.8628e-010	0.
2372.	6.8019e-010	180.	-6.8019e-010	0.
2376.	6.7429e-010	180.	-6.7429e-010	0.
2380.	6.6857e-010	180.	-6.6857e-010	0.
2384.	6.6302e-010	180.	-6.6302e-010	0.
2388.	6.5762e-010	180.	-6.5762e-010	0.
2392.	6.5239e-010	180.	-6.5239e-010	0.
2396.	6.4731e-010	180.	-6.4731e-010	0.
2400.	6.4237e-010	180.	-6.4237e-010	0.
2404.	6.3758e-010	180.	-6.3758e-010	0.
2408.	6.3292e-010	180.	-6.3292e-010	0.
2412.	6.2839e-010	180.	-6.2839e-010	0.
2416.	6.2398e-010	180.	-6.2398e-010	0.
2420.	6.197e-010	180.	-6.197e-010	0.
2424.	6.1554e-010	180.	-6.1554e-010	0.
2428.	6.1149e-010	180.	-6.1149e-010	0.
2432.	6.0756e-010	180.	-6.0756e-010	0.
2436.	6.0373e-010	180.	-6.0373e-010	0.
2440.	6.e-010	180.	-6.e-010	0.
2444.	5.9637e-010	180.	-5.9637e-010	0.
2448.	5.9285e-010	180.	-5.9285e-010	0.
2452.	5.8941e-010	180.	-5.8941e-010	0.
2456.	5.8607e-010	180.	-5.8607e-010	0.
2460.	5.8282e-010	180.	-5.8282e-010	0.
2464.	5.7965e-010	180.	-5.7965e-010	0.
2468.	5.7657e-010	180.	-5.7657e-010	0.
2472.	5.7357e-010	180.	-5.7357e-010	0.
2476.	5.7065e-010	180.	-5.7065e-010	0.
2480.	5.678e-010	180.	-5.678e-010	0.
2484.	5.6504e-010	180.	-5.6504e-010	0.
2488.	5.6234e-010	180.	-5.6234e-010	0.
2492.	5.5972e-010	180.	-5.5972e-010	0.
2496.	5.5716e-010	180.	-5.5716e-010	0.
2500.	5.5468e-010	180.	-5.5468e-010	0.
2504.	5.5226e-010	180.	-5.5226e-010	0.
2508.	5.499e-010	180.	-5.499e-010	0.
2512.	5.4761e-010	180.	-5.4761e-010	0.
2516.	5.4538e-010	180.	-5.4538e-010	0.
2520.	5.4321e-010	180.	-5.4321e-010	0.
2524.	5.411e-010	180.	-5.411e-010	0.
2528.	5.3904e-010	180.	-5.3904e-010	0.
2532.	5.3705e-010	180.	-5.3705e-010	0.
2536.	5.351e-010	180.	-5.351e-010	0.
2540.	5.3321e-010	180.	-5.3321e-010	0.
2544.	5.3138e-010	180.	-5.3138e-010	0.
2548.	5.2959e-010	180.	-5.2959e-010	0.
2552.	5.2786e-010	180.	-5.2786e-010	0.
2556.	5.2617e-010	180.	-5.2617e-010	0.
2560.	5.2453e-010	180.	-5.2453e-010	0.
2564.	5.2294e-010	180.	-5.2294e-010	0.
2568.	5.214e-010	180.	-5.214e-010	0.
2572.	5.199e-010	180.	-5.199e-010	0.
2576.	5.1845e-010	180.	-5.1845e-010	0.
2580.	5.1704e-010	180.	-5.1704e-010	0.
2584.	5.1568e-010	180.	-5.1568e-010	0.
2588.	5.1436e-010	180.	-5.1436e-010	0.
2592.	5.1308e-010	180.	-5.1308e-010	0.
2596.	5.1184e-010	180.	-5.1184e-010	0.
2600.	5.1064e-010	180.	-5.1064e-010	0.
2604.	5.0948e-010	180.	-5.0948e-010	0.
2608.	5.0836e-010	180.	-5.0836e-010	0.
2612.	5.0728e-010	180.	-5.0728e-010	0.
2616.	5.0624e-010	180.	-5.0624e-010	0.
2620.	5.0523e-010	180.	-5.0523e-010	0.
2624.	5.0427e-010	180.	-5.0427e-010	0.
2628.	5.0334e-010	180.	-5.0334e-010	0.
2632.	5.0244e-010	180.	-5.0244e-010	0.
2636.	5.0158e-010	180.	-5.0158e-010	0.
2640.	5.0076e-010	180.	-5.0076e-010	0.
2644.	4.9997e-010	180.	-4.9997e-010	0.
2648.	4.9922e-010	180.	-4.9922e-010	0.
2652.	4.9849e-010	180.	-4.9849e-010	0.
2656.	4.9781e-010	180.	-4.9781e-010	0.
2660.	4.9715e-010	180.	-4.9715e-010	0.
2664.	4.9653e-010	180.	-4.9653e-010	0.
2668.	4.9595e-010	180.	-4.9595e-010	0.
2672.	4.9539e-010	180.	-4.9539e-010	0.
2676.	4.9487e-010	180.	-4.9487e-010	0.
2680.	4.9437e-010	180.	-4.9437e-010	0.
2684.	4.9391e-010	180.	-4.9391e-010	0.
2688.	4.9348e-010	180.	-4.9348e-010	0.
2692.	4.9309e-010	180.	-4.9309e-010	0.
2696.	4.9272e-010	180.	-4.9272e-010	0.
2700.	4.9238e-010	180.	-4.9238e-010	0.
2704.	4.9207e-010	180.	-4.9207e-010	0.
2708.	4.918e-010	180.	-4.918e-010	0.
2712.	4.9155e-010	180.	-4.9155e-010	0.
2716.	4.9133e-010	180.	-4.9133e-010	0.
2720.	4.9115e-010	180.	-4.9115e-010	0.
2724.	4.9099e-010	180.	-4.9099e-010	0.
2728.	4.9086e-010	180.	-4.9086e-010	0.
2732.	4.9076e-010	180.	-4.9076e-010	0.
2736.	4.9069e-010	180.	-4.9069e-010	0.
2740.	4.9065e-010	180.	-4.9065e-010	0.
2744.	4.9064e-010	180.	-4.9064e-010	0.
2748.	4.9066e-010	180.	-4.9066e-010	0.
2752.	4.9071e-010	180.	-4.9071e-010	0.
2756.	4.9078e-010	180.	-4.9078e-010	0.
2760.	4.9089e-010	180.	-4.9089e-010	0.
2764.	4.9102e-010	180.	-4.9102e-010	0.
2768.	4.9118e-010	180.	-4.9118e-010	0.
2772.	4.9137e-010	180.	-4.9137e-010	0.
2776.	4.9159e-010	180.	-4.9159e-010	0.
2780.	4.9184e-010	180.	-4.9184e-010	0.
2784.	4.9212e-010	180.	-4.9212e-010	0.
2788.	4.9242e-010	180.	-4.9242e-010	0.
2792.	4.9276e-010	180.	-4.9276e-010	0.
2796.	4.9312e-010	180.	-4.9312e-010	0.
2800.	4.9352e-010	180.	-4.9352e-010	0.
2804.	4.9394e-010	180.	-4.9394e-010	0.
2808.	4.9439e-010	180.	-4.9439e-010	0.
2812.	4.9487e-010	180.	-4.9487e-010	0.
2816.	4.9538e-010	180.	-4.9538e-010	0.
2820.	4.9593e-010	180.	-4.9593e-010	0.
2824.	4.965e-010	180.	-4.965e-010	0.
2828.	4.971e-010	180.	-4.971e-010	0.
2832.	4.9773e-010	180.	-4.9773e-010	0.
2836.	4.9839e-010	180.	-4.9839e-010	0.
2840.	4.9908e-010	180.	-4.9908e-010	0.
2844.	4.998e-010	180.	-4.998e-010	0.
2848.	5.0055e-010	180.	-5.0055e-010	0.
2852.	5.0134e-010	180.	-5.0134e-010	0.
2856.	5.0215e-010	180.	-5.0215e-010	0.
2860.	5.03e-010	180.	-5.03e-010	0.
2864.	5.0388e-010	180.	-5.0388e-010	0.
2868.	5.0479e-010	180.	-5.0479e-010	0.
2872.	5.0574e-010	180.	-5.0574e-010	0.
2876.	5.0671e-010	180.	-5.0671e-010	0.
2880.	5.0772e-010	180.	-5.0772e-010	0.
2884.	5.0877e-010	180.	-5.0877e-010	0.
2888.	5.0984e-010	180.	-5.0984e-010	0.
2892.	5.1095e-010	180.	-5.1095e-010	0.
2896.	5.121e-010	180.	-5.121e-010	0.
2900.	5.1328e-010	180.	-5.1328e-010	0.
2904.	5.145e-010	180.	-5.145e-010	0.
2908.	5.1575e-010	180.	-5.1575e-010	0.
2912.	5.1704e-010	180.	-5.1704e-010	0.
2916.	5.1836e-010	180.	-5.1836e-010	0.
2920.	5.1972e-010	180.	-5.1972e-010	0.
2924.	5.2112e-010	180.	-5.2112e-010	0.
2928.	5.2256e-010	180.	-5.2256e-010	0.
2932.	5.2404e-010	180.	-5.2404e-010	0.
2936.	5.2556e-010	180.	-5.2556e-010	0.
2940.	5.2711e-010	180.	-5.2711e-010	0.
2944.	5.2871e-010	180.	-5.2871e-010	0.
2948.	5.3035e-010	180.	-5.3035e-010	0.
2952.	5.3203e-010	180.	-5.3203e-010	0.
2956.	5.3375e-010	180.	-5.3375e-010	0.
2960.	5.3552e-010	180.	-5.3552e-010	0.
2964.	5.3733e-010	180.	-5.3733e-010	0.
2968.	5.3918e-010	180.	-5.3918e-010	0.
2972.	5.4108e-010	180.	-5.4108e-010	0.
2976.	5.4303e-010	180.	-5.4303e-010	0.
2980.	5.4502e-010	180.	-5.4502e-010	0.
2984.	5.4706e-010	180.	-5.4706e-010	0.
2988.	5.4915e-010	180.	-5.4915e-010	0.
2992.	5.5129e-010	180.	-5.5129e-010	0.
2996.	5.5348e-010	180.	-5.5348e-010	0.
3000.	5.5572e-010	180.	-5.5572e-010	0.
3004.	5.5802e-010	180.	-5.5802e-010	0.
3008.	5.6037e-010	180.	-5.6037e-010	0.
3012.	5.6277e-010	180.	-5.6277e-010	0.
3016.	5.6523e-010	180.	-5.6523e-010	0.
3020.	5.6775e-010	180.	-5.6775e-010	0.
3024.	5.7033e-010	180.	-5.7033e-010	0.
3028.	5.7296e-010	180.	-5.7296e-010	0.
3032.	5.7566e-010	180.	-5.7566e-010	0.
3036.	5.7842e-010	180.	-5.7842e-010	0.
3040.	5.8124e-010	180.	-5.8124e-010	0.
3044.	5.8413e-010	180.	-5.8413e-010	0.
3048.	5.8709e-010	180.	-5.8709e-010	0.
3052.	5.9011e-010	180.	-5.9011e-010	0.
3056.	5.9321e-010	180.	-5.9321e-010	0.
3060.	5.9638e-010	180.	-5.9638e-010	0.
3064.	5.9962e-010	180.	-5.9962e-010	0.
3068.	6.0294e-010	180.	-6.0294e-010	0.
3072.	6.0633e-010	180.	-6.0633e-010	0.
3076.	6.098e-010	180.	-6.098e-010	0.
3080.	6.1336e-010	180.	-6.1336e-010	0.
3084.	6.17e-010	180.	-6.17e-010	0.
3088.	6.2073e-010	180.	-6.2073e-010	0.
3092.	6.2454e-010	180.	-6.2454e-010	0.
3096.	6.2845e-010	180.	-6.2845e-010	0.
3100.	6.3245e-010	180.	-6.3245e-010	0.
3104.	6.3654e-010	180.	-6.3654e-010	0.
3108.	6.4074e-010	180.	-6.4074e-010	0.
3112.	6.4504e-010	180.	-6.4504e-010	0.
3116.	6.4944e-010	180.	-6.4944e-010	0.
3120.	6.5395e-010	180.	-6.5395e-010	0.
3124.	6.5857e-010	180.	-6.5857e-010	0.
3128.	6.633e-010	180.	-6.633e-010	0.
3132.	6.6816e-010	180.	-6.6816e-010	0.
3136.	6.7314e-010	180.	-6.7314e-010	0.
3140.	6.7824e-010	180.	-6.7824e-010	0.
3144.	6.8347e-010	180.	-6.8347e-010	0.
3148.	6.8884e-010	180.	-6.8884e-010	0.
3152.	6.9435e-010	180.	-6.9435e-010	0.
3156.	7.e-010	180.	-7.e-010	0.
3160.	7.0579e-010	180.	-7.0579e-010	0.
3164.	7.1175e-010	180.	-7.1175e-010	0.
3168.	7.1786e-010	180.	-7.1786e-010	0.
3172.	7.2413e-010	180.	-7.2413e-010	0.
3176.	7.3058e-010	180.	-7.3058e-010	0.
3180.	7.3721e-010	180.	-7.3721e-010	0.
3184.	7.4401e-010	180.	-7.4401e-010	0.
3188.	7.5101e-010	180.	-7.5101e-010	0.
3192.	7.5821e-010	180.	-7.5821e-010	0.
3196.	7.6561e-010	180.	-7.6561e-010	0.
3200.	7.7323e-010	180.	-7.7323e-010	0.
3204.	7.8107e-010	180.	-7.8107e-010	0.
3208.	7.8914e-010	180.	-7.8914e-010	0.
3212.	7.9745e-010	180.	-7.9745e-010	0.
3216.	8.0601e-010	180.	-8.0601e-010	0.
3220.	8.1484e-010	180.	-8.1484e-010	0.
3224.	8.2393e-010	180.	-8.2393e-010	0.
3228.	8.3332e-010	180.	-8.3332e-010	0.
3232.	8.43e-010	180.	-8.43e-010	0.
3236.	8.5299e-010	180.	-8.5299e-010	0.
3240.	8.6331e-010	180.	-8.6331e-010	0.
3244.	8.7396e-010	180.	-8.7396e-010	0.
3248.	8.8498e-010	180.	-8.8498e-010	0.
3252.	8.9637e-010	180.	-8.9637e-010	0.
3256.	9.0815e-010	180.	-9.0815e-010	0.
3260.	9.2035e-010	180.	-9.2035e-010	0.
3264.	9.3298e-010	180.	-9.3298e-010	0.
3268.	9.4606e-010	180.	-9.4606e-010	0.
3272.	9.5963e-010	180.	-9.5963e-010	0.
3276.	9.737e-010	180.	-9.737e-010	0.
3280.	9.8831e-010	180.	-9.8831e-010	0.
3284.	1.0035e-009	180.	-1.0035e-009	0.
3288.	1.0192e-009	180.	-1.0192e-009	0.
3292.	1.0356e-009	180.	-1.0356e-009	0.
3296.	1.0527e-009	180.	-1.0527e-009	0.
3300.	1.0705e-009	180.	-1.0705e-009	0.
3304.	1.089e-009	180.	-1.089e-009	0.
3308.	1.1084e-009	180.	-1.1084e-009	0.
3312.	1.1285e-009	180.	-1.1285e-009	0.
3316.	1.1496e-009	180.	-1.1496e-009	0.
3320.	1.1717e-009	180.	-1.1717e-009	0.
3324.	1.1948e-009	180.	-1.1948e-009	0.
3328.	1.219e-009	180.	-1.219e-009	0.
3332.	1.2444e-009	180.	-1.2444e-009	0.
3336.	1.2711e-009	180.	-1.2711e-009	0.
3340.	1.2992e-009	180.	-1.2992e-009	0.
3344.	1.3288e-009	180.	-1.3288e-009	0.
3348.	1.36e-009	180.	-1.36e-009	0.
3352.	1.3929e-009	180.	-1.3929e-009	0.
3356.	1.4277e-009	180.	-1.4277e-009	0.
3360.	1.4646e-009	180.	-1.4646e-009	0.
3364.	1.5038e-009	180.	-1.5038e-009	0.
3368.	1.5454e-009	180.	-1.5454e-009	0.
3372.	1.5898e-009	180.	-1.5898e-009	0.
3376.	1.6371e-009	180.	-1.6371e-009	0.
3380.	1.6878e-009	180.	-1.6878e-009	0.
3384.	1.7421e-009	180.	-1.7421e-009	0.
3388.	1.8006e-009	180.	-1.8006e-009	0.
3392.	1.8637e-009	180.	-1.8637e-009	0.
3396.	1.9319e-009	180.	-1.9319e-009	0.
3400.	2.0061e-009	180.	-2.0061e-009	0.
3404.	2.0871e-009	180.	-2.0871e-009	0.
3408.	2.1759e-009	180.	-2.1759e-009	0.
3412.	2.2739e-009	180.	-2.2739e-009	0.
3416.	2.3828e-009	180.	-2.3828e-009	0.
3420.	2.505e-009	180.	-2.505e-009	0.
3424.	2.644e-009	180.	-2.644e-009	0.
3428.	2.8053e-009	180.	-2.8053e-009	0.
3432.	2.9991e-009	180.	-2.9991e-009	0.
3436.	3.2489e-009	180.	-3.2489e-009	0.
3440.	3.6367e-009	180.	-3.6367e-009	0.
3444.	4.954e-009	180.	-4.954e-009	0.
3448.	2.4342e-009	180.	-2.4342e-009	0.
3452.	3.4807e-009	180.	-3.4807e-009	0.
3456.	3.9967e-009	180.	-3.9967e-009	0.
3460.	4.4881e-009	180.	-4.4881e-009	0.
3464.	5.0403e-009	180.	-5.0403e-009	0.
3468.	5.7058e-009	180.	-5.7058e-009	0.
3472.	6.5464e-009	180.	-6.5464e-009	0.
3476.	7.6565e-009	180.	-7.6565e-009	0.
3480.	9.2007e-009	180.	-9.2007e-009	0.
3484.	1.1501e-008	180.	-1.1501e-008	0.
3488.	1.5287e-008	180.	-1.5287e-008	0.
3492.	2.262e-008	180.	-2.262e-008	0.
3496.	4.2274e-008	180.	-4.2274e-008	0.
3500.	2.0918e-007	180.	-2.0918e-007	0.
3504.	1.3274e-007	0.	1.3274e-007	0.
3508.	4.1817e-009	180.	-4.1817e-009	0.
3512.	1.0076e-008	0.	1.0076e-008	0.
3516.	9.1616e-009	0.	9.1616e-009	0.
3520.	7.808e-009	0.	7.808e-009	0.
3524.	6.7018e-009	0.	6.7018e-009	0.
3528.	5.8377e-009	0.	5.8377e-009	0.
3532.	5.1566e-009	0.	5.1566e-009	0.
3536.	4.6102e-009	0.	4.6102e-009	0.
3540.	4.1636e-009	0.	4.1636e-009	0.
3544.	3.7925e-009	0.	3.7925e-009	0.
3548.	3.4796e-009	0.	3.4796e-009	0.
3552.	3.2124e-009	0.	3.2124e-009	0.
3556.	2.9818e-009	0.	2.9818e-009	0.
3560.	2.7806e-009	0.	2.7806e-009	0.
3564.	2.6038e-009	0.	2.6038e-009	0.
3568.	2.4471e-009	0.	2.4471e-009	0.
3572.	2.3073e-009	0.	2.3073e-009	0.
3576.	2.1818e-009	0.	2.1818e-009	0.
3580.	2.0686e-009	0.	2.0686e-009	0.
3584.	1.9659e-009	0.	1.9659e-009	0.
3588.	1.8724e-009	0.	1.8724e-009	0.
3592.	1.7868e-009	0.	1.7868e-009	0.
3596.	1.7083e-009	0.	1.7083e-009	0.
3600.	1.6359e-009	0.	1.6359e-009	0.
3604.	1.569e-009	0.	1.569e-009	0.
3608.	1.5069e-009	0.	1.5069e-009	0.
3612.	1.4493e-009	0.	1.4493e-009	0.
3616.	1.3955e-009	0.	1.3955e-009	0.
3620.	1.3453e-009	0.	1.3453e-009	0.
3624.	1.2983e-009	0.	1.2983e-009	0.
3628.	1.2542e-009	0.	1.2542e-009	0.
3632.	1.2128e-009	0.	1.2128e-009	0.
3636.	1.1737e-009	0.	1.1737e-009	0.
3640.	1.1369e-009	0.	1.1369e-009	0.
3644.	1.1021e-009	0.	1.1021e-009	0.
3648.	1.0692e-009	0.	1.0692e-009	0.
3652.	1.0379e-009	0.	1.0379e-009	0.
3656.	1.0083e-009	0.	1.0083e-009	0.
3660.	9.8014e-010	0.	9.8014e-010	0.
3664.	9.5334e-010	0.	9.5334e-010	0.
3668.	9.2782e-010	0.	9.2782e-010	0.
3672.	9.0347e-010	0.	9.0347e-010	0.
3676.	8.8022e-010	0.	8.8022e-010	0.
3680.	8.58e-010	0.	8.58e-010	0.
3684.	8.3674e-010	0.	8.3674e-010	0.
3688.	8.1638e-010	0.	8.1638e-010	0.
3692.	7.9686e-010	0.	7.9686e-010	0.
3696.	7.7814e-010	0.	7.7814e-010	0.
3700.	7.6016e-010	0.	7.6016e-010	0.
3704.	7.4288e-010	0.	7.4288e-010	0.
3708.	7.2627e-010	0.	7.2627e-010	0.
3712.	7.1028e-010	0.	7.1028e-010	0.
3716.	6.9488e-010	0.	6.9488e-010	0.
3720.	6.8004e-010	0.	6.8004e-010	0.
3724.	6.6572e-010	0.	6.6572e-010	0.
3728.	6.5191e-010	0.	6.5191e-010	0.
3732.	6.3857e-010	0.	6.3857e-010	0.
3736.	6.2568e-010	0.	6.2568e-010	0.
3740.	6.1322e-010	0.	6.1322e-010	0.
3744.	6.0117e-010	0.	6.0117e-010	0.
3748.	5.895e-010	0.	5.895e-010	0.
3752.	5.7821e-010	0.	5.7821e-010	0.
3756.	5.6726e-010	0.	5.6726e-010	0.
3760.	5.5666e-010	0.	5.5666e-010	0.
3764.	5.4637e-010	0.	5.4637e-010	0.
3768.	5.3639e-010	0.	5.3639e-010	0.
3772.	5.267e-010	0.	5.267e-010	0.
3776.	5.1729e-010	0.	5.1729e-010	0.
3780.	5.0814e-010	0.	5.0814e-010	0.
3784.	4.9926e-010	0.	4.9926e-010	0.
3788.	4.9062e-010	0.	4.9062e-010	0.
3792.	4.8221e-010	0.	4.8221e-010	0.
3796.	4.7403e-010	0.	4.7403e-010	0.
3800.	4.6607e-010	0.	4.6607e-010	0.
3804.	4.5832e-010	0.	4.5832e-010	0.
3808.	4.5077e-010	0.	4.5077e-010	0.
3812.	4.434e-010	0.	4.434e-010	0.
3816.	4.3623e-010	0.	4.3623e-010	0.
3820.	4.2923e-010	0.	4.2923e-010	0.
3824.	4.224e-010	0.	4.224e-010	0.
3828.	4.1574e-010	0.	4.1574e-010	0.
3832.	4.0924e-010	0.	4.0924e-010	0.
3836.	4.0289e-010	0.	4.0289e-010	0.
3840.	3.9669e-010	0.	3.9669e-010	0.
3844.	3.9063e-010	0.	3.9063e-010	0.
3848.	3.8471e-010	0.	3.8471e-010	0.
3852.	3.7892e-010	0.	3.7892e-010	0.
3856.	3.7327e-010	0.	3.7327e-010	0.
3860.	3.6773e-010	0.	3.6773e-010	0.
3864.	3.6231e-010	0.	3.6231e-010	0.
3868.	3.5701e-010	0.	3.5701e-010	0.
3872.	3.5183e-010	0.	3.5183e-010	0.
3876.	3.4675e-010	0.	3.4675e-010	0.
3880.	3.4177e-010	0.	3.4177e-010	0.
3884.	3.369e-010	0.	3.369e-010	0.
3888.	3.3213e-010	0.	3.3213e-010	0.
3892.	3.2745e-010	0.	3.2745e-010	0.
3896.	3.2286e-010	0.	3.2286e-010	0.
3900.	3.1836e-010	0.	3.1836e-010	0.
3904.	3.1395e-010	0.	3.1395e-010	0.
3908.	3.0963e-010	0.	3.0963e-010	0.
3912.	3.0538e-010	0.	3.0538e-010	0.
3916.	3.0122e-010	0.	3.0122e-010	0.
3920.	2.9713e-010	0.	2.9713e-010	0.
3924.	2.9311e-010	0.	2.9311e-010	0.
3928.	2.8917e-010	0.	2.8917e-010	0.
3932.	2.853e-010	0.	2.853e-010	0.
3936.	2.8149e-010	0.	2.8149e-010	0.
3940.	2.7776e-010	0.	2.7776e-010	0.
3944.	2.7408e-010	0.	2.7408e-010	0.
3948.	2.7047e-010	0.	2.7047e-010	0.
3952.	2.6692e-010	0.	2.6692e-010	0.
3956.	2.6343e-010	0.	2.6343e-010	0.
3960.	2.6e-010	0.	2.6e-010	0.
3964.	2.5662e-010	0.	2.5662e-010	0.
3968.	2.533e-010	0.	2.533e-010	0.
3972.	2.5003e-010	0.	2.5003e-010	0.
3976.	2.4681e-010	0.	2.4681e-010	0.
3980.	2.4364e-010	0.	2.4364e-010	0.
3984.	2.4052e-010	0.	2.4052e-010	0.
3988.	2.3745e-010	0.	2.3745e-010	0.
3992.	2.3442e-010	0.	2.3442e-010	0.
3996.	2.3144e-010	0.	2.3144e-010	0.
4000.	2.285e-010	0.	2.285e-010	0.
