é¸îgêî (Hz)	êUïù (m)	à ëääp (ìx)	é¿ïî (m)	ãïïî (m)
4.	2.1724e-016	0.	2.1724e-016	0.
8.	2.1725e-016	0.	2.1725e-016	0.
12.	2.1725e-016	0.	2.1725e-016	0.
16.	2.1725e-016	0.	2.1725e-016	0.
20.	2.1725e-016	0.	2.1725e-016	0.
24.	2.1725e-016	0.	2.1725e-016	0.
28.	2.1725e-016	0.	2.1725e-016	0.
32.	2.1726e-016	0.	2.1726e-016	0.
36.	2.1726e-016	0.	2.1726e-016	0.
40.	2.1727e-016	0.	2.1727e-016	0.
44.	2.1727e-016	0.	2.1727e-016	0.
48.	2.1727e-016	0.	2.1727e-016	0.
52.	2.1728e-016	0.	2.1728e-016	0.
56.	2.1729e-016	0.	2.1729e-016	0.
60.	2.1729e-016	0.	2.1729e-016	0.
64.	2.173e-016	0.	2.173e-016	0.
68.	2.1731e-016	0.	2.1731e-016	0.
72.	2.1732e-016	0.	2.1732e-016	0.
76.	2.1732e-016	0.	2.1732e-016	0.
80.	2.1733e-016	0.	2.1733e-016	0.
84.	2.1734e-016	0.	2.1734e-016	0.
88.	2.1735e-016	0.	2.1735e-016	0.
92.	2.1736e-016	0.	2.1736e-016	0.
96.	2.1737e-016	0.	2.1737e-016	0.
100.	2.1739e-016	0.	2.1739e-016	0.
104.	2.174e-016	0.	2.174e-016	0.
108.	2.174e-016	0.	2.174e-016	0.
112.	2.1742e-016	0.	2.1742e-016	0.
116.	2.1743e-016	0.	2.1743e-016	0.
120.	2.1744e-016	0.	2.1744e-016	0.
124.	2.1746e-016	0.	2.1746e-016	0.
128.	2.1747e-016	0.	2.1747e-016	0.
132.	2.1748e-016	0.	2.1748e-016	0.
136.	2.175e-016	0.	2.175e-016	0.
140.	2.1752e-016	0.	2.1752e-016	0.
144.	2.1753e-016	0.	2.1753e-016	0.
148.	2.1755e-016	0.	2.1755e-016	0.
152.	2.1757e-016	0.	2.1757e-016	0.
156.	2.1758e-016	0.	2.1758e-016	0.
160.	2.176e-016	0.	2.176e-016	0.
164.	2.1762e-016	0.	2.1762e-016	0.
168.	2.1764e-016	0.	2.1764e-016	0.
172.	2.1765e-016	0.	2.1765e-016	0.
176.	2.1767e-016	0.	2.1767e-016	0.
180.	2.177e-016	0.	2.177e-016	0.
184.	2.1772e-016	0.	2.1772e-016	0.
188.	2.1774e-016	0.	2.1774e-016	0.
192.	2.1776e-016	0.	2.1776e-016	0.
196.	2.1778e-016	0.	2.1778e-016	0.
200.	2.178e-016	0.	2.178e-016	0.
204.	2.1782e-016	0.	2.1782e-016	0.
208.	2.1784e-016	0.	2.1784e-016	0.
212.	2.1787e-016	0.	2.1787e-016	0.
216.	2.1789e-016	0.	2.1789e-016	0.
220.	2.1792e-016	0.	2.1792e-016	0.
224.	2.1794e-016	0.	2.1794e-016	0.
228.	2.1797e-016	0.	2.1797e-016	0.
232.	2.18e-016	0.	2.18e-016	0.
236.	2.1802e-016	0.	2.1802e-016	0.
240.	2.1805e-016	0.	2.1805e-016	0.
244.	2.1808e-016	0.	2.1808e-016	0.
248.	2.181e-016	0.	2.181e-016	0.
252.	2.1813e-016	0.	2.1813e-016	0.
256.	2.1816e-016	0.	2.1816e-016	0.
260.	2.1819e-016	0.	2.1819e-016	0.
264.	2.1822e-016	0.	2.1822e-016	0.
268.	2.1825e-016	0.	2.1825e-016	0.
272.	2.1828e-016	0.	2.1828e-016	0.
276.	2.1831e-016	0.	2.1831e-016	0.
280.	2.1835e-016	0.	2.1835e-016	0.
284.	2.1837e-016	0.	2.1837e-016	0.
288.	2.1841e-016	0.	2.1841e-016	0.
292.	2.1844e-016	0.	2.1844e-016	0.
296.	2.1848e-016	0.	2.1848e-016	0.
300.	2.185e-016	0.	2.185e-016	0.
304.	2.1854e-016	0.	2.1854e-016	0.
308.	2.1858e-016	0.	2.1858e-016	0.
312.	2.1861e-016	0.	2.1861e-016	0.
316.	2.1864e-016	0.	2.1864e-016	0.
320.	2.1868e-016	0.	2.1868e-016	0.
324.	2.1872e-016	0.	2.1872e-016	0.
328.	2.1876e-016	0.	2.1876e-016	0.
332.	2.1879e-016	0.	2.1879e-016	0.
336.	2.1883e-016	0.	2.1883e-016	0.
340.	2.1887e-016	0.	2.1887e-016	0.
344.	2.1891e-016	0.	2.1891e-016	0.
348.	2.1895e-016	0.	2.1895e-016	0.
352.	2.1899e-016	0.	2.1899e-016	0.
356.	2.1903e-016	0.	2.1903e-016	0.
360.	2.1907e-016	0.	2.1907e-016	0.
364.	2.1911e-016	0.	2.1911e-016	0.
368.	2.1915e-016	0.	2.1915e-016	0.
372.	2.192e-016	0.	2.192e-016	0.
376.	2.1924e-016	0.	2.1924e-016	0.
380.	2.1928e-016	0.	2.1928e-016	0.
384.	2.1933e-016	0.	2.1933e-016	0.
388.	2.1937e-016	0.	2.1937e-016	0.
392.	2.1942e-016	0.	2.1942e-016	0.
396.	2.1946e-016	0.	2.1946e-016	0.
400.	2.1951e-016	0.	2.1951e-016	0.
404.	2.1955e-016	0.	2.1955e-016	0.
408.	2.196e-016	0.	2.196e-016	0.
412.	2.1965e-016	0.	2.1965e-016	0.
416.	2.197e-016	0.	2.197e-016	0.
420.	2.1975e-016	0.	2.1975e-016	0.
424.	2.1979e-016	0.	2.1979e-016	0.
428.	2.1984e-016	0.	2.1984e-016	0.
432.	2.1989e-016	0.	2.1989e-016	0.
436.	2.1995e-016	0.	2.1995e-016	0.
440.	2.1999e-016	0.	2.1999e-016	0.
444.	2.2004e-016	0.	2.2004e-016	0.
448.	2.201e-016	0.	2.201e-016	0.
452.	2.2015e-016	0.	2.2015e-016	0.
456.	2.202e-016	0.	2.202e-016	0.
460.	2.2026e-016	0.	2.2026e-016	0.
464.	2.2031e-016	0.	2.2031e-016	0.
468.	2.2036e-016	0.	2.2036e-016	0.
472.	2.2042e-016	0.	2.2042e-016	0.
476.	2.2047e-016	0.	2.2047e-016	0.
480.	2.2053e-016	0.	2.2053e-016	0.
484.	2.2059e-016	0.	2.2059e-016	0.
488.	2.2064e-016	0.	2.2064e-016	0.
492.	2.207e-016	0.	2.207e-016	0.
496.	2.2076e-016	0.	2.2076e-016	0.
500.	2.2082e-016	0.	2.2082e-016	0.
504.	2.2088e-016	0.	2.2088e-016	0.
508.	2.2093e-016	0.	2.2093e-016	0.
512.	2.2099e-016	0.	2.2099e-016	0.
516.	2.2106e-016	0.	2.2106e-016	0.
520.	2.2112e-016	0.	2.2112e-016	0.
524.	2.2118e-016	0.	2.2118e-016	0.
528.	2.2124e-016	0.	2.2124e-016	0.
532.	2.2131e-016	0.	2.2131e-016	0.
536.	2.2137e-016	0.	2.2137e-016	0.
540.	2.2143e-016	0.	2.2143e-016	0.
544.	2.215e-016	0.	2.215e-016	0.
548.	2.2156e-016	0.	2.2156e-016	0.
552.	2.2162e-016	0.	2.2162e-016	0.
556.	2.2169e-016	0.	2.2169e-016	0.
560.	2.2176e-016	0.	2.2176e-016	0.
564.	2.2183e-016	0.	2.2183e-016	0.
568.	2.219e-016	0.	2.219e-016	0.
572.	2.2196e-016	0.	2.2196e-016	0.
576.	2.2203e-016	0.	2.2203e-016	0.
580.	2.221e-016	0.	2.221e-016	0.
584.	2.2217e-016	0.	2.2217e-016	0.
588.	2.2224e-016	0.	2.2224e-016	0.
592.	2.2231e-016	0.	2.2231e-016	0.
596.	2.2238e-016	0.	2.2238e-016	0.
600.	2.2245e-016	0.	2.2245e-016	0.
604.	2.2253e-016	0.	2.2253e-016	0.
608.	2.226e-016	0.	2.226e-016	0.
612.	2.2268e-016	0.	2.2268e-016	0.
616.	2.2275e-016	0.	2.2275e-016	0.
620.	2.2282e-016	0.	2.2282e-016	0.
624.	2.229e-016	0.	2.229e-016	0.
628.	2.2298e-016	0.	2.2298e-016	0.
632.	2.2305e-016	0.	2.2305e-016	0.
636.	2.2313e-016	0.	2.2313e-016	0.
640.	2.2321e-016	0.	2.2321e-016	0.
644.	2.2329e-016	0.	2.2329e-016	0.
648.	2.2336e-016	0.	2.2336e-016	0.
652.	2.2345e-016	0.	2.2345e-016	0.
656.	2.2353e-016	0.	2.2353e-016	0.
660.	2.236e-016	0.	2.236e-016	0.
664.	2.2369e-016	0.	2.2369e-016	0.
668.	2.2377e-016	0.	2.2377e-016	0.
672.	2.2385e-016	0.	2.2385e-016	0.
676.	2.2394e-016	0.	2.2394e-016	0.
680.	2.2402e-016	0.	2.2402e-016	0.
684.	2.241e-016	0.	2.241e-016	0.
688.	2.2419e-016	0.	2.2419e-016	0.
692.	2.2428e-016	0.	2.2428e-016	0.
696.	2.2436e-016	0.	2.2436e-016	0.
700.	2.2445e-016	0.	2.2445e-016	0.
704.	2.2453e-016	0.	2.2453e-016	0.
708.	2.2462e-016	0.	2.2462e-016	0.
712.	2.2472e-016	0.	2.2472e-016	0.
716.	2.248e-016	0.	2.248e-016	0.
720.	2.2489e-016	0.	2.2489e-016	0.
724.	2.2498e-016	0.	2.2498e-016	0.
728.	2.2507e-016	0.	2.2507e-016	0.
732.	2.2516e-016	0.	2.2516e-016	0.
736.	2.2526e-016	0.	2.2526e-016	0.
740.	2.2535e-016	0.	2.2535e-016	0.
744.	2.2545e-016	0.	2.2545e-016	0.
748.	2.2554e-016	0.	2.2554e-016	0.
752.	2.2564e-016	0.	2.2564e-016	0.
756.	2.2573e-016	0.	2.2573e-016	0.
760.	2.2583e-016	0.	2.2583e-016	0.
764.	2.2592e-016	0.	2.2592e-016	0.
768.	2.2602e-016	0.	2.2602e-016	0.
772.	2.2612e-016	0.	2.2612e-016	0.
776.	2.2622e-016	0.	2.2622e-016	0.
780.	2.2632e-016	0.	2.2632e-016	0.
784.	2.2642e-016	0.	2.2642e-016	0.
788.	2.2652e-016	0.	2.2652e-016	0.
792.	2.2662e-016	0.	2.2662e-016	0.
796.	2.2673e-016	0.	2.2673e-016	0.
800.	2.2683e-016	0.	2.2683e-016	0.
804.	2.2693e-016	0.	2.2693e-016	0.
808.	2.2704e-016	0.	2.2704e-016	0.
812.	2.2714e-016	0.	2.2714e-016	0.
816.	2.2725e-016	0.	2.2725e-016	0.
820.	2.2736e-016	0.	2.2736e-016	0.
824.	2.2746e-016	0.	2.2746e-016	0.
828.	2.2757e-016	0.	2.2757e-016	0.
832.	2.2768e-016	0.	2.2768e-016	0.
836.	2.2779e-016	0.	2.2779e-016	0.
840.	2.279e-016	0.	2.279e-016	0.
844.	2.2801e-016	0.	2.2801e-016	0.
848.	2.2812e-016	0.	2.2812e-016	0.
852.	2.2823e-016	0.	2.2823e-016	0.
856.	2.2835e-016	0.	2.2835e-016	0.
860.	2.2847e-016	0.	2.2847e-016	0.
864.	2.2858e-016	0.	2.2858e-016	0.
868.	2.287e-016	0.	2.287e-016	0.
872.	2.2881e-016	0.	2.2881e-016	0.
876.	2.2893e-016	0.	2.2893e-016	0.
880.	2.2905e-016	0.	2.2905e-016	0.
884.	2.2917e-016	0.	2.2917e-016	0.
888.	2.2929e-016	0.	2.2929e-016	0.
892.	2.2941e-016	0.	2.2941e-016	0.
896.	2.2953e-016	0.	2.2953e-016	0.
900.	2.2965e-016	0.	2.2965e-016	0.
904.	2.2977e-016	0.	2.2977e-016	0.
908.	2.299e-016	0.	2.299e-016	0.
912.	2.3002e-016	0.	2.3002e-016	0.
916.	2.3014e-016	0.	2.3014e-016	0.
920.	2.3027e-016	0.	2.3027e-016	0.
924.	2.304e-016	0.	2.304e-016	0.
928.	2.3052e-016	0.	2.3052e-016	0.
932.	2.3065e-016	0.	2.3065e-016	0.
936.	2.3078e-016	0.	2.3078e-016	0.
940.	2.3091e-016	0.	2.3091e-016	0.
944.	2.3104e-016	0.	2.3104e-016	0.
948.	2.3118e-016	0.	2.3118e-016	0.
952.	2.3131e-016	0.	2.3131e-016	0.
956.	2.3144e-016	0.	2.3144e-016	0.
960.	2.3157e-016	0.	2.3157e-016	0.
964.	2.3171e-016	0.	2.3171e-016	0.
968.	2.3185e-016	0.	2.3185e-016	0.
972.	2.3198e-016	0.	2.3198e-016	0.
976.	2.3212e-016	0.	2.3212e-016	0.
980.	2.3226e-016	0.	2.3226e-016	0.
984.	2.3239e-016	0.	2.3239e-016	0.
988.	2.3254e-016	0.	2.3254e-016	0.
992.	2.3268e-016	0.	2.3268e-016	0.
996.	2.3282e-016	0.	2.3282e-016	0.
1000.	2.3296e-016	0.	2.3296e-016	0.
1004.	2.3311e-016	0.	2.3311e-016	0.
1008.	2.3325e-016	0.	2.3325e-016	0.
1012.	2.334e-016	0.	2.334e-016	0.
1016.	2.3355e-016	0.	2.3355e-016	0.
1020.	2.337e-016	0.	2.337e-016	0.
1024.	2.3384e-016	0.	2.3384e-016	0.
1028.	2.34e-016	0.	2.34e-016	0.
1032.	2.3415e-016	0.	2.3415e-016	0.
1036.	2.343e-016	0.	2.343e-016	0.
1040.	2.3445e-016	0.	2.3445e-016	0.
1044.	2.3461e-016	0.	2.3461e-016	0.
1048.	2.3476e-016	0.	2.3476e-016	0.
1052.	2.3491e-016	0.	2.3491e-016	0.
1056.	2.3507e-016	0.	2.3507e-016	0.
1060.	2.3522e-016	0.	2.3522e-016	0.
1064.	2.3539e-016	0.	2.3539e-016	0.
1068.	2.3555e-016	0.	2.3555e-016	0.
1072.	2.3571e-016	0.	2.3571e-016	0.
1076.	2.3587e-016	0.	2.3587e-016	0.
1080.	2.3603e-016	0.	2.3603e-016	0.
1084.	2.362e-016	0.	2.362e-016	0.
1088.	2.3637e-016	0.	2.3637e-016	0.
1092.	2.3653e-016	0.	2.3653e-016	0.
1096.	2.3669e-016	0.	2.3669e-016	0.
1100.	2.3687e-016	0.	2.3687e-016	0.
1104.	2.3704e-016	0.	2.3704e-016	0.
1108.	2.3721e-016	0.	2.3721e-016	0.
1112.	2.3738e-016	0.	2.3738e-016	0.
1116.	2.3755e-016	0.	2.3755e-016	0.
1120.	2.3773e-016	0.	2.3773e-016	0.
1124.	2.3791e-016	0.	2.3791e-016	0.
1128.	2.3809e-016	0.	2.3809e-016	0.
1132.	2.3826e-016	0.	2.3826e-016	0.
1136.	2.3844e-016	0.	2.3844e-016	0.
1140.	2.3862e-016	0.	2.3862e-016	0.
1144.	2.388e-016	0.	2.388e-016	0.
1148.	2.3898e-016	0.	2.3898e-016	0.
1152.	2.3917e-016	0.	2.3917e-016	0.
1156.	2.3935e-016	0.	2.3935e-016	0.
1160.	2.3954e-016	0.	2.3954e-016	0.
1164.	2.3974e-016	0.	2.3974e-016	0.
1168.	2.3992e-016	0.	2.3992e-016	0.
1172.	2.4011e-016	0.	2.4011e-016	0.
1176.	2.403e-016	0.	2.403e-016	0.
1180.	2.405e-016	0.	2.405e-016	0.
1184.	2.4069e-016	0.	2.4069e-016	0.
1188.	2.4089e-016	0.	2.4089e-016	0.
1192.	2.4109e-016	0.	2.4109e-016	0.
1196.	2.4128e-016	0.	2.4128e-016	0.
1200.	2.4149e-016	0.	2.4149e-016	0.
1204.	2.4169e-016	0.	2.4169e-016	0.
1208.	2.4189e-016	0.	2.4189e-016	0.
1212.	2.421e-016	0.	2.421e-016	0.
1216.	2.423e-016	0.	2.423e-016	0.
1220.	2.4251e-016	0.	2.4251e-016	0.
1224.	2.4272e-016	0.	2.4272e-016	0.
1228.	2.4293e-016	0.	2.4293e-016	0.
1232.	2.4315e-016	0.	2.4315e-016	0.
1236.	2.4336e-016	0.	2.4336e-016	0.
1240.	2.4357e-016	0.	2.4357e-016	0.
1244.	2.4379e-016	0.	2.4379e-016	0.
1248.	2.4401e-016	0.	2.4401e-016	0.
1252.	2.4423e-016	0.	2.4423e-016	0.
1256.	2.4446e-016	0.	2.4446e-016	0.
1260.	2.4467e-016	0.	2.4467e-016	0.
1264.	2.449e-016	0.	2.449e-016	0.
1268.	2.4513e-016	0.	2.4513e-016	0.
1272.	2.4536e-016	0.	2.4536e-016	0.
1276.	2.4559e-016	0.	2.4559e-016	0.
1280.	2.4582e-016	0.	2.4582e-016	0.
1284.	2.4606e-016	0.	2.4606e-016	0.
1288.	2.4629e-016	0.	2.4629e-016	0.
1292.	2.4653e-016	0.	2.4653e-016	0.
1296.	2.4677e-016	0.	2.4677e-016	0.
1300.	2.4701e-016	0.	2.4701e-016	0.
1304.	2.4726e-016	0.	2.4726e-016	0.
1308.	2.475e-016	0.	2.475e-016	0.
1312.	2.4775e-016	0.	2.4775e-016	0.
1316.	2.48e-016	0.	2.48e-016	0.
1320.	2.4825e-016	0.	2.4825e-016	0.
1324.	2.4851e-016	0.	2.4851e-016	0.
1328.	2.4876e-016	0.	2.4876e-016	0.
1332.	2.4902e-016	0.	2.4902e-016	0.
1336.	2.4928e-016	0.	2.4928e-016	0.
1340.	2.4955e-016	0.	2.4955e-016	0.
1344.	2.4981e-016	0.	2.4981e-016	0.
1348.	2.5008e-016	0.	2.5008e-016	0.
1352.	2.5035e-016	0.	2.5035e-016	0.
1356.	2.5062e-016	0.	2.5062e-016	0.
1360.	2.5089e-016	0.	2.5089e-016	0.
1364.	2.5117e-016	0.	2.5117e-016	0.
1368.	2.5145e-016	0.	2.5145e-016	0.
1372.	2.5173e-016	0.	2.5173e-016	0.
1376.	2.5201e-016	0.	2.5201e-016	0.
1380.	2.523e-016	0.	2.523e-016	0.
1384.	2.5259e-016	0.	2.5259e-016	0.
1388.	2.5288e-016	0.	2.5288e-016	0.
1392.	2.5318e-016	0.	2.5318e-016	0.
1396.	2.5347e-016	0.	2.5347e-016	0.
1400.	2.5377e-016	0.	2.5377e-016	0.
1404.	2.5408e-016	0.	2.5408e-016	0.
1408.	2.5439e-016	0.	2.5439e-016	0.
1412.	2.5469e-016	0.	2.5469e-016	0.
1416.	2.55e-016	0.	2.55e-016	0.
1420.	2.5532e-016	0.	2.5532e-016	0.
1424.	2.5564e-016	0.	2.5564e-016	0.
1428.	2.5596e-016	0.	2.5596e-016	0.
1432.	2.5628e-016	0.	2.5628e-016	0.
1436.	2.5661e-016	0.	2.5661e-016	0.
1440.	2.5694e-016	0.	2.5694e-016	0.
1444.	2.5727e-016	0.	2.5727e-016	0.
1448.	2.5761e-016	0.	2.5761e-016	0.
1452.	2.5795e-016	0.	2.5795e-016	0.
1456.	2.583e-016	0.	2.583e-016	0.
1460.	2.5865e-016	0.	2.5865e-016	0.
1464.	2.5901e-016	0.	2.5901e-016	0.
1468.	2.5936e-016	0.	2.5936e-016	0.
1472.	2.5972e-016	0.	2.5972e-016	0.
1476.	2.6008e-016	0.	2.6008e-016	0.
1480.	2.6046e-016	0.	2.6046e-016	0.
1484.	2.6083e-016	0.	2.6083e-016	0.
1488.	2.612e-016	0.	2.612e-016	0.
1492.	2.6158e-016	0.	2.6158e-016	0.
1496.	2.6197e-016	0.	2.6197e-016	0.
1500.	2.6236e-016	0.	2.6236e-016	0.
1504.	2.6276e-016	0.	2.6276e-016	0.
1508.	2.6316e-016	0.	2.6316e-016	0.
1512.	2.6357e-016	0.	2.6357e-016	0.
1516.	2.6397e-016	0.	2.6397e-016	0.
1520.	2.6439e-016	0.	2.6439e-016	0.
1524.	2.6481e-016	0.	2.6481e-016	0.
1528.	2.6524e-016	0.	2.6524e-016	0.
1532.	2.6567e-016	0.	2.6567e-016	0.
1536.	2.6612e-016	0.	2.6612e-016	0.
1540.	2.6656e-016	0.	2.6656e-016	0.
1544.	2.6701e-016	0.	2.6701e-016	0.
1548.	2.6746e-016	0.	2.6746e-016	0.
1552.	2.6793e-016	0.	2.6793e-016	0.
1556.	2.684e-016	0.	2.684e-016	0.
1560.	2.6887e-016	0.	2.6887e-016	0.
1564.	2.6936e-016	0.	2.6936e-016	0.
1568.	2.6985e-016	0.	2.6985e-016	0.
1572.	2.7035e-016	0.	2.7035e-016	0.
1576.	2.7086e-016	0.	2.7086e-016	0.
1580.	2.7138e-016	0.	2.7138e-016	0.
1584.	2.719e-016	0.	2.719e-016	0.
1588.	2.7244e-016	0.	2.7244e-016	0.
1592.	2.7298e-016	0.	2.7298e-016	0.
1596.	2.7353e-016	0.	2.7353e-016	0.
1600.	2.7409e-016	0.	2.7409e-016	0.
1604.	2.7466e-016	0.	2.7466e-016	0.
1608.	2.7524e-016	0.	2.7524e-016	0.
1612.	2.7584e-016	0.	2.7584e-016	0.
1616.	2.7645e-016	0.	2.7645e-016	0.
1620.	2.7705e-016	0.	2.7705e-016	0.
1624.	2.7768e-016	0.	2.7768e-016	0.
1628.	2.7832e-016	0.	2.7832e-016	0.
1632.	2.7897e-016	0.	2.7897e-016	0.
1636.	2.7964e-016	0.	2.7964e-016	0.
1640.	2.8032e-016	0.	2.8032e-016	0.
1644.	2.8102e-016	0.	2.8102e-016	0.
1648.	2.8174e-016	0.	2.8174e-016	0.
1652.	2.8246e-016	0.	2.8246e-016	0.
1656.	2.8321e-016	0.	2.8321e-016	0.
1660.	2.8398e-016	0.	2.8398e-016	0.
1664.	2.8476e-016	0.	2.8476e-016	0.
1668.	2.8557e-016	0.	2.8557e-016	0.
1672.	2.8639e-016	0.	2.8639e-016	0.
1676.	2.8724e-016	0.	2.8724e-016	0.
1680.	2.8811e-016	0.	2.8811e-016	0.
1684.	2.8901e-016	0.	2.8901e-016	0.
1688.	2.8994e-016	0.	2.8994e-016	0.
1692.	2.909e-016	0.	2.909e-016	0.
1696.	2.9188e-016	0.	2.9188e-016	0.
1700.	2.929e-016	0.	2.929e-016	0.
1704.	2.9395e-016	0.	2.9395e-016	0.
1708.	2.9504e-016	0.	2.9504e-016	0.
1712.	2.9617e-016	0.	2.9617e-016	0.
1716.	2.9735e-016	0.	2.9735e-016	0.
1720.	2.9857e-016	0.	2.9857e-016	0.
1724.	2.9983e-016	0.	2.9983e-016	0.
1728.	3.0116e-016	0.	3.0116e-016	0.
1732.	3.0253e-016	0.	3.0253e-016	0.
1736.	3.0398e-016	0.	3.0398e-016	0.
1740.	3.055e-016	0.	3.055e-016	0.
1744.	3.0711e-016	0.	3.0711e-016	0.
1748.	3.088e-016	0.	3.088e-016	0.
1752.	3.1058e-016	0.	3.1058e-016	0.
1756.	3.1245e-016	0.	3.1245e-016	0.
1760.	3.1446e-016	0.	3.1446e-016	0.
1764.	3.1659e-016	0.	3.1659e-016	0.
1768.	3.1888e-016	0.	3.1888e-016	0.
1772.	3.2134e-016	0.	3.2134e-016	0.
1776.	3.2401e-016	0.	3.2401e-016	0.
1780.	3.2688e-016	0.	3.2688e-016	0.
1784.	3.3003e-016	0.	3.3003e-016	0.
1788.	3.3349e-016	0.	3.3349e-016	0.
1792.	3.3731e-016	0.	3.3731e-016	0.
1796.	3.4156e-016	0.	3.4156e-016	0.
1800.	3.4636e-016	0.	3.4636e-016	0.
1804.	3.5181e-016	0.	3.5181e-016	0.
1808.	3.581e-016	0.	3.581e-016	0.
1812.	3.6542e-016	0.	3.6542e-016	0.
1816.	3.741e-016	0.	3.741e-016	0.
1820.	3.8466e-016	0.	3.8466e-016	0.
1824.	3.9775e-016	0.	3.9775e-016	0.
1828.	4.1456e-016	0.	4.1456e-016	0.
1832.	4.3708e-016	0.	4.3708e-016	0.
1836.	4.6894e-016	0.	4.6894e-016	0.
1840.	5.1782e-016	0.	5.1782e-016	0.
1844.	6.0303e-016	0.	6.0303e-016	0.
1848.	7.9128e-016	0.	7.9128e-016	0.
1852.	1.5663e-015	0.	1.5663e-015	0.
1856.	1.9386e-015	180.	-1.9386e-015	0.
1860.	2.9395e-016	180.	-2.9395e-016	0.
1864.	4.1139e-017	180.	-4.1139e-017	0.
1868.	6.1871e-017	0.	6.1871e-017	0.
1872.	1.1823e-016	0.	1.1823e-016	0.
1876.	1.5402e-016	0.	1.5402e-016	0.
1880.	1.7895e-016	0.	1.7895e-016	0.
1884.	1.975e-016	0.	1.975e-016	0.
1888.	2.1196e-016	0.	2.1196e-016	0.
1892.	2.2364e-016	0.	2.2364e-016	0.
1896.	2.3338e-016	0.	2.3338e-016	0.
1900.	2.4168e-016	0.	2.4168e-016	0.
1904.	2.4896e-016	0.	2.4896e-016	0.
1908.	2.5542e-016	0.	2.5542e-016	0.
1912.	2.6124e-016	0.	2.6124e-016	0.
1916.	2.666e-016	0.	2.666e-016	0.
1920.	2.7157e-016	0.	2.7157e-016	0.
1924.	2.7624e-016	0.	2.7624e-016	0.
1928.	2.8068e-016	0.	2.8068e-016	0.
1932.	2.8495e-016	0.	2.8495e-016	0.
1936.	2.8908e-016	0.	2.8908e-016	0.
1940.	2.9313e-016	0.	2.9313e-016	0.
1944.	2.9711e-016	0.	2.9711e-016	0.
1948.	3.0107e-016	0.	3.0107e-016	0.
1952.	3.0504e-016	0.	3.0504e-016	0.
1956.	3.0903e-016	0.	3.0903e-016	0.
1960.	3.1308e-016	0.	3.1308e-016	0.
1964.	3.1721e-016	0.	3.1721e-016	0.
1968.	3.2143e-016	0.	3.2143e-016	0.
1972.	3.2581e-016	0.	3.2581e-016	0.
1976.	3.3034e-016	0.	3.3034e-016	0.
1980.	3.3508e-016	0.	3.3508e-016	0.
1984.	3.4004e-016	0.	3.4004e-016	0.
1988.	3.4526e-016	0.	3.4526e-016	0.
1992.	3.5083e-016	0.	3.5083e-016	0.
1996.	3.5675e-016	0.	3.5675e-016	0.
2000.	3.6311e-016	0.	3.6311e-016	0.
2004.	3.6996e-016	0.	3.6996e-016	0.
2008.	3.7741e-016	0.	3.7741e-016	0.
2012.	3.8555e-016	0.	3.8555e-016	0.
2016.	3.945e-016	0.	3.945e-016	0.
2020.	4.0447e-016	0.	4.0447e-016	0.
2024.	4.1557e-016	0.	4.1557e-016	0.
2028.	4.2812e-016	0.	4.2812e-016	0.
2032.	4.4245e-016	0.	4.4245e-016	0.
2036.	4.5895e-016	0.	4.5895e-016	0.
2040.	4.7827e-016	0.	4.7827e-016	0.
2044.	5.0119e-016	0.	5.0119e-016	0.
2048.	5.2893e-016	0.	5.2893e-016	0.
2052.	5.6325e-016	0.	5.6325e-016	0.
2056.	6.0682e-016	0.	6.0682e-016	0.
2060.	6.6413e-016	0.	6.6413e-016	0.
2064.	7.4318e-016	0.	7.4318e-016	0.
2068.	8.5929e-016	0.	8.5929e-016	0.
2072.	1.047e-015	0.	1.047e-015	0.
2076.	1.4021e-015	0.	1.4021e-015	0.
2080.	2.3349e-015	0.	2.3349e-015	0.
2084.	1.1643e-014	0.	1.1643e-014	0.
2088.	3.0708e-015	180.	-3.0708e-015	0.
2092.	1.1854e-015	180.	-1.1854e-015	0.
2096.	6.6286e-016	180.	-6.6286e-016	0.
2100.	4.175e-016	180.	-4.175e-016	0.
2104.	2.7482e-016	180.	-2.7482e-016	0.
2108.	1.814e-016	180.	-1.814e-016	0.
2112.	1.154e-016	180.	-1.154e-016	0.
2116.	6.628e-017	180.	-6.628e-017	0.
2120.	2.8222e-017	180.	-2.8222e-017	0.
2124.	2.1477e-018	0.	2.1477e-018	0.
2128.	2.6977e-017	0.	2.6977e-017	0.
2132.	4.7685e-017	0.	4.7685e-017	0.
2136.	6.5243e-017	0.	6.5243e-017	0.
2140.	8.0303e-017	0.	8.0303e-017	0.
2144.	9.3391e-017	0.	9.3391e-017	0.
2148.	1.0489e-016	0.	1.0489e-016	0.
2152.	1.1508e-016	0.	1.1508e-016	0.
2156.	1.2419e-016	0.	1.2419e-016	0.
2160.	1.3238e-016	0.	1.3238e-016	0.
2164.	1.398e-016	0.	1.398e-016	0.
2168.	1.4654e-016	0.	1.4654e-016	0.
2172.	1.5271e-016	0.	1.5271e-016	0.
2176.	1.5839e-016	0.	1.5839e-016	0.
2180.	1.6364e-016	0.	1.6364e-016	0.
2184.	1.685e-016	0.	1.685e-016	0.
2188.	1.7302e-016	0.	1.7302e-016	0.
2192.	1.7725e-016	0.	1.7725e-016	0.
2196.	1.812e-016	0.	1.812e-016	0.
2200.	1.8492e-016	0.	1.8492e-016	0.
2204.	1.8842e-016	0.	1.8842e-016	0.
2208.	1.9174e-016	0.	1.9174e-016	0.
2212.	1.9487e-016	0.	1.9487e-016	0.
2216.	1.9785e-016	0.	1.9785e-016	0.
2220.	2.0068e-016	0.	2.0068e-016	0.
2224.	2.0337e-016	0.	2.0337e-016	0.
2228.	2.0596e-016	0.	2.0596e-016	0.
2232.	2.0841e-016	0.	2.0841e-016	0.
2236.	2.1079e-016	0.	2.1079e-016	0.
2240.	2.1306e-016	0.	2.1306e-016	0.
2244.	2.1523e-016	0.	2.1523e-016	0.
2248.	2.1734e-016	0.	2.1734e-016	0.
2252.	2.1936e-016	0.	2.1936e-016	0.
2256.	2.2132e-016	0.	2.2132e-016	0.
2260.	2.2322e-016	0.	2.2322e-016	0.
2264.	2.2505e-016	0.	2.2505e-016	0.
2268.	2.2683e-016	0.	2.2683e-016	0.
2272.	2.2856e-016	0.	2.2856e-016	0.
2276.	2.3023e-016	0.	2.3023e-016	0.
2280.	2.3187e-016	0.	2.3187e-016	0.
2284.	2.3345e-016	0.	2.3345e-016	0.
2288.	2.3501e-016	0.	2.3501e-016	0.
2292.	2.3652e-016	0.	2.3652e-016	0.
2296.	2.38e-016	0.	2.38e-016	0.
2300.	2.3944e-016	0.	2.3944e-016	0.
2304.	2.4085e-016	0.	2.4085e-016	0.
2308.	2.4224e-016	0.	2.4224e-016	0.
2312.	2.436e-016	0.	2.436e-016	0.
2316.	2.4493e-016	0.	2.4493e-016	0.
2320.	2.4623e-016	0.	2.4623e-016	0.
2324.	2.4751e-016	0.	2.4751e-016	0.
2328.	2.4877e-016	0.	2.4877e-016	0.
2332.	2.5001e-016	0.	2.5001e-016	0.
2336.	2.5123e-016	0.	2.5123e-016	0.
2340.	2.5244e-016	0.	2.5244e-016	0.
2344.	2.5362e-016	0.	2.5362e-016	0.
2348.	2.5479e-016	0.	2.5479e-016	0.
2352.	2.5595e-016	0.	2.5595e-016	0.
2356.	2.5708e-016	0.	2.5708e-016	0.
2360.	2.5821e-016	0.	2.5821e-016	0.
2364.	2.5932e-016	0.	2.5932e-016	0.
2368.	2.6042e-016	0.	2.6042e-016	0.
2372.	2.6151e-016	0.	2.6151e-016	0.
2376.	2.6259e-016	0.	2.6259e-016	0.
2380.	2.6365e-016	0.	2.6365e-016	0.
2384.	2.6471e-016	0.	2.6471e-016	0.
2388.	2.6575e-016	0.	2.6575e-016	0.
2392.	2.6679e-016	0.	2.6679e-016	0.
2396.	2.6782e-016	0.	2.6782e-016	0.
2400.	2.6884e-016	0.	2.6884e-016	0.
2404.	2.6985e-016	0.	2.6985e-016	0.
2408.	2.7086e-016	0.	2.7086e-016	0.
2412.	2.7186e-016	0.	2.7186e-016	0.
2416.	2.7286e-016	0.	2.7286e-016	0.
2420.	2.7385e-016	0.	2.7385e-016	0.
2424.	2.7483e-016	0.	2.7483e-016	0.
2428.	2.7582e-016	0.	2.7582e-016	0.
2432.	2.7679e-016	0.	2.7679e-016	0.
2436.	2.7775e-016	0.	2.7775e-016	0.
2440.	2.7873e-016	0.	2.7873e-016	0.
2444.	2.7969e-016	0.	2.7969e-016	0.
2448.	2.8065e-016	0.	2.8065e-016	0.
2452.	2.816e-016	0.	2.816e-016	0.
2456.	2.8255e-016	0.	2.8255e-016	0.
2460.	2.835e-016	0.	2.835e-016	0.
2464.	2.8445e-016	0.	2.8445e-016	0.
2468.	2.854e-016	0.	2.854e-016	0.
2472.	2.8634e-016	0.	2.8634e-016	0.
2476.	2.8728e-016	0.	2.8728e-016	0.
2480.	2.8823e-016	0.	2.8823e-016	0.
2484.	2.8917e-016	0.	2.8917e-016	0.
2488.	2.9011e-016	0.	2.9011e-016	0.
2492.	2.9105e-016	0.	2.9105e-016	0.
2496.	2.9199e-016	0.	2.9199e-016	0.
2500.	2.9292e-016	0.	2.9292e-016	0.
2504.	2.9386e-016	0.	2.9386e-016	0.
2508.	2.948e-016	0.	2.948e-016	0.
2512.	2.9574e-016	0.	2.9574e-016	0.
2516.	2.9668e-016	0.	2.9668e-016	0.
2520.	2.9762e-016	0.	2.9762e-016	0.
2524.	2.9856e-016	0.	2.9856e-016	0.
2528.	2.995e-016	0.	2.995e-016	0.
2532.	3.0044e-016	0.	3.0044e-016	0.
2536.	3.0139e-016	0.	3.0139e-016	0.
2540.	3.0233e-016	0.	3.0233e-016	0.
2544.	3.0329e-016	0.	3.0329e-016	0.
2548.	3.0423e-016	0.	3.0423e-016	0.
2552.	3.0518e-016	0.	3.0518e-016	0.
2556.	3.0614e-016	0.	3.0614e-016	0.
2560.	3.0709e-016	0.	3.0709e-016	0.
2564.	3.0804e-016	0.	3.0804e-016	0.
2568.	3.09e-016	0.	3.09e-016	0.
2572.	3.0997e-016	0.	3.0997e-016	0.
2576.	3.1094e-016	0.	3.1094e-016	0.
2580.	3.119e-016	0.	3.119e-016	0.
2584.	3.1288e-016	0.	3.1288e-016	0.
2588.	3.1385e-016	0.	3.1385e-016	0.
2592.	3.1483e-016	0.	3.1483e-016	0.
2596.	3.1582e-016	0.	3.1582e-016	0.
2600.	3.168e-016	0.	3.168e-016	0.
2604.	3.1779e-016	0.	3.1779e-016	0.
2608.	3.1879e-016	0.	3.1879e-016	0.
2612.	3.1978e-016	0.	3.1978e-016	0.
2616.	3.2079e-016	0.	3.2079e-016	0.
2620.	3.2179e-016	0.	3.2179e-016	0.
2624.	3.228e-016	0.	3.228e-016	0.
2628.	3.2382e-016	0.	3.2382e-016	0.
2632.	3.2484e-016	0.	3.2484e-016	0.
2636.	3.2588e-016	0.	3.2588e-016	0.
2640.	3.269e-016	0.	3.269e-016	0.
2644.	3.2794e-016	0.	3.2794e-016	0.
2648.	3.2898e-016	0.	3.2898e-016	0.
2652.	3.3003e-016	0.	3.3003e-016	0.
2656.	3.3109e-016	0.	3.3109e-016	0.
2660.	3.3215e-016	0.	3.3215e-016	0.
2664.	3.3321e-016	0.	3.3321e-016	0.
2668.	3.3428e-016	0.	3.3428e-016	0.
2672.	3.3536e-016	0.	3.3536e-016	0.
2676.	3.3644e-016	0.	3.3644e-016	0.
2680.	3.3754e-016	0.	3.3754e-016	0.
2684.	3.3863e-016	0.	3.3863e-016	0.
2688.	3.3974e-016	0.	3.3974e-016	0.
2692.	3.4085e-016	0.	3.4085e-016	0.
2696.	3.4197e-016	0.	3.4197e-016	0.
2700.	3.431e-016	0.	3.431e-016	0.
2704.	3.4423e-016	0.	3.4423e-016	0.
2708.	3.4537e-016	0.	3.4537e-016	0.
2712.	3.4653e-016	0.	3.4653e-016	0.
2716.	3.4769e-016	0.	3.4769e-016	0.
2720.	3.4885e-016	0.	3.4885e-016	0.
2724.	3.5002e-016	0.	3.5002e-016	0.
2728.	3.5121e-016	0.	3.5121e-016	0.
2732.	3.524e-016	0.	3.524e-016	0.
2736.	3.536e-016	0.	3.536e-016	0.
2740.	3.5481e-016	0.	3.5481e-016	0.
2744.	3.5604e-016	0.	3.5604e-016	0.
2748.	3.5726e-016	0.	3.5726e-016	0.
2752.	3.585e-016	0.	3.585e-016	0.
2756.	3.5974e-016	0.	3.5974e-016	0.
2760.	3.6101e-016	0.	3.6101e-016	0.
2764.	3.6227e-016	0.	3.6227e-016	0.
2768.	3.6354e-016	0.	3.6354e-016	0.
2772.	3.6483e-016	0.	3.6483e-016	0.
2776.	3.6614e-016	0.	3.6614e-016	0.
2780.	3.6745e-016	0.	3.6745e-016	0.
2784.	3.6877e-016	0.	3.6877e-016	0.
2788.	3.7011e-016	0.	3.7011e-016	0.
2792.	3.7145e-016	0.	3.7145e-016	0.
2796.	3.7281e-016	0.	3.7281e-016	0.
2800.	3.7418e-016	0.	3.7418e-016	0.
2804.	3.7556e-016	0.	3.7556e-016	0.
2808.	3.7696e-016	0.	3.7696e-016	0.
2812.	3.7836e-016	0.	3.7836e-016	0.
2816.	3.7978e-016	0.	3.7978e-016	0.
2820.	3.8121e-016	0.	3.8121e-016	0.
2824.	3.8266e-016	0.	3.8266e-016	0.
2828.	3.8413e-016	0.	3.8413e-016	0.
2832.	3.856e-016	0.	3.856e-016	0.
2836.	3.8708e-016	0.	3.8708e-016	0.
2840.	3.8859e-016	0.	3.8859e-016	0.
2844.	3.9011e-016	0.	3.9011e-016	0.
2848.	3.9164e-016	0.	3.9164e-016	0.
2852.	3.932e-016	0.	3.932e-016	0.
2856.	3.9476e-016	0.	3.9476e-016	0.
2860.	3.9634e-016	0.	3.9634e-016	0.
2864.	3.9794e-016	0.	3.9794e-016	0.
2868.	3.9956e-016	0.	3.9956e-016	0.
2872.	4.0119e-016	0.	4.0119e-016	0.
2876.	4.0284e-016	0.	4.0284e-016	0.
2880.	4.0451e-016	0.	4.0451e-016	0.
2884.	4.062e-016	0.	4.062e-016	0.
2888.	4.079e-016	0.	4.079e-016	0.
2892.	4.0962e-016	0.	4.0962e-016	0.
2896.	4.1137e-016	0.	4.1137e-016	0.
2900.	4.1313e-016	0.	4.1313e-016	0.
2904.	4.1491e-016	0.	4.1491e-016	0.
2908.	4.1671e-016	0.	4.1671e-016	0.
2912.	4.1854e-016	0.	4.1854e-016	0.
2916.	4.2039e-016	0.	4.2039e-016	0.
2920.	4.2225e-016	0.	4.2225e-016	0.
2924.	4.2415e-016	0.	4.2415e-016	0.
2928.	4.2606e-016	0.	4.2606e-016	0.
2932.	4.2799e-016	0.	4.2799e-016	0.
2936.	4.2995e-016	0.	4.2995e-016	0.
2940.	4.3194e-016	0.	4.3194e-016	0.
2944.	4.3396e-016	0.	4.3396e-016	0.
2948.	4.3598e-016	0.	4.3598e-016	0.
2952.	4.3804e-016	0.	4.3804e-016	0.
2956.	4.4014e-016	0.	4.4014e-016	0.
2960.	4.4225e-016	0.	4.4225e-016	0.
2964.	4.4439e-016	0.	4.4439e-016	0.
2968.	4.4657e-016	0.	4.4657e-016	0.
2972.	4.4876e-016	0.	4.4876e-016	0.
2976.	4.5099e-016	0.	4.5099e-016	0.
2980.	4.5325e-016	0.	4.5325e-016	0.
2984.	4.5555e-016	0.	4.5555e-016	0.
2988.	4.5787e-016	0.	4.5787e-016	0.
2992.	4.6022e-016	0.	4.6022e-016	0.
2996.	4.6261e-016	0.	4.6261e-016	0.
3000.	4.6503e-016	0.	4.6503e-016	0.
3004.	4.6749e-016	0.	4.6749e-016	0.
3008.	4.6999e-016	0.	4.6999e-016	0.
3012.	4.7252e-016	0.	4.7252e-016	0.
3016.	4.7508e-016	0.	4.7508e-016	0.
3020.	4.777e-016	0.	4.777e-016	0.
3024.	4.8034e-016	0.	4.8034e-016	0.
3028.	4.8302e-016	0.	4.8302e-016	0.
3032.	4.8576e-016	0.	4.8576e-016	0.
3036.	4.8853e-016	0.	4.8853e-016	0.
3040.	4.9135e-016	0.	4.9135e-016	0.
3044.	4.942e-016	0.	4.942e-016	0.
3048.	4.9712e-016	0.	4.9712e-016	0.
3052.	5.0006e-016	0.	5.0006e-016	0.
3056.	5.0306e-016	0.	5.0306e-016	0.
3060.	5.0612e-016	0.	5.0612e-016	0.
3064.	5.0922e-016	0.	5.0922e-016	0.
3068.	5.1237e-016	0.	5.1237e-016	0.
3072.	5.1559e-016	0.	5.1559e-016	0.
3076.	5.1885e-016	0.	5.1885e-016	0.
3080.	5.2217e-016	0.	5.2217e-016	0.
3084.	5.2555e-016	0.	5.2555e-016	0.
3088.	5.2899e-016	0.	5.2899e-016	0.
3092.	5.3249e-016	0.	5.3249e-016	0.
3096.	5.3607e-016	0.	5.3607e-016	0.
3100.	5.397e-016	0.	5.397e-016	0.
3104.	5.434e-016	0.	5.434e-016	0.
3108.	5.4718e-016	0.	5.4718e-016	0.
3112.	5.5101e-016	0.	5.5101e-016	0.
3116.	5.5494e-016	0.	5.5494e-016	0.
3120.	5.5893e-016	0.	5.5893e-016	0.
3124.	5.6302e-016	0.	5.6302e-016	0.
3128.	5.6716e-016	0.	5.6716e-016	0.
3132.	5.714e-016	0.	5.714e-016	0.
3136.	5.7572e-016	0.	5.7572e-016	0.
3140.	5.8015e-016	0.	5.8015e-016	0.
3144.	5.8466e-016	0.	5.8466e-016	0.
3148.	5.8927e-016	0.	5.8927e-016	0.
3152.	5.9397e-016	0.	5.9397e-016	0.
3156.	5.9877e-016	0.	5.9877e-016	0.
3160.	6.0369e-016	0.	6.0369e-016	0.
3164.	6.0872e-016	0.	6.0872e-016	0.
3168.	6.1387e-016	0.	6.1387e-016	0.
3172.	6.1911e-016	0.	6.1911e-016	0.
3176.	6.2449e-016	0.	6.2449e-016	0.
3180.	6.3e-016	0.	6.3e-016	0.
3184.	6.3563e-016	0.	6.3563e-016	0.
3188.	6.4141e-016	0.	6.4141e-016	0.
3192.	6.4733e-016	0.	6.4733e-016	0.
3196.	6.5338e-016	0.	6.5338e-016	0.
3200.	6.5959e-016	0.	6.5959e-016	0.
3204.	6.6599e-016	0.	6.6599e-016	0.
3208.	6.7252e-016	0.	6.7252e-016	0.
3212.	6.7925e-016	0.	6.7925e-016	0.
3216.	6.8613e-016	0.	6.8613e-016	0.
3220.	6.932e-016	0.	6.932e-016	0.
3224.	7.0049e-016	0.	7.0049e-016	0.
3228.	7.0797e-016	0.	7.0797e-016	0.
3232.	7.1568e-016	0.	7.1568e-016	0.
3236.	7.2359e-016	0.	7.2359e-016	0.
3240.	7.3174e-016	0.	7.3174e-016	0.
3244.	7.4013e-016	0.	7.4013e-016	0.
3248.	7.4877e-016	0.	7.4877e-016	0.
3252.	7.5769e-016	0.	7.5769e-016	0.
3256.	7.6688e-016	0.	7.6688e-016	0.
3260.	7.7638e-016	0.	7.7638e-016	0.
3264.	7.8618e-016	0.	7.8618e-016	0.
3268.	7.963e-016	0.	7.963e-016	0.
3272.	8.0678e-016	0.	8.0678e-016	0.
3276.	8.176e-016	0.	8.176e-016	0.
3280.	8.2881e-016	0.	8.2881e-016	0.
3284.	8.4041e-016	0.	8.4041e-016	0.
3288.	8.5242e-016	0.	8.5242e-016	0.
3292.	8.6489e-016	0.	8.6489e-016	0.
3296.	8.7784e-016	0.	8.7784e-016	0.
3300.	8.9129e-016	0.	8.9129e-016	0.
3304.	9.0525e-016	0.	9.0525e-016	0.
3308.	9.1979e-016	0.	9.1979e-016	0.
3312.	9.3492e-016	0.	9.3492e-016	0.
3316.	9.507e-016	0.	9.507e-016	0.
3320.	9.6714e-016	0.	9.6714e-016	0.
3324.	9.8432e-016	0.	9.8432e-016	0.
3328.	1.0022e-015	0.	1.0022e-015	0.
3332.	1.021e-015	0.	1.021e-015	0.
3336.	1.0407e-015	0.	1.0407e-015	0.
3340.	1.0613e-015	0.	1.0613e-015	0.
3344.	1.0829e-015	0.	1.0829e-015	0.
3348.	1.1057e-015	0.	1.1057e-015	0.
3352.	1.1296e-015	0.	1.1296e-015	0.
3356.	1.1548e-015	0.	1.1548e-015	0.
3360.	1.1814e-015	0.	1.1814e-015	0.
3364.	1.2096e-015	0.	1.2096e-015	0.
3368.	1.2394e-015	0.	1.2394e-015	0.
3372.	1.271e-015	0.	1.271e-015	0.
3376.	1.3046e-015	0.	1.3046e-015	0.
3380.	1.3403e-015	0.	1.3403e-015	0.
3384.	1.3785e-015	0.	1.3785e-015	0.
3388.	1.4193e-015	0.	1.4193e-015	0.
3392.	1.463e-015	0.	1.463e-015	0.
3396.	1.51e-015	0.	1.51e-015	0.
3400.	1.5606e-015	0.	1.5606e-015	0.
3404.	1.6153e-015	0.	1.6153e-015	0.
3408.	1.6747e-015	0.	1.6747e-015	0.
3412.	1.7393e-015	0.	1.7393e-015	0.
3416.	1.8099e-015	0.	1.8099e-015	0.
3420.	1.8872e-015	0.	1.8872e-015	0.
3424.	1.9726e-015	0.	1.9726e-015	0.
3428.	2.0671e-015	0.	2.0671e-015	0.
3432.	2.1726e-015	0.	2.1726e-015	0.
3436.	2.2912e-015	0.	2.2912e-015	0.
3440.	2.4265e-015	0.	2.4265e-015	0.
3444.	2.5956e-015	0.	2.5956e-015	0.
3448.	2.727e-015	0.	2.727e-015	0.
3452.	2.9366e-015	0.	2.9366e-015	0.
3456.	3.1733e-015	0.	3.1733e-015	0.
3460.	3.453e-015	0.	3.453e-015	0.
3464.	3.7904e-015	0.	3.7904e-015	0.
3468.	4.2062e-015	0.	4.2062e-015	0.
3472.	4.7318e-015	0.	4.7318e-015	0.
3476.	5.4178e-015	0.	5.4178e-015	0.
3480.	6.3518e-015	0.	6.3518e-015	0.
3484.	7.6997e-015	0.	7.6997e-015	0.
3488.	9.8202e-015	0.	9.8202e-015	0.
3492.	1.3669e-014	0.	1.3669e-014	0.
3496.	2.2998e-014	0.	2.2998e-014	0.
3500.	8.9832e-014	0.	8.9832e-014	0.
3504.	1.4507e-014	180.	-1.4507e-014	0.
3508.	3.436e-014	180.	-3.436e-014	0.
3512.	1.5438e-014	180.	-1.5438e-014	0.
3516.	1.0327e-014	180.	-1.0327e-014	0.
3520.	7.786e-015	180.	-7.786e-015	0.
3524.	6.2445e-015	180.	-6.2445e-015	0.
3528.	5.2046e-015	180.	-5.2046e-015	0.
3532.	4.4542e-015	180.	-4.4542e-015	0.
3536.	3.8864e-015	180.	-3.8864e-015	0.
3540.	3.4417e-015	180.	-3.4417e-015	0.
3544.	3.0837e-015	180.	-3.0837e-015	0.
3548.	2.7892e-015	180.	-2.7892e-015	0.
3552.	2.5427e-015	180.	-2.5427e-015	0.
3556.	2.3332e-015	180.	-2.3332e-015	0.
3560.	2.1531e-015	180.	-2.1531e-015	0.
3564.	1.9964e-015	180.	-1.9964e-015	0.
3568.	1.8589e-015	180.	-1.8589e-015	0.
3572.	1.7373e-015	180.	-1.7373e-015	0.
3576.	1.6289e-015	180.	-1.6289e-015	0.
3580.	1.5317e-015	180.	-1.5317e-015	0.
3584.	1.444e-015	180.	-1.444e-015	0.
3588.	1.3645e-015	180.	-1.3645e-015	0.
3592.	1.2921e-015	180.	-1.2921e-015	0.
3596.	1.2259e-015	180.	-1.2259e-015	0.
3600.	1.1651e-015	180.	-1.1651e-015	0.
3604.	1.109e-015	180.	-1.109e-015	0.
3608.	1.0572e-015	180.	-1.0572e-015	0.
3612.	1.0091e-015	180.	-1.0091e-015	0.
3616.	9.644e-016	180.	-9.644e-016	0.
3620.	9.227e-016	180.	-9.227e-016	0.
3624.	8.8372e-016	180.	-8.8372e-016	0.
3628.	8.4719e-016	180.	-8.4719e-016	0.
3632.	8.1289e-016	180.	-8.1289e-016	0.
3636.	7.8062e-016	180.	-7.8062e-016	0.
3640.	7.502e-016	180.	-7.502e-016	0.
3644.	7.2148e-016	180.	-7.2148e-016	0.
3648.	6.9431e-016	180.	-6.9431e-016	0.
3652.	6.6857e-016	180.	-6.6857e-016	0.
3656.	6.4412e-016	180.	-6.4412e-016	0.
3660.	6.2093e-016	180.	-6.2093e-016	0.
3664.	5.9881e-016	180.	-5.9881e-016	0.
3668.	5.7777e-016	180.	-5.7777e-016	0.
3672.	5.577e-016	180.	-5.577e-016	0.
3676.	5.3852e-016	180.	-5.3852e-016	0.
3680.	5.2018e-016	180.	-5.2018e-016	0.
3684.	5.0262e-016	180.	-5.0262e-016	0.
3688.	4.858e-016	180.	-4.858e-016	0.
3692.	4.6966e-016	180.	-4.6966e-016	0.
3696.	4.5416e-016	180.	-4.5416e-016	0.
3700.	4.393e-016	180.	-4.393e-016	0.
3704.	4.2497e-016	180.	-4.2497e-016	0.
3708.	4.1117e-016	180.	-4.1117e-016	0.
3712.	3.979e-016	180.	-3.979e-016	0.
3716.	3.8511e-016	180.	-3.8511e-016	0.
3720.	3.7276e-016	180.	-3.7276e-016	0.
3724.	3.6082e-016	180.	-3.6082e-016	0.
3728.	3.4929e-016	180.	-3.4929e-016	0.
3732.	3.3815e-016	180.	-3.3815e-016	0.
3736.	3.2735e-016	180.	-3.2735e-016	0.
3740.	3.169e-016	180.	-3.169e-016	0.
3744.	3.0678e-016	180.	-3.0678e-016	0.
3748.	2.9696e-016	180.	-2.9696e-016	0.
3752.	2.8746e-016	180.	-2.8746e-016	0.
3756.	2.7821e-016	180.	-2.7821e-016	0.
3760.	2.6923e-016	180.	-2.6923e-016	0.
3764.	2.6052e-016	180.	-2.6052e-016	0.
3768.	2.5205e-016	180.	-2.5205e-016	0.
3772.	2.4381e-016	180.	-2.4381e-016	0.
3776.	2.3578e-016	180.	-2.3578e-016	0.
3780.	2.2797e-016	180.	-2.2797e-016	0.
3784.	2.2036e-016	180.	-2.2036e-016	0.
3788.	2.1295e-016	180.	-2.1295e-016	0.
3792.	2.0571e-016	180.	-2.0571e-016	0.
3796.	1.9866e-016	180.	-1.9866e-016	0.
3800.	1.9178e-016	180.	-1.9178e-016	0.
3804.	1.8507e-016	180.	-1.8507e-016	0.
3808.	1.785e-016	180.	-1.785e-016	0.
3812.	1.7209e-016	180.	-1.7209e-016	0.
3816.	1.6582e-016	180.	-1.6582e-016	0.
3820.	1.5969e-016	180.	-1.5969e-016	0.
3824.	1.537e-016	180.	-1.537e-016	0.
3828.	1.4783e-016	180.	-1.4783e-016	0.
3832.	1.4209e-016	180.	-1.4209e-016	0.
3836.	1.3646e-016	180.	-1.3646e-016	0.
3840.	1.3096e-016	180.	-1.3096e-016	0.
3844.	1.2556e-016	180.	-1.2556e-016	0.
3848.	1.2026e-016	180.	-1.2026e-016	0.
3852.	1.1508e-016	180.	-1.1508e-016	0.
3856.	1.0999e-016	180.	-1.0999e-016	0.
3860.	1.0499e-016	180.	-1.0499e-016	0.
3864.	1.0008e-016	180.	-1.0008e-016	0.
3868.	9.5267e-017	180.	-9.5267e-017	0.
3872.	9.0546e-017	180.	-9.0546e-017	0.
3876.	8.5893e-017	180.	-8.5893e-017	0.
3880.	8.133e-017	180.	-8.133e-017	0.
3884.	7.6838e-017	180.	-7.6838e-017	0.
3888.	7.2426e-017	180.	-7.2426e-017	0.
3892.	6.8084e-017	180.	-6.8084e-017	0.
3896.	6.3813e-017	180.	-6.3813e-017	0.
3900.	5.9606e-017	180.	-5.9606e-017	0.
3904.	5.5467e-017	180.	-5.5467e-017	0.
3908.	5.1392e-017	180.	-5.1392e-017	0.
3912.	4.7381e-017	180.	-4.7381e-017	0.
3916.	4.3424e-017	180.	-4.3424e-017	0.
3920.	3.9518e-017	180.	-3.9518e-017	0.
3924.	3.5683e-017	180.	-3.5683e-017	0.
3928.	3.1889e-017	180.	-3.1889e-017	0.
3932.	2.8154e-017	180.	-2.8154e-017	0.
3936.	2.4467e-017	180.	-2.4467e-017	0.
3940.	2.0833e-017	180.	-2.0833e-017	0.
3944.	1.7243e-017	180.	-1.7243e-017	0.
3948.	1.3696e-017	180.	-1.3696e-017	0.
3952.	1.0202e-017	180.	-1.0202e-017	0.
3956.	6.744e-018	180.	-6.744e-018	0.
3960.	3.3315e-018	180.	-3.3315e-018	0.
3964.	4.3594e-020	0.	4.3594e-020	0.
3968.	3.3845e-018	0.	3.3845e-018	0.
3972.	6.676e-018	0.	6.676e-018	0.
3976.	9.9377e-018	0.	9.9377e-018	0.
3980.	1.3159e-017	0.	1.3159e-017	0.
3984.	1.6345e-017	0.	1.6345e-017	0.
3988.	1.9501e-017	0.	1.9501e-017	0.
3992.	2.263e-017	0.	2.263e-017	0.
3996.	2.572e-017	0.	2.572e-017	0.
4000.	2.8778e-017	0.	2.8778e-017	0.
