é¸îgêî (Hz)	êUïù (mm)	à ëääp (ìx)	é¿ïî (mm)	ãïïî (mm)
4.	5.0466e-011	180.	-5.0466e-011	0.
8.	5.0468e-011	180.	-5.0468e-011	0.
12.	5.047e-011	180.	-5.047e-011	0.
16.	5.0474e-011	180.	-5.0474e-011	0.
20.	5.0479e-011	180.	-5.0479e-011	0.
24.	5.0486e-011	180.	-5.0486e-011	0.
28.	5.0493e-011	180.	-5.0493e-011	0.
32.	5.0502e-011	180.	-5.0502e-011	0.
36.	5.0511e-011	180.	-5.0511e-011	0.
40.	5.0522e-011	180.	-5.0522e-011	0.
44.	5.0534e-011	180.	-5.0534e-011	0.
48.	5.0547e-011	180.	-5.0547e-011	0.
52.	5.0561e-011	180.	-5.0561e-011	0.
56.	5.0577e-011	180.	-5.0577e-011	0.
60.	5.0593e-011	180.	-5.0593e-011	0.
64.	5.0611e-011	180.	-5.0611e-011	0.
68.	5.063e-011	180.	-5.063e-011	0.
72.	5.065e-011	180.	-5.065e-011	0.
76.	5.0671e-011	180.	-5.0671e-011	0.
80.	5.0693e-011	180.	-5.0693e-011	0.
84.	5.0716e-011	180.	-5.0716e-011	0.
88.	5.0741e-011	180.	-5.0741e-011	0.
92.	5.0767e-011	180.	-5.0767e-011	0.
96.	5.0794e-011	180.	-5.0794e-011	0.
100.	5.0822e-011	180.	-5.0822e-011	0.
104.	5.0851e-011	180.	-5.0851e-011	0.
108.	5.0881e-011	180.	-5.0881e-011	0.
112.	5.0913e-011	180.	-5.0913e-011	0.
116.	5.0945e-011	180.	-5.0945e-011	0.
120.	5.0979e-011	180.	-5.0979e-011	0.
124.	5.1014e-011	180.	-5.1014e-011	0.
128.	5.105e-011	180.	-5.105e-011	0.
132.	5.1088e-011	180.	-5.1088e-011	0.
136.	5.1126e-011	180.	-5.1126e-011	0.
140.	5.1166e-011	180.	-5.1166e-011	0.
144.	5.1207e-011	180.	-5.1207e-011	0.
148.	5.1249e-011	180.	-5.1249e-011	0.
152.	5.1292e-011	180.	-5.1292e-011	0.
156.	5.1336e-011	180.	-5.1336e-011	0.
160.	5.1382e-011	180.	-5.1382e-011	0.
164.	5.1429e-011	180.	-5.1429e-011	0.
168.	5.1477e-011	180.	-5.1477e-011	0.
172.	5.1526e-011	180.	-5.1526e-011	0.
176.	5.1577e-011	180.	-5.1577e-011	0.
180.	5.1628e-011	180.	-5.1628e-011	0.
184.	5.1681e-011	180.	-5.1681e-011	0.
188.	5.1735e-011	180.	-5.1735e-011	0.
192.	5.179e-011	180.	-5.179e-011	0.
196.	5.1847e-011	180.	-5.1847e-011	0.
200.	5.1904e-011	180.	-5.1904e-011	0.
204.	5.1963e-011	180.	-5.1963e-011	0.
208.	5.2024e-011	180.	-5.2024e-011	0.
212.	5.2085e-011	180.	-5.2085e-011	0.
216.	5.2148e-011	180.	-5.2148e-011	0.
220.	5.2211e-011	180.	-5.2211e-011	0.
224.	5.2277e-011	180.	-5.2277e-011	0.
228.	5.2343e-011	180.	-5.2343e-011	0.
232.	5.2411e-011	180.	-5.2411e-011	0.
236.	5.2479e-011	180.	-5.2479e-011	0.
240.	5.255e-011	180.	-5.255e-011	0.
244.	5.2621e-011	180.	-5.2621e-011	0.
248.	5.2694e-011	180.	-5.2694e-011	0.
252.	5.2768e-011	180.	-5.2768e-011	0.
256.	5.2843e-011	180.	-5.2843e-011	0.
260.	5.2919e-011	180.	-5.2919e-011	0.
264.	5.2997e-011	180.	-5.2997e-011	0.
268.	5.3076e-011	180.	-5.3076e-011	0.
272.	5.3157e-011	180.	-5.3157e-011	0.
276.	5.3238e-011	180.	-5.3238e-011	0.
280.	5.3321e-011	180.	-5.3321e-011	0.
284.	5.3406e-011	180.	-5.3406e-011	0.
288.	5.3491e-011	180.	-5.3491e-011	0.
292.	5.3578e-011	180.	-5.3578e-011	0.
296.	5.3667e-011	180.	-5.3667e-011	0.
300.	5.3756e-011	180.	-5.3756e-011	0.
304.	5.3847e-011	180.	-5.3847e-011	0.
308.	5.394e-011	180.	-5.394e-011	0.
312.	5.4033e-011	180.	-5.4033e-011	0.
316.	5.4129e-011	180.	-5.4129e-011	0.
320.	5.4225e-011	180.	-5.4225e-011	0.
324.	5.4323e-011	180.	-5.4323e-011	0.
328.	5.4422e-011	180.	-5.4422e-011	0.
332.	5.4523e-011	180.	-5.4523e-011	0.
336.	5.4625e-011	180.	-5.4625e-011	0.
340.	5.4728e-011	180.	-5.4728e-011	0.
344.	5.4833e-011	180.	-5.4833e-011	0.
348.	5.4939e-011	180.	-5.4939e-011	0.
352.	5.5047e-011	180.	-5.5047e-011	0.
356.	5.5156e-011	180.	-5.5156e-011	0.
360.	5.5266e-011	180.	-5.5266e-011	0.
364.	5.5378e-011	180.	-5.5378e-011	0.
368.	5.5492e-011	180.	-5.5492e-011	0.
372.	5.5607e-011	180.	-5.5607e-011	0.
376.	5.5723e-011	180.	-5.5723e-011	0.
380.	5.5841e-011	180.	-5.5841e-011	0.
384.	5.596e-011	180.	-5.596e-011	0.
388.	5.6081e-011	180.	-5.6081e-011	0.
392.	5.6203e-011	180.	-5.6203e-011	0.
396.	5.6327e-011	180.	-5.6327e-011	0.
400.	5.6452e-011	180.	-5.6452e-011	0.
404.	5.6579e-011	180.	-5.6579e-011	0.
408.	5.6708e-011	180.	-5.6708e-011	0.
412.	5.6838e-011	180.	-5.6838e-011	0.
416.	5.6969e-011	180.	-5.6969e-011	0.
420.	5.7102e-011	180.	-5.7102e-011	0.
424.	5.7237e-011	180.	-5.7237e-011	0.
428.	5.7373e-011	180.	-5.7373e-011	0.
432.	5.7511e-011	180.	-5.7511e-011	0.
436.	5.765e-011	180.	-5.765e-011	0.
440.	5.7791e-011	180.	-5.7791e-011	0.
444.	5.7934e-011	180.	-5.7934e-011	0.
448.	5.8078e-011	180.	-5.8078e-011	0.
452.	5.8224e-011	180.	-5.8224e-011	0.
456.	5.8372e-011	180.	-5.8372e-011	0.
460.	5.8521e-011	180.	-5.8521e-011	0.
464.	5.8672e-011	180.	-5.8672e-011	0.
468.	5.8825e-011	180.	-5.8825e-011	0.
472.	5.8979e-011	180.	-5.8979e-011	0.
476.	5.9135e-011	180.	-5.9135e-011	0.
480.	5.9293e-011	180.	-5.9293e-011	0.
484.	5.9452e-011	180.	-5.9452e-011	0.
488.	5.9613e-011	180.	-5.9613e-011	0.
492.	5.9776e-011	180.	-5.9776e-011	0.
496.	5.9941e-011	180.	-5.9941e-011	0.
500.	6.0107e-011	180.	-6.0107e-011	0.
504.	6.0276e-011	180.	-6.0276e-011	0.
508.	6.0446e-011	180.	-6.0446e-011	0.
512.	6.0618e-011	180.	-6.0618e-011	0.
516.	6.0791e-011	180.	-6.0791e-011	0.
520.	6.0967e-011	180.	-6.0967e-011	0.
524.	6.1144e-011	180.	-6.1144e-011	0.
528.	6.1324e-011	180.	-6.1324e-011	0.
532.	6.1505e-011	180.	-6.1505e-011	0.
536.	6.1688e-011	180.	-6.1688e-011	0.
540.	6.1873e-011	180.	-6.1873e-011	0.
544.	6.206e-011	180.	-6.206e-011	0.
548.	6.2249e-011	180.	-6.2249e-011	0.
552.	6.244e-011	180.	-6.244e-011	0.
556.	6.2632e-011	180.	-6.2632e-011	0.
560.	6.2827e-011	180.	-6.2827e-011	0.
564.	6.3024e-011	180.	-6.3024e-011	0.
568.	6.3223e-011	180.	-6.3223e-011	0.
572.	6.3423e-011	180.	-6.3423e-011	0.
576.	6.3626e-011	180.	-6.3626e-011	0.
580.	6.3831e-011	180.	-6.3831e-011	0.
584.	6.4038e-011	180.	-6.4038e-011	0.
588.	6.4247e-011	180.	-6.4247e-011	0.
592.	6.4459e-011	180.	-6.4459e-011	0.
596.	6.4672e-011	180.	-6.4672e-011	0.
600.	6.4887e-011	180.	-6.4887e-011	0.
604.	6.5105e-011	180.	-6.5105e-011	0.
608.	6.5325e-011	180.	-6.5325e-011	0.
612.	6.5547e-011	180.	-6.5547e-011	0.
616.	6.5771e-011	180.	-6.5771e-011	0.
620.	6.5998e-011	180.	-6.5998e-011	0.
624.	6.6226e-011	180.	-6.6226e-011	0.
628.	6.6457e-011	180.	-6.6457e-011	0.
632.	6.6691e-011	180.	-6.6691e-011	0.
636.	6.6926e-011	180.	-6.6926e-011	0.
640.	6.7164e-011	180.	-6.7164e-011	0.
644.	6.7404e-011	180.	-6.7404e-011	0.
648.	6.7647e-011	180.	-6.7647e-011	0.
652.	6.7892e-011	180.	-6.7892e-011	0.
656.	6.814e-011	180.	-6.814e-011	0.
660.	6.839e-011	180.	-6.839e-011	0.
664.	6.8642e-011	180.	-6.8642e-011	0.
668.	6.8897e-011	180.	-6.8897e-011	0.
672.	6.9154e-011	180.	-6.9154e-011	0.
676.	6.9414e-011	180.	-6.9414e-011	0.
680.	6.9677e-011	180.	-6.9677e-011	0.
684.	6.9942e-011	180.	-6.9942e-011	0.
688.	7.0209e-011	180.	-7.0209e-011	0.
692.	7.048e-011	180.	-7.048e-011	0.
696.	7.0752e-011	180.	-7.0752e-011	0.
700.	7.1028e-011	180.	-7.1028e-011	0.
704.	7.1306e-011	180.	-7.1306e-011	0.
708.	7.1587e-011	180.	-7.1587e-011	0.
712.	7.1871e-011	180.	-7.1871e-011	0.
716.	7.2157e-011	180.	-7.2157e-011	0.
720.	7.2447e-011	180.	-7.2447e-011	0.
724.	7.2739e-011	180.	-7.2739e-011	0.
728.	7.3034e-011	180.	-7.3034e-011	0.
732.	7.3332e-011	180.	-7.3332e-011	0.
736.	7.3632e-011	180.	-7.3632e-011	0.
740.	7.3936e-011	180.	-7.3936e-011	0.
744.	7.4243e-011	180.	-7.4243e-011	0.
748.	7.4552e-011	180.	-7.4552e-011	0.
752.	7.4865e-011	180.	-7.4865e-011	0.
756.	7.5181e-011	180.	-7.5181e-011	0.
760.	7.5499e-011	180.	-7.5499e-011	0.
764.	7.5821e-011	180.	-7.5821e-011	0.
768.	7.6146e-011	180.	-7.6146e-011	0.
772.	7.6475e-011	180.	-7.6475e-011	0.
776.	7.6806e-011	180.	-7.6806e-011	0.
780.	7.7141e-011	180.	-7.7141e-011	0.
784.	7.7479e-011	180.	-7.7479e-011	0.
788.	7.782e-011	180.	-7.782e-011	0.
792.	7.8165e-011	180.	-7.8165e-011	0.
796.	7.8513e-011	180.	-7.8513e-011	0.
800.	7.8864e-011	180.	-7.8864e-011	0.
804.	7.9219e-011	180.	-7.9219e-011	0.
808.	7.9577e-011	180.	-7.9577e-011	0.
812.	7.9939e-011	180.	-7.9939e-011	0.
816.	8.0305e-011	180.	-8.0305e-011	0.
820.	8.0674e-011	180.	-8.0674e-011	0.
824.	8.1047e-011	180.	-8.1047e-011	0.
828.	8.1423e-011	180.	-8.1423e-011	0.
832.	8.1803e-011	180.	-8.1803e-011	0.
836.	8.2187e-011	180.	-8.2187e-011	0.
840.	8.2575e-011	180.	-8.2575e-011	0.
844.	8.2966e-011	180.	-8.2966e-011	0.
848.	8.3362e-011	180.	-8.3362e-011	0.
852.	8.3761e-011	180.	-8.3761e-011	0.
856.	8.4164e-011	180.	-8.4164e-011	0.
860.	8.4572e-011	180.	-8.4572e-011	0.
864.	8.4983e-011	180.	-8.4983e-011	0.
868.	8.5399e-011	180.	-8.5399e-011	0.
872.	8.5819e-011	180.	-8.5819e-011	0.
876.	8.6243e-011	180.	-8.6243e-011	0.
880.	8.6671e-011	180.	-8.6671e-011	0.
884.	8.7103e-011	180.	-8.7103e-011	0.
888.	8.754e-011	180.	-8.754e-011	0.
892.	8.7981e-011	180.	-8.7981e-011	0.
896.	8.8427e-011	180.	-8.8427e-011	0.
900.	8.8877e-011	180.	-8.8877e-011	0.
904.	8.9332e-011	180.	-8.9332e-011	0.
908.	8.9792e-011	180.	-8.9792e-011	0.
912.	9.0256e-011	180.	-9.0256e-011	0.
916.	9.0725e-011	180.	-9.0725e-011	0.
920.	9.1198e-011	180.	-9.1198e-011	0.
924.	9.1677e-011	180.	-9.1677e-011	0.
928.	9.216e-011	180.	-9.216e-011	0.
932.	9.2649e-011	180.	-9.2649e-011	0.
936.	9.3142e-011	180.	-9.3142e-011	0.
940.	9.3641e-011	180.	-9.3641e-011	0.
944.	9.4145e-011	180.	-9.4145e-011	0.
948.	9.4654e-011	180.	-9.4654e-011	0.
952.	9.5168e-011	180.	-9.5168e-011	0.
956.	9.5687e-011	180.	-9.5687e-011	0.
960.	9.6213e-011	180.	-9.6213e-011	0.
964.	9.6743e-011	180.	-9.6743e-011	0.
968.	9.7279e-011	180.	-9.7279e-011	0.
972.	9.7821e-011	180.	-9.7821e-011	0.
976.	9.8368e-011	180.	-9.8368e-011	0.
980.	9.8922e-011	180.	-9.8922e-011	0.
984.	9.9481e-011	180.	-9.9481e-011	0.
988.	1.0005e-010	180.	-1.0005e-010	0.
992.	1.0062e-010	180.	-1.0062e-010	0.
996.	1.0119e-010	180.	-1.0119e-010	0.
1000.	1.0178e-010	180.	-1.0178e-010	0.
1004.	1.0237e-010	180.	-1.0237e-010	0.
1008.	1.0296e-010	180.	-1.0296e-010	0.
1012.	1.0357e-010	180.	-1.0357e-010	0.
1016.	1.0417e-010	180.	-1.0417e-010	0.
1020.	1.0479e-010	180.	-1.0479e-010	0.
1024.	1.0541e-010	180.	-1.0541e-010	0.
1028.	1.0604e-010	180.	-1.0604e-010	0.
1032.	1.0668e-010	180.	-1.0668e-010	0.
1036.	1.0732e-010	180.	-1.0732e-010	0.
1040.	1.0797e-010	180.	-1.0797e-010	0.
1044.	1.0863e-010	180.	-1.0863e-010	0.
1048.	1.0929e-010	180.	-1.0929e-010	0.
1052.	1.0996e-010	180.	-1.0996e-010	0.
1056.	1.1064e-010	180.	-1.1064e-010	0.
1060.	1.1133e-010	180.	-1.1133e-010	0.
1064.	1.1202e-010	180.	-1.1202e-010	0.
1068.	1.1273e-010	180.	-1.1273e-010	0.
1072.	1.1344e-010	180.	-1.1344e-010	0.
1076.	1.1416e-010	180.	-1.1416e-010	0.
1080.	1.1488e-010	180.	-1.1488e-010	0.
1084.	1.1562e-010	180.	-1.1562e-010	0.
1088.	1.1636e-010	180.	-1.1636e-010	0.
1092.	1.1711e-010	180.	-1.1711e-010	0.
1096.	1.1787e-010	180.	-1.1787e-010	0.
1100.	1.1864e-010	180.	-1.1864e-010	0.
1104.	1.1942e-010	180.	-1.1942e-010	0.
1108.	1.2021e-010	180.	-1.2021e-010	0.
1112.	1.2101e-010	180.	-1.2101e-010	0.
1116.	1.2181e-010	180.	-1.2181e-010	0.
1120.	1.2263e-010	180.	-1.2263e-010	0.
1124.	1.2345e-010	180.	-1.2345e-010	0.
1128.	1.2429e-010	180.	-1.2429e-010	0.
1132.	1.2513e-010	180.	-1.2513e-010	0.
1136.	1.2599e-010	180.	-1.2599e-010	0.
1140.	1.2685e-010	180.	-1.2685e-010	0.
1144.	1.2773e-010	180.	-1.2773e-010	0.
1148.	1.2862e-010	180.	-1.2862e-010	0.
1152.	1.2951e-010	180.	-1.2951e-010	0.
1156.	1.3042e-010	180.	-1.3042e-010	0.
1160.	1.3134e-010	180.	-1.3134e-010	0.
1164.	1.3227e-010	180.	-1.3227e-010	0.
1168.	1.3321e-010	180.	-1.3321e-010	0.
1172.	1.3417e-010	180.	-1.3417e-010	0.
1176.	1.3513e-010	180.	-1.3513e-010	0.
1180.	1.3611e-010	180.	-1.3611e-010	0.
1184.	1.371e-010	180.	-1.371e-010	0.
1188.	1.381e-010	180.	-1.381e-010	0.
1192.	1.3912e-010	180.	-1.3912e-010	0.
1196.	1.4015e-010	180.	-1.4015e-010	0.
1200.	1.4119e-010	180.	-1.4119e-010	0.
1204.	1.4225e-010	180.	-1.4225e-010	0.
1208.	1.4332e-010	180.	-1.4332e-010	0.
1212.	1.444e-010	180.	-1.444e-010	0.
1216.	1.455e-010	180.	-1.455e-010	0.
1220.	1.4661e-010	180.	-1.4661e-010	0.
1224.	1.4773e-010	180.	-1.4773e-010	0.
1228.	1.4887e-010	180.	-1.4887e-010	0.
1232.	1.5003e-010	180.	-1.5003e-010	0.
1236.	1.512e-010	180.	-1.512e-010	0.
1240.	1.5239e-010	180.	-1.5239e-010	0.
1244.	1.5359e-010	180.	-1.5359e-010	0.
1248.	1.5481e-010	180.	-1.5481e-010	0.
1252.	1.5605e-010	180.	-1.5605e-010	0.
1256.	1.5731e-010	180.	-1.5731e-010	0.
1260.	1.5858e-010	180.	-1.5858e-010	0.
1264.	1.5987e-010	180.	-1.5987e-010	0.
1268.	1.6117e-010	180.	-1.6117e-010	0.
1272.	1.625e-010	180.	-1.625e-010	0.
1276.	1.6384e-010	180.	-1.6384e-010	0.
1280.	1.6521e-010	180.	-1.6521e-010	0.
1284.	1.6659e-010	180.	-1.6659e-010	0.
1288.	1.6799e-010	180.	-1.6799e-010	0.
1292.	1.6941e-010	180.	-1.6941e-010	0.
1296.	1.7086e-010	180.	-1.7086e-010	0.
1300.	1.7232e-010	180.	-1.7232e-010	0.
1304.	1.7381e-010	180.	-1.7381e-010	0.
1308.	1.7532e-010	180.	-1.7532e-010	0.
1312.	1.7685e-010	180.	-1.7685e-010	0.
1316.	1.784e-010	180.	-1.784e-010	0.
1320.	1.7998e-010	180.	-1.7998e-010	0.
1324.	1.8158e-010	180.	-1.8158e-010	0.
1328.	1.8321e-010	180.	-1.8321e-010	0.
1332.	1.8486e-010	180.	-1.8486e-010	0.
1336.	1.8653e-010	180.	-1.8653e-010	0.
1340.	1.8824e-010	180.	-1.8824e-010	0.
1344.	1.8996e-010	180.	-1.8996e-010	0.
1348.	1.9172e-010	180.	-1.9172e-010	0.
1352.	1.9351e-010	180.	-1.9351e-010	0.
1356.	1.9532e-010	180.	-1.9532e-010	0.
1360.	1.9716e-010	180.	-1.9716e-010	0.
1364.	1.9903e-010	180.	-1.9903e-010	0.
1368.	2.0094e-010	180.	-2.0094e-010	0.
1372.	2.0287e-010	180.	-2.0287e-010	0.
1376.	2.0484e-010	180.	-2.0484e-010	0.
1380.	2.0683e-010	180.	-2.0683e-010	0.
1384.	2.0887e-010	180.	-2.0887e-010	0.
1388.	2.1093e-010	180.	-2.1093e-010	0.
1392.	2.1304e-010	180.	-2.1304e-010	0.
1396.	2.1518e-010	180.	-2.1518e-010	0.
1400.	2.1735e-010	180.	-2.1735e-010	0.
1404.	2.1956e-010	180.	-2.1956e-010	0.
1408.	2.2182e-010	180.	-2.2182e-010	0.
1412.	2.2411e-010	180.	-2.2411e-010	0.
1416.	2.2644e-010	180.	-2.2644e-010	0.
1420.	2.2882e-010	180.	-2.2882e-010	0.
1424.	2.3124e-010	180.	-2.3124e-010	0.
1428.	2.337e-010	180.	-2.337e-010	0.
1432.	2.3621e-010	180.	-2.3621e-010	0.
1436.	2.3876e-010	180.	-2.3876e-010	0.
1440.	2.4137e-010	180.	-2.4137e-010	0.
1444.	2.4402e-010	180.	-2.4402e-010	0.
1448.	2.4672e-010	180.	-2.4672e-010	0.
1452.	2.4948e-010	180.	-2.4948e-010	0.
1456.	2.5229e-010	180.	-2.5229e-010	0.
1460.	2.5516e-010	180.	-2.5516e-010	0.
1464.	2.5808e-010	180.	-2.5808e-010	0.
1468.	2.6106e-010	180.	-2.6106e-010	0.
1472.	2.641e-010	180.	-2.641e-010	0.
1476.	2.672e-010	180.	-2.672e-010	0.
1480.	2.7037e-010	180.	-2.7037e-010	0.
1484.	2.736e-010	180.	-2.736e-010	0.
1488.	2.769e-010	180.	-2.769e-010	0.
1492.	2.8027e-010	180.	-2.8027e-010	0.
1496.	2.8371e-010	180.	-2.8371e-010	0.
1500.	2.8723e-010	180.	-2.8723e-010	0.
1504.	2.9082e-010	180.	-2.9082e-010	0.
1508.	2.945e-010	180.	-2.945e-010	0.
1512.	2.9825e-010	180.	-2.9825e-010	0.
1516.	3.021e-010	180.	-3.021e-010	0.
1520.	3.0602e-010	180.	-3.0602e-010	0.
1524.	3.1004e-010	180.	-3.1004e-010	0.
1528.	3.1416e-010	180.	-3.1416e-010	0.
1532.	3.1837e-010	180.	-3.1837e-010	0.
1536.	3.2268e-010	180.	-3.2268e-010	0.
1540.	3.271e-010	180.	-3.271e-010	0.
1544.	3.3162e-010	180.	-3.3162e-010	0.
1548.	3.3626e-010	180.	-3.3626e-010	0.
1552.	3.4102e-010	180.	-3.4102e-010	0.
1556.	3.4589e-010	180.	-3.4589e-010	0.
1560.	3.5089e-010	180.	-3.5089e-010	0.
1564.	3.5602e-010	180.	-3.5602e-010	0.
1568.	3.6129e-010	180.	-3.6129e-010	0.
1572.	3.667e-010	180.	-3.667e-010	0.
1576.	3.7226e-010	180.	-3.7226e-010	0.
1580.	3.7797e-010	180.	-3.7797e-010	0.
1584.	3.8384e-010	180.	-3.8384e-010	0.
1588.	3.8987e-010	180.	-3.8987e-010	0.
1592.	3.9608e-010	180.	-3.9608e-010	0.
1596.	4.0247e-010	180.	-4.0247e-010	0.
1600.	4.0905e-010	180.	-4.0905e-010	0.
1604.	4.1583e-010	180.	-4.1583e-010	0.
1608.	4.2282e-010	180.	-4.2282e-010	0.
1612.	4.3002e-010	180.	-4.3002e-010	0.
1616.	4.3746e-010	180.	-4.3746e-010	0.
1620.	4.4513e-010	180.	-4.4513e-010	0.
1624.	4.5305e-010	180.	-4.5305e-010	0.
1628.	4.6124e-010	180.	-4.6124e-010	0.
1632.	4.697e-010	180.	-4.697e-010	0.
1636.	4.7845e-010	180.	-4.7845e-010	0.
1640.	4.8752e-010	180.	-4.8752e-010	0.
1644.	4.969e-010	180.	-4.969e-010	0.
1648.	5.0663e-010	180.	-5.0663e-010	0.
1652.	5.1672e-010	180.	-5.1672e-010	0.
1656.	5.272e-010	180.	-5.272e-010	0.
1660.	5.3808e-010	180.	-5.3808e-010	0.
1664.	5.4939e-010	180.	-5.4939e-010	0.
1668.	5.6115e-010	180.	-5.6115e-010	0.
1672.	5.7341e-010	180.	-5.7341e-010	0.
1676.	5.8618e-010	180.	-5.8618e-010	0.
1680.	5.995e-010	180.	-5.995e-010	0.
1684.	6.1341e-010	180.	-6.1341e-010	0.
1688.	6.2795e-010	180.	-6.2795e-010	0.
1692.	6.4317e-010	180.	-6.4317e-010	0.
1696.	6.5911e-010	180.	-6.5911e-010	0.
1700.	6.7583e-010	180.	-6.7583e-010	0.
1704.	6.9339e-010	180.	-6.9339e-010	0.
1708.	7.1185e-010	180.	-7.1185e-010	0.
1712.	7.313e-010	180.	-7.313e-010	0.
1716.	7.5181e-010	180.	-7.5181e-010	0.
1720.	7.7348e-010	180.	-7.7348e-010	0.
1724.	7.9641e-010	180.	-7.9641e-010	0.
1728.	8.2071e-010	180.	-8.2071e-010	0.
1732.	8.4652e-010	180.	-8.4652e-010	0.
1736.	8.7399e-010	180.	-8.7399e-010	0.
1740.	9.0328e-010	180.	-9.0328e-010	0.
1744.	9.346e-010	180.	-9.346e-010	0.
1748.	9.6816e-010	180.	-9.6816e-010	0.
1752.	1.0042e-009	180.	-1.0042e-009	0.
1756.	1.0431e-009	180.	-1.0431e-009	0.
1760.	1.0851e-009	180.	-1.0851e-009	0.
1764.	1.1307e-009	180.	-1.1307e-009	0.
1768.	1.1804e-009	180.	-1.1804e-009	0.
1772.	1.2346e-009	180.	-1.2346e-009	0.
1776.	1.2942e-009	180.	-1.2942e-009	0.
1780.	1.36e-009	180.	-1.36e-009	0.
1784.	1.4331e-009	180.	-1.4331e-009	0.
1788.	1.5146e-009	180.	-1.5146e-009	0.
1792.	1.6063e-009	180.	-1.6063e-009	0.
1796.	1.7102e-009	180.	-1.7102e-009	0.
1800.	1.8289e-009	180.	-1.8289e-009	0.
1804.	1.9661e-009	180.	-1.9661e-009	0.
1808.	2.1264e-009	180.	-2.1264e-009	0.
1812.	2.3162e-009	180.	-2.3162e-009	0.
1816.	2.5448e-009	180.	-2.5448e-009	0.
1820.	2.8257e-009	180.	-2.8257e-009	0.
1824.	3.1792e-009	180.	-3.1792e-009	0.
1828.	3.6383e-009	180.	-3.6383e-009	0.
1832.	4.2588e-009	180.	-4.2588e-009	0.
1836.	5.1454e-009	180.	-5.1454e-009	0.
1840.	6.5172e-009	180.	-6.5172e-009	0.
1844.	8.9258e-009	180.	-8.9258e-009	0.
1848.	1.427e-008	180.	-1.427e-008	0.
1852.	3.6358e-008	180.	-3.6358e-008	0.
1856.	6.3514e-008	0.	6.3514e-008	0.
1860.	1.6737e-008	0.	1.6737e-008	0.
1864.	9.5611e-009	0.	9.5611e-009	0.
1868.	6.6505e-009	0.	6.6505e-009	0.
1872.	5.0716e-009	0.	5.0716e-009	0.
1876.	4.0791e-009	0.	4.0791e-009	0.
1880.	3.3965e-009	0.	3.3965e-009	0.
1884.	2.8973e-009	0.	2.8973e-009	0.
1888.	2.5156e-009	0.	2.5156e-009	0.
1892.	2.2137e-009	0.	2.2137e-009	0.
1896.	1.9683e-009	0.	1.9683e-009	0.
1900.	1.7645e-009	0.	1.7645e-009	0.
1904.	1.592e-009	0.	1.592e-009	0.
1908.	1.4437e-009	0.	1.4437e-009	0.
1912.	1.3144e-009	0.	1.3144e-009	0.
1916.	1.2003e-009	0.	1.2003e-009	0.
1920.	1.0986e-009	0.	1.0986e-009	0.
1924.	1.0069e-009	0.	1.0069e-009	0.
1928.	9.235e-010	0.	9.235e-010	0.
1932.	8.4699e-010	0.	8.4699e-010	0.
1936.	7.7621e-010	0.	7.7621e-010	0.
1940.	7.1022e-010	0.	7.1022e-010	0.
1944.	6.4821e-010	0.	6.4821e-010	0.
1948.	5.8953e-010	0.	5.8953e-010	0.
1952.	5.3358e-010	0.	5.3358e-010	0.
1956.	4.7985e-010	0.	4.7985e-010	0.
1960.	4.2789e-010	0.	4.2789e-010	0.
1964.	3.7727e-010	0.	3.7727e-010	0.
1968.	3.2761e-010	0.	3.2761e-010	0.
1972.	2.7855e-010	0.	2.7855e-010	0.
1976.	2.2973e-010	0.	2.2973e-010	0.
1980.	1.8078e-010	0.	1.8078e-010	0.
1984.	1.3135e-010	0.	1.3135e-010	0.
1988.	8.1058e-011	0.	8.1058e-011	0.
1992.	2.9498e-011	0.	2.9498e-011	0.
1996.	2.3775e-011	180.	-2.3775e-011	0.
2000.	7.9256e-011	180.	-7.9256e-011	0.
2004.	1.3751e-010	180.	-1.3751e-010	0.
2008.	1.9919e-010	180.	-1.9919e-010	0.
2012.	2.6508e-010	180.	-2.6508e-010	0.
2016.	3.3609e-010	180.	-3.3609e-010	0.
2020.	4.1339e-010	180.	-4.1339e-010	0.
2024.	4.9837e-010	180.	-4.9837e-010	0.
2028.	5.9285e-010	180.	-5.9285e-010	0.
2032.	6.9913e-010	180.	-6.9913e-010	0.
2036.	8.2028e-010	180.	-8.2028e-010	0.
2040.	9.6041e-010	180.	-9.6041e-010	0.
2044.	1.1252e-009	180.	-1.1252e-009	0.
2048.	1.3229e-009	180.	-1.3229e-009	0.
2052.	1.5654e-009	180.	-1.5654e-009	0.
2056.	1.8715e-009	180.	-1.8715e-009	0.
2060.	2.2716e-009	180.	-2.2716e-009	0.
2064.	2.819e-009	180.	-2.819e-009	0.
2068.	3.617e-009	180.	-3.617e-009	0.
2072.	4.8934e-009	180.	-4.8934e-009	0.
2076.	7.2722e-009	180.	-7.2722e-009	0.
2080.	1.3292e-008	180.	-1.3292e-008	0.
2084.	5.743e-008	180.	-5.743e-008	0.
2088.	2.6127e-008	0.	2.6127e-008	0.
2092.	1.1106e-008	0.	1.1106e-008	0.
2096.	7.187e-009	0.	7.187e-009	0.
2100.	5.3812e-009	0.	5.3812e-009	0.
2104.	4.3412e-009	0.	4.3412e-009	0.
2108.	3.6641e-009	0.	3.6641e-009	0.
2112.	3.1877e-009	0.	3.1877e-009	0.
2116.	2.8338e-009	0.	2.8338e-009	0.
2120.	2.5602e-009	0.	2.5602e-009	0.
2124.	2.3422e-009	0.	2.3422e-009	0.
2128.	2.1642e-009	0.	2.1642e-009	0.
2132.	2.016e-009	0.	2.016e-009	0.
2136.	1.8906e-009	0.	1.8906e-009	0.
2140.	1.783e-009	0.	1.783e-009	0.
2144.	1.6896e-009	0.	1.6896e-009	0.
2148.	1.6077e-009	0.	1.6077e-009	0.
2152.	1.5353e-009	0.	1.5353e-009	0.
2156.	1.4707e-009	0.	1.4707e-009	0.
2160.	1.4128e-009	0.	1.4128e-009	0.
2164.	1.3604e-009	0.	1.3604e-009	0.
2168.	1.3129e-009	0.	1.3129e-009	0.
2172.	1.2696e-009	0.	1.2696e-009	0.
2176.	1.2299e-009	0.	1.2299e-009	0.
2180.	1.1934e-009	0.	1.1934e-009	0.
2184.	1.1597e-009	0.	1.1597e-009	0.
2188.	1.1284e-009	0.	1.1284e-009	0.
2192.	1.0994e-009	0.	1.0994e-009	0.
2196.	1.0723e-009	0.	1.0723e-009	0.
2200.	1.047e-009	0.	1.047e-009	0.
2204.	1.0233e-009	0.	1.0233e-009	0.
2208.	1.0011e-009	0.	1.0011e-009	0.
2212.	9.8015e-010	0.	9.8015e-010	0.
2216.	9.6042e-010	0.	9.6042e-010	0.
2220.	9.4179e-010	0.	9.4179e-010	0.
2224.	9.2416e-010	0.	9.2416e-010	0.
2228.	9.0745e-010	0.	9.0745e-010	0.
2232.	8.9159e-010	0.	8.9159e-010	0.
2236.	8.7653e-010	0.	8.7653e-010	0.
2240.	8.6219e-010	0.	8.6219e-010	0.
2244.	8.4852e-010	0.	8.4852e-010	0.
2248.	8.3549e-010	0.	8.3549e-010	0.
2252.	8.2304e-010	0.	8.2304e-010	0.
2256.	8.1114e-010	0.	8.1114e-010	0.
2260.	7.9975e-010	0.	7.9975e-010	0.
2264.	7.8884e-010	0.	7.8884e-010	0.
2268.	7.7838e-010	0.	7.7838e-010	0.
2272.	7.6834e-010	0.	7.6834e-010	0.
2276.	7.587e-010	0.	7.587e-010	0.
2280.	7.4943e-010	0.	7.4943e-010	0.
2284.	7.4052e-010	0.	7.4052e-010	0.
2288.	7.3194e-010	0.	7.3194e-010	0.
2292.	7.2368e-010	0.	7.2368e-010	0.
2296.	7.1572e-010	0.	7.1572e-010	0.
2300.	7.0804e-010	0.	7.0804e-010	0.
2304.	7.0063e-010	0.	7.0063e-010	0.
2308.	6.9348e-010	0.	6.9348e-010	0.
2312.	6.8657e-010	0.	6.8657e-010	0.
2316.	6.7989e-010	0.	6.7989e-010	0.
2320.	6.7344e-010	0.	6.7344e-010	0.
2324.	6.6719e-010	0.	6.6719e-010	0.
2328.	6.6115e-010	0.	6.6115e-010	0.
2332.	6.553e-010	0.	6.553e-010	0.
2336.	6.4964e-010	0.	6.4964e-010	0.
2340.	6.4415e-010	0.	6.4415e-010	0.
2344.	6.3883e-010	0.	6.3883e-010	0.
2348.	6.3367e-010	0.	6.3367e-010	0.
2352.	6.2867e-010	0.	6.2867e-010	0.
2356.	6.2381e-010	0.	6.2381e-010	0.
2360.	6.1911e-010	0.	6.1911e-010	0.
2364.	6.1454e-010	0.	6.1454e-010	0.
2368.	6.101e-010	0.	6.101e-010	0.
2372.	6.0579e-010	0.	6.0579e-010	0.
2376.	6.016e-010	0.	6.016e-010	0.
2380.	5.9753e-010	0.	5.9753e-010	0.
2384.	5.9358e-010	0.	5.9358e-010	0.
2388.	5.8974e-010	0.	5.8974e-010	0.
2392.	5.8601e-010	0.	5.8601e-010	0.
2396.	5.8237e-010	0.	5.8237e-010	0.
2400.	5.7884e-010	0.	5.7884e-010	0.
2404.	5.7541e-010	0.	5.7541e-010	0.
2408.	5.7207e-010	0.	5.7207e-010	0.
2412.	5.6882e-010	0.	5.6882e-010	0.
2416.	5.6566e-010	0.	5.6566e-010	0.
2420.	5.6258e-010	0.	5.6258e-010	0.
2424.	5.5958e-010	0.	5.5958e-010	0.
2428.	5.5667e-010	0.	5.5667e-010	0.
2432.	5.5383e-010	0.	5.5383e-010	0.
2436.	5.5107e-010	0.	5.5107e-010	0.
2440.	5.4839e-010	0.	5.4839e-010	0.
2444.	5.4577e-010	0.	5.4577e-010	0.
2448.	5.4323e-010	0.	5.4323e-010	0.
2452.	5.4075e-010	0.	5.4075e-010	0.
2456.	5.3834e-010	0.	5.3834e-010	0.
2460.	5.3599e-010	0.	5.3599e-010	0.
2464.	5.3371e-010	0.	5.3371e-010	0.
2468.	5.3148e-010	0.	5.3148e-010	0.
2472.	5.2932e-010	0.	5.2932e-010	0.
2476.	5.2721e-010	0.	5.2721e-010	0.
2480.	5.2516e-010	0.	5.2516e-010	0.
2484.	5.2317e-010	0.	5.2317e-010	0.
2488.	5.2123e-010	0.	5.2123e-010	0.
2492.	5.1934e-010	0.	5.1934e-010	0.
2496.	5.1751e-010	0.	5.1751e-010	0.
2500.	5.1573e-010	0.	5.1573e-010	0.
2504.	5.1399e-010	0.	5.1399e-010	0.
2508.	5.123e-010	0.	5.123e-010	0.
2512.	5.1067e-010	0.	5.1067e-010	0.
2516.	5.0907e-010	0.	5.0907e-010	0.
2520.	5.0753e-010	0.	5.0753e-010	0.
2524.	5.0603e-010	0.	5.0603e-010	0.
2528.	5.0457e-010	0.	5.0457e-010	0.
2532.	5.0315e-010	0.	5.0315e-010	0.
2536.	5.0178e-010	0.	5.0178e-010	0.
2540.	5.0045e-010	0.	5.0045e-010	0.
2544.	4.9916e-010	0.	4.9916e-010	0.
2548.	4.9791e-010	0.	4.9791e-010	0.
2552.	4.967e-010	0.	4.967e-010	0.
2556.	4.9552e-010	0.	4.9552e-010	0.
2560.	4.9439e-010	0.	4.9439e-010	0.
2564.	4.9329e-010	0.	4.9329e-010	0.
2568.	4.9223e-010	0.	4.9223e-010	0.
2572.	4.9121e-010	0.	4.9121e-010	0.
2576.	4.9022e-010	0.	4.9022e-010	0.
2580.	4.8927e-010	0.	4.8927e-010	0.
2584.	4.8835e-010	0.	4.8835e-010	0.
2588.	4.8747e-010	0.	4.8747e-010	0.
2592.	4.8662e-010	0.	4.8662e-010	0.
2596.	4.8581e-010	0.	4.8581e-010	0.
2600.	4.8502e-010	0.	4.8502e-010	0.
2604.	4.8427e-010	0.	4.8427e-010	0.
2608.	4.8356e-010	0.	4.8356e-010	0.
2612.	4.8287e-010	0.	4.8287e-010	0.
2616.	4.8221e-010	0.	4.8221e-010	0.
2620.	4.8159e-010	0.	4.8159e-010	0.
2624.	4.81e-010	0.	4.81e-010	0.
2628.	4.8044e-010	0.	4.8044e-010	0.
2632.	4.7991e-010	0.	4.7991e-010	0.
2636.	4.794e-010	0.	4.794e-010	0.
2640.	4.7893e-010	0.	4.7893e-010	0.
2644.	4.7849e-010	0.	4.7849e-010	0.
2648.	4.7808e-010	0.	4.7808e-010	0.
2652.	4.7769e-010	0.	4.7769e-010	0.
2656.	4.7734e-010	0.	4.7734e-010	0.
2660.	4.7701e-010	0.	4.7701e-010	0.
2664.	4.7671e-010	0.	4.7671e-010	0.
2668.	4.7644e-010	0.	4.7644e-010	0.
2672.	4.762e-010	0.	4.762e-010	0.
2676.	4.7598e-010	0.	4.7598e-010	0.
2680.	4.758e-010	0.	4.758e-010	0.
2684.	4.7564e-010	0.	4.7564e-010	0.
2688.	4.7551e-010	0.	4.7551e-010	0.
2692.	4.754e-010	0.	4.754e-010	0.
2696.	4.7533e-010	0.	4.7533e-010	0.
2700.	4.7528e-010	0.	4.7528e-010	0.
2704.	4.7525e-010	0.	4.7525e-010	0.
2708.	4.7526e-010	0.	4.7526e-010	0.
2712.	4.7529e-010	0.	4.7529e-010	0.
2716.	4.7535e-010	0.	4.7535e-010	0.
2720.	4.7543e-010	0.	4.7543e-010	0.
2724.	4.7554e-010	0.	4.7554e-010	0.
2728.	4.7568e-010	0.	4.7568e-010	0.
2732.	4.7585e-010	0.	4.7585e-010	0.
2736.	4.7604e-010	0.	4.7604e-010	0.
2740.	4.7626e-010	0.	4.7626e-010	0.
2744.	4.765e-010	0.	4.765e-010	0.
2748.	4.7678e-010	0.	4.7678e-010	0.
2752.	4.7708e-010	0.	4.7708e-010	0.
2756.	4.774e-010	0.	4.774e-010	0.
2760.	4.7776e-010	0.	4.7776e-010	0.
2764.	4.7814e-010	0.	4.7814e-010	0.
2768.	4.7854e-010	0.	4.7854e-010	0.
2772.	4.7898e-010	0.	4.7898e-010	0.
2776.	4.7944e-010	0.	4.7944e-010	0.
2780.	4.7993e-010	0.	4.7993e-010	0.
2784.	4.8044e-010	0.	4.8044e-010	0.
2788.	4.8099e-010	0.	4.8099e-010	0.
2792.	4.8156e-010	0.	4.8156e-010	0.
2796.	4.8216e-010	0.	4.8216e-010	0.
2800.	4.8279e-010	0.	4.8279e-010	0.
2804.	4.8344e-010	0.	4.8344e-010	0.
2808.	4.8412e-010	0.	4.8412e-010	0.
2812.	4.8484e-010	0.	4.8484e-010	0.
2816.	4.8558e-010	0.	4.8558e-010	0.
2820.	4.8635e-010	0.	4.8635e-010	0.
2824.	4.8715e-010	0.	4.8715e-010	0.
2828.	4.8797e-010	0.	4.8797e-010	0.
2832.	4.8883e-010	0.	4.8883e-010	0.
2836.	4.8972e-010	0.	4.8972e-010	0.
2840.	4.9064e-010	0.	4.9064e-010	0.
2844.	4.9159e-010	0.	4.9159e-010	0.
2848.	4.9256e-010	0.	4.9256e-010	0.
2852.	4.9357e-010	0.	4.9357e-010	0.
2856.	4.9461e-010	0.	4.9461e-010	0.
2860.	4.9569e-010	0.	4.9569e-010	0.
2864.	4.9679e-010	0.	4.9679e-010	0.
2868.	4.9793e-010	0.	4.9793e-010	0.
2872.	4.991e-010	0.	4.991e-010	0.
2876.	5.003e-010	0.	5.003e-010	0.
2880.	5.0153e-010	0.	5.0153e-010	0.
2884.	5.028e-010	0.	5.028e-010	0.
2888.	5.041e-010	0.	5.041e-010	0.
2892.	5.0544e-010	0.	5.0544e-010	0.
2896.	5.0681e-010	0.	5.0681e-010	0.
2900.	5.0822e-010	0.	5.0822e-010	0.
2904.	5.0967e-010	0.	5.0967e-010	0.
2908.	5.1115e-010	0.	5.1115e-010	0.
2912.	5.1266e-010	0.	5.1266e-010	0.
2916.	5.1422e-010	0.	5.1422e-010	0.
2920.	5.1581e-010	0.	5.1581e-010	0.
2924.	5.1744e-010	0.	5.1744e-010	0.
2928.	5.1911e-010	0.	5.1911e-010	0.
2932.	5.2083e-010	0.	5.2083e-010	0.
2936.	5.2258e-010	0.	5.2258e-010	0.
2940.	5.2437e-010	0.	5.2437e-010	0.
2944.	5.262e-010	0.	5.262e-010	0.
2948.	5.2808e-010	0.	5.2808e-010	0.
2952.	5.3e-010	0.	5.3e-010	0.
2956.	5.3196e-010	0.	5.3196e-010	0.
2960.	5.3397e-010	0.	5.3397e-010	0.
2964.	5.3603e-010	0.	5.3603e-010	0.
2968.	5.3813e-010	0.	5.3813e-010	0.
2972.	5.4028e-010	0.	5.4028e-010	0.
2976.	5.4247e-010	0.	5.4247e-010	0.
2980.	5.4472e-010	0.	5.4472e-010	0.
2984.	5.4701e-010	0.	5.4701e-010	0.
2988.	5.4936e-010	0.	5.4936e-010	0.
2992.	5.5176e-010	0.	5.5176e-010	0.
2996.	5.5421e-010	0.	5.5421e-010	0.
3000.	5.5672e-010	0.	5.5672e-010	0.
3004.	5.5928e-010	0.	5.5928e-010	0.
3008.	5.619e-010	0.	5.619e-010	0.
3012.	5.6457e-010	0.	5.6457e-010	0.
3016.	5.6731e-010	0.	5.6731e-010	0.
3020.	5.701e-010	0.	5.701e-010	0.
3024.	5.7296e-010	0.	5.7296e-010	0.
3028.	5.7588e-010	0.	5.7588e-010	0.
3032.	5.7886e-010	0.	5.7886e-010	0.
3036.	5.8191e-010	0.	5.8191e-010	0.
3040.	5.8503e-010	0.	5.8503e-010	0.
3044.	5.8822e-010	0.	5.8822e-010	0.
3048.	5.9147e-010	0.	5.9147e-010	0.
3052.	5.948e-010	0.	5.948e-010	0.
3056.	5.9821e-010	0.	5.9821e-010	0.
3060.	6.0169e-010	0.	6.0169e-010	0.
3064.	6.0525e-010	0.	6.0525e-010	0.
3068.	6.0889e-010	0.	6.0889e-010	0.
3072.	6.1261e-010	0.	6.1261e-010	0.
3076.	6.1641e-010	0.	6.1641e-010	0.
3080.	6.203e-010	0.	6.203e-010	0.
3084.	6.2428e-010	0.	6.2428e-010	0.
3088.	6.2836e-010	0.	6.2836e-010	0.
3092.	6.3252e-010	0.	6.3252e-010	0.
3096.	6.3679e-010	0.	6.3679e-010	0.
3100.	6.4115e-010	0.	6.4115e-010	0.
3104.	6.4561e-010	0.	6.4561e-010	0.
3108.	6.5018e-010	0.	6.5018e-010	0.
3112.	6.5486e-010	0.	6.5486e-010	0.
3116.	6.5965e-010	0.	6.5965e-010	0.
3120.	6.6456e-010	0.	6.6456e-010	0.
3124.	6.6958e-010	0.	6.6958e-010	0.
3128.	6.7472e-010	0.	6.7472e-010	0.
3132.	6.7999e-010	0.	6.7999e-010	0.
3136.	6.8539e-010	0.	6.8539e-010	0.
3140.	6.9093e-010	0.	6.9093e-010	0.
3144.	6.966e-010	0.	6.966e-010	0.
3148.	7.0242e-010	0.	7.0242e-010	0.
3152.	7.0838e-010	0.	7.0838e-010	0.
3156.	7.145e-010	0.	7.145e-010	0.
3160.	7.2078e-010	0.	7.2078e-010	0.
3164.	7.2722e-010	0.	7.2722e-010	0.
3168.	7.3382e-010	0.	7.3382e-010	0.
3172.	7.4061e-010	0.	7.4061e-010	0.
3176.	7.4757e-010	0.	7.4757e-010	0.
3180.	7.5473e-010	0.	7.5473e-010	0.
3184.	7.6208e-010	0.	7.6208e-010	0.
3188.	7.6963e-010	0.	7.6963e-010	0.
3192.	7.7739e-010	0.	7.7739e-010	0.
3196.	7.8538e-010	0.	7.8538e-010	0.
3200.	7.9359e-010	0.	7.9359e-010	0.
3204.	8.0203e-010	0.	8.0203e-010	0.
3208.	8.1073e-010	0.	8.1073e-010	0.
3212.	8.1968e-010	0.	8.1968e-010	0.
3216.	8.2889e-010	0.	8.2889e-010	0.
3220.	8.3839e-010	0.	8.3839e-010	0.
3224.	8.4817e-010	0.	8.4817e-010	0.
3228.	8.5826e-010	0.	8.5826e-010	0.
3232.	8.6867e-010	0.	8.6867e-010	0.
3236.	8.794e-010	0.	8.794e-010	0.
3240.	8.9049e-010	0.	8.9049e-010	0.
3244.	9.0193e-010	0.	9.0193e-010	0.
3248.	9.1375e-010	0.	9.1375e-010	0.
3252.	9.2597e-010	0.	9.2597e-010	0.
3256.	9.3861e-010	0.	9.3861e-010	0.
3260.	9.5169e-010	0.	9.5169e-010	0.
3264.	9.6522e-010	0.	9.6522e-010	0.
3268.	9.7924e-010	0.	9.7924e-010	0.
3272.	9.9377e-010	0.	9.9377e-010	0.
3276.	1.0088e-009	0.	1.0088e-009	0.
3280.	1.0245e-009	0.	1.0245e-009	0.
3284.	1.0407e-009	0.	1.0407e-009	0.
3288.	1.0575e-009	0.	1.0575e-009	0.
3292.	1.0751e-009	0.	1.0751e-009	0.
3296.	1.0933e-009	0.	1.0933e-009	0.
3300.	1.1123e-009	0.	1.1123e-009	0.
3304.	1.1321e-009	0.	1.1321e-009	0.
3308.	1.1527e-009	0.	1.1527e-009	0.
3312.	1.1742e-009	0.	1.1742e-009	0.
3316.	1.1966e-009	0.	1.1966e-009	0.
3320.	1.2201e-009	0.	1.2201e-009	0.
3324.	1.2447e-009	0.	1.2447e-009	0.
3328.	1.2705e-009	0.	1.2705e-009	0.
3332.	1.2975e-009	0.	1.2975e-009	0.
3336.	1.3258e-009	0.	1.3258e-009	0.
3340.	1.3556e-009	0.	1.3556e-009	0.
3344.	1.3869e-009	0.	1.3869e-009	0.
3348.	1.4199e-009	0.	1.4199e-009	0.
3352.	1.4548e-009	0.	1.4548e-009	0.
3356.	1.4916e-009	0.	1.4916e-009	0.
3360.	1.5305e-009	0.	1.5305e-009	0.
3364.	1.5717e-009	0.	1.5717e-009	0.
3368.	1.6155e-009	0.	1.6155e-009	0.
3372.	1.6621e-009	0.	1.6621e-009	0.
3376.	1.7117e-009	0.	1.7117e-009	0.
3380.	1.7647e-009	0.	1.7647e-009	0.
3384.	1.8214e-009	0.	1.8214e-009	0.
3388.	1.8822e-009	0.	1.8822e-009	0.
3392.	1.9476e-009	0.	1.9476e-009	0.
3396.	2.0181e-009	0.	2.0181e-009	0.
3400.	2.0944e-009	0.	2.0944e-009	0.
3404.	2.1772e-009	0.	2.1772e-009	0.
3408.	2.2673e-009	0.	2.2673e-009	0.
3412.	2.3659e-009	0.	2.3659e-009	0.
3416.	2.4742e-009	0.	2.4742e-009	0.
3420.	2.5938e-009	0.	2.5938e-009	0.
3424.	2.7269e-009	0.	2.7269e-009	0.
3428.	2.8762e-009	0.	2.8762e-009	0.
3432.	3.0459e-009	0.	3.0459e-009	0.
3436.	3.2442e-009	0.	3.2442e-009	0.
3440.	3.4965e-009	0.	3.4965e-009	0.
3444.	4.1969e-009	0.	4.1969e-009	0.
3448.	3.798e-009	0.	3.798e-009	0.
3452.	4.1582e-009	0.	4.1582e-009	0.
3456.	4.5509e-009	0.	4.5509e-009	0.
3460.	5.0087e-009	0.	5.0087e-009	0.
3464.	5.5621e-009	0.	5.5621e-009	0.
3468.	6.2498e-009	0.	6.2498e-009	0.
3472.	7.1306e-009	0.	7.1306e-009	0.
3476.	8.3006e-009	0.	8.3006e-009	0.
3480.	9.9301e-009	0.	9.9301e-009	0.
3484.	1.2353e-008	0.	1.2353e-008	0.
3488.	1.6324e-008	0.	1.6324e-008	0.
3492.	2.3962e-008	0.	2.3962e-008	0.
3496.	4.4213e-008	0.	4.4213e-008	0.
3500.	2.1336e-007	0.	2.1336e-007	0.
3504.	1.2566e-007	180.	-1.2566e-007	0.
3508.	4.109e-009	180.	-4.109e-009	0.
3512.	1.2881e-008	180.	-1.2881e-008	0.
3516.	1.0863e-008	180.	-1.0863e-008	0.
3520.	9.0318e-009	180.	-9.0318e-009	0.
3524.	7.659e-009	180.	-7.659e-009	0.
3528.	6.6247e-009	180.	-6.6247e-009	0.
3532.	5.8256e-009	180.	-5.8256e-009	0.
3536.	5.1926e-009	180.	-5.1926e-009	0.
3540.	4.6798e-009	180.	-4.6798e-009	0.
3544.	4.2565e-009	180.	-4.2565e-009	0.
3548.	3.9013e-009	180.	-3.9013e-009	0.
3552.	3.5993e-009	180.	-3.5993e-009	0.
3556.	3.3394e-009	180.	-3.3394e-009	0.
3560.	3.1135e-009	180.	-3.1135e-009	0.
3564.	2.9152e-009	180.	-2.9152e-009	0.
3568.	2.7399e-009	180.	-2.7399e-009	0.
3572.	2.5838e-009	180.	-2.5838e-009	0.
3576.	2.4439e-009	180.	-2.4439e-009	0.
3580.	2.3178e-009	180.	-2.3178e-009	0.
3584.	2.2037e-009	180.	-2.2037e-009	0.
3588.	2.0997e-009	180.	-2.0997e-009	0.
3592.	2.0048e-009	180.	-2.0048e-009	0.
3596.	1.9177e-009	180.	-1.9177e-009	0.
3600.	1.8375e-009	180.	-1.8375e-009	0.
3604.	1.7635e-009	180.	-1.7635e-009	0.
3608.	1.6949e-009	180.	-1.6949e-009	0.
3612.	1.6312e-009	180.	-1.6312e-009	0.
3616.	1.5718e-009	180.	-1.5718e-009	0.
3620.	1.5164e-009	180.	-1.5164e-009	0.
3624.	1.4646e-009	180.	-1.4646e-009	0.
3628.	1.416e-009	180.	-1.416e-009	0.
3632.	1.3703e-009	180.	-1.3703e-009	0.
3636.	1.3273e-009	180.	-1.3273e-009	0.
3640.	1.2868e-009	180.	-1.2868e-009	0.
3644.	1.2485e-009	180.	-1.2485e-009	0.
3648.	1.2122e-009	180.	-1.2122e-009	0.
3652.	1.1779e-009	180.	-1.1779e-009	0.
3656.	1.1454e-009	180.	-1.1454e-009	0.
3660.	1.1145e-009	180.	-1.1145e-009	0.
3664.	1.085e-009	180.	-1.085e-009	0.
3668.	1.057e-009	180.	-1.057e-009	0.
3672.	1.0303e-009	180.	-1.0303e-009	0.
3676.	1.0048e-009	180.	-1.0048e-009	0.
3680.	9.8047e-010	180.	-9.8047e-010	0.
3684.	9.5717e-010	180.	-9.5717e-010	0.
3688.	9.3487e-010	180.	-9.3487e-010	0.
3692.	9.1351e-010	180.	-9.1351e-010	0.
3696.	8.9301e-010	180.	-8.9301e-010	0.
3700.	8.7334e-010	180.	-8.7334e-010	0.
3704.	8.5445e-010	180.	-8.5445e-010	0.
3708.	8.3628e-010	180.	-8.3628e-010	0.
3712.	8.1881e-010	180.	-8.1881e-010	0.
3716.	8.0198e-010	180.	-8.0198e-010	0.
3720.	7.8577e-010	180.	-7.8577e-010	0.
3724.	7.7015e-010	180.	-7.7015e-010	0.
3728.	7.5507e-010	180.	-7.5507e-010	0.
3732.	7.4052e-010	180.	-7.4052e-010	0.
3736.	7.2646e-010	180.	-7.2646e-010	0.
3740.	7.1288e-010	180.	-7.1288e-010	0.
3744.	6.9974e-010	180.	-6.9974e-010	0.
3748.	6.8703e-010	180.	-6.8703e-010	0.
3752.	6.7473e-010	180.	-6.7473e-010	0.
3756.	6.6282e-010	180.	-6.6282e-010	0.
3760.	6.5127e-010	180.	-6.5127e-010	0.
3764.	6.4008e-010	180.	-6.4008e-010	0.
3768.	6.2922e-010	180.	-6.2922e-010	0.
3772.	6.1869e-010	180.	-6.1869e-010	0.
3776.	6.0847e-010	180.	-6.0847e-010	0.
3780.	5.9854e-010	180.	-5.9854e-010	0.
3784.	5.8889e-010	180.	-5.8889e-010	0.
3788.	5.7951e-010	180.	-5.7951e-010	0.
3792.	5.704e-010	180.	-5.704e-010	0.
3796.	5.6153e-010	180.	-5.6153e-010	0.
3800.	5.529e-010	180.	-5.529e-010	0.
3804.	5.445e-010	180.	-5.445e-010	0.
3808.	5.3632e-010	180.	-5.3632e-010	0.
3812.	5.2835e-010	180.	-5.2835e-010	0.
3816.	5.2059e-010	180.	-5.2059e-010	0.
3820.	5.1302e-010	180.	-5.1302e-010	0.
3824.	5.0565e-010	180.	-5.0565e-010	0.
3828.	4.9845e-010	180.	-4.9845e-010	0.
3832.	4.9143e-010	180.	-4.9143e-010	0.
3836.	4.8458e-010	180.	-4.8458e-010	0.
3840.	4.7789e-010	180.	-4.7789e-010	0.
3844.	4.7136e-010	180.	-4.7136e-010	0.
3848.	4.6498e-010	180.	-4.6498e-010	0.
3852.	4.5875e-010	180.	-4.5875e-010	0.
3856.	4.5266e-010	180.	-4.5266e-010	0.
3860.	4.467e-010	180.	-4.467e-010	0.
3864.	4.4088e-010	180.	-4.4088e-010	0.
3868.	4.3519e-010	180.	-4.3519e-010	0.
3872.	4.2962e-010	180.	-4.2962e-010	0.
3876.	4.2417e-010	180.	-4.2417e-010	0.
3880.	4.1884e-010	180.	-4.1884e-010	0.
3884.	4.1362e-010	180.	-4.1362e-010	0.
3888.	4.0851e-010	180.	-4.0851e-010	0.
3892.	4.035e-010	180.	-4.035e-010	0.
3896.	3.986e-010	180.	-3.986e-010	0.
3900.	3.9379e-010	180.	-3.9379e-010	0.
3904.	3.8909e-010	180.	-3.8909e-010	0.
3908.	3.8447e-010	180.	-3.8447e-010	0.
3912.	3.7995e-010	180.	-3.7995e-010	0.
3916.	3.7551e-010	180.	-3.7551e-010	0.
3920.	3.7116e-010	180.	-3.7116e-010	0.
3924.	3.6689e-010	180.	-3.6689e-010	0.
3928.	3.6271e-010	180.	-3.6271e-010	0.
3932.	3.586e-010	180.	-3.586e-010	0.
3936.	3.5456e-010	180.	-3.5456e-010	0.
3940.	3.506e-010	180.	-3.506e-010	0.
3944.	3.4672e-010	180.	-3.4672e-010	0.
3948.	3.429e-010	180.	-3.429e-010	0.
3952.	3.3915e-010	180.	-3.3915e-010	0.
3956.	3.3547e-010	180.	-3.3547e-010	0.
3960.	3.3185e-010	180.	-3.3185e-010	0.
3964.	3.2829e-010	180.	-3.2829e-010	0.
3968.	3.248e-010	180.	-3.248e-010	0.
3972.	3.2136e-010	180.	-3.2136e-010	0.
3976.	3.1799e-010	180.	-3.1799e-010	0.
3980.	3.1467e-010	180.	-3.1467e-010	0.
3984.	3.114e-010	180.	-3.114e-010	0.
3988.	3.0819e-010	180.	-3.0819e-010	0.
3992.	3.0503e-010	180.	-3.0503e-010	0.
3996.	3.0192e-010	180.	-3.0192e-010	0.
4000.	2.9886e-010	180.	-2.9886e-010	0.
