é¸îgêî (Hz)	êUïù (m)	à ëääp (ìx)	é¿ïî (m)	ãïïî (m)
4.	1.6384e-012	0.	1.6384e-012	0.
8.	1.6384e-012	0.	1.6384e-012	0.
12.	1.6384e-012	0.	1.6384e-012	0.
16.	1.6384e-012	0.	1.6384e-012	0.
20.	1.6384e-012	0.	1.6384e-012	0.
24.	1.6384e-012	0.	1.6384e-012	0.
28.	1.6385e-012	0.	1.6385e-012	0.
32.	1.6385e-012	0.	1.6385e-012	0.
36.	1.6385e-012	0.	1.6385e-012	0.
40.	1.6386e-012	0.	1.6386e-012	0.
44.	1.6386e-012	0.	1.6386e-012	0.
48.	1.6387e-012	0.	1.6387e-012	0.
52.	1.6387e-012	0.	1.6387e-012	0.
56.	1.6388e-012	0.	1.6388e-012	0.
60.	1.6389e-012	0.	1.6389e-012	0.
64.	1.6389e-012	0.	1.6389e-012	0.
68.	1.639e-012	0.	1.639e-012	0.
72.	1.6391e-012	0.	1.6391e-012	0.
76.	1.6392e-012	0.	1.6392e-012	0.
80.	1.6393e-012	0.	1.6393e-012	0.
84.	1.6394e-012	0.	1.6394e-012	0.
88.	1.6395e-012	0.	1.6395e-012	0.
92.	1.6396e-012	0.	1.6396e-012	0.
96.	1.6397e-012	0.	1.6397e-012	0.
100.	1.6398e-012	0.	1.6398e-012	0.
104.	1.6399e-012	0.	1.6399e-012	0.
108.	1.64e-012	0.	1.64e-012	0.
112.	1.6402e-012	0.	1.6402e-012	0.
116.	1.6403e-012	0.	1.6403e-012	0.
120.	1.6404e-012	0.	1.6404e-012	0.
124.	1.6406e-012	0.	1.6406e-012	0.
128.	1.6407e-012	0.	1.6407e-012	0.
132.	1.6409e-012	0.	1.6409e-012	0.
136.	1.641e-012	0.	1.641e-012	0.
140.	1.6412e-012	0.	1.6412e-012	0.
144.	1.6414e-012	0.	1.6414e-012	0.
148.	1.6415e-012	0.	1.6415e-012	0.
152.	1.6417e-012	0.	1.6417e-012	0.
156.	1.6419e-012	0.	1.6419e-012	0.
160.	1.6421e-012	0.	1.6421e-012	0.
164.	1.6423e-012	0.	1.6423e-012	0.
168.	1.6425e-012	0.	1.6425e-012	0.
172.	1.6427e-012	0.	1.6427e-012	0.
176.	1.6429e-012	0.	1.6429e-012	0.
180.	1.6431e-012	0.	1.6431e-012	0.
184.	1.6433e-012	0.	1.6433e-012	0.
188.	1.6435e-012	0.	1.6435e-012	0.
192.	1.6437e-012	0.	1.6437e-012	0.
196.	1.644e-012	0.	1.644e-012	0.
200.	1.6442e-012	0.	1.6442e-012	0.
204.	1.6444e-012	0.	1.6444e-012	0.
208.	1.6447e-012	0.	1.6447e-012	0.
212.	1.6449e-012	0.	1.6449e-012	0.
216.	1.6452e-012	0.	1.6452e-012	0.
220.	1.6454e-012	0.	1.6454e-012	0.
224.	1.6457e-012	0.	1.6457e-012	0.
228.	1.646e-012	0.	1.646e-012	0.
232.	1.6462e-012	0.	1.6462e-012	0.
236.	1.6465e-012	0.	1.6465e-012	0.
240.	1.6468e-012	0.	1.6468e-012	0.
244.	1.6471e-012	0.	1.6471e-012	0.
248.	1.6474e-012	0.	1.6474e-012	0.
252.	1.6477e-012	0.	1.6477e-012	0.
256.	1.648e-012	0.	1.648e-012	0.
260.	1.6483e-012	0.	1.6483e-012	0.
264.	1.6486e-012	0.	1.6486e-012	0.
268.	1.6489e-012	0.	1.6489e-012	0.
272.	1.6492e-012	0.	1.6492e-012	0.
276.	1.6495e-012	0.	1.6495e-012	0.
280.	1.6499e-012	0.	1.6499e-012	0.
284.	1.6502e-012	0.	1.6502e-012	0.
288.	1.6505e-012	0.	1.6505e-012	0.
292.	1.6509e-012	0.	1.6509e-012	0.
296.	1.6512e-012	0.	1.6512e-012	0.
300.	1.6516e-012	0.	1.6516e-012	0.
304.	1.652e-012	0.	1.652e-012	0.
308.	1.6523e-012	0.	1.6523e-012	0.
312.	1.6527e-012	0.	1.6527e-012	0.
316.	1.6531e-012	0.	1.6531e-012	0.
320.	1.6535e-012	0.	1.6535e-012	0.
324.	1.6538e-012	0.	1.6538e-012	0.
328.	1.6542e-012	0.	1.6542e-012	0.
332.	1.6546e-012	0.	1.6546e-012	0.
336.	1.655e-012	0.	1.655e-012	0.
340.	1.6554e-012	0.	1.6554e-012	0.
344.	1.6559e-012	0.	1.6559e-012	0.
348.	1.6563e-012	0.	1.6563e-012	0.
352.	1.6567e-012	0.	1.6567e-012	0.
356.	1.6571e-012	0.	1.6571e-012	0.
360.	1.6576e-012	0.	1.6576e-012	0.
364.	1.658e-012	0.	1.658e-012	0.
368.	1.6584e-012	0.	1.6584e-012	0.
372.	1.6589e-012	0.	1.6589e-012	0.
376.	1.6593e-012	0.	1.6593e-012	0.
380.	1.6598e-012	0.	1.6598e-012	0.
384.	1.6603e-012	0.	1.6603e-012	0.
388.	1.6607e-012	0.	1.6607e-012	0.
392.	1.6612e-012	0.	1.6612e-012	0.
396.	1.6617e-012	0.	1.6617e-012	0.
400.	1.6622e-012	0.	1.6622e-012	0.
404.	1.6627e-012	0.	1.6627e-012	0.
408.	1.6632e-012	0.	1.6632e-012	0.
412.	1.6637e-012	0.	1.6637e-012	0.
416.	1.6642e-012	0.	1.6642e-012	0.
420.	1.6647e-012	0.	1.6647e-012	0.
424.	1.6652e-012	0.	1.6652e-012	0.
428.	1.6658e-012	0.	1.6658e-012	0.
432.	1.6663e-012	0.	1.6663e-012	0.
436.	1.6668e-012	0.	1.6668e-012	0.
440.	1.6674e-012	0.	1.6674e-012	0.
444.	1.6679e-012	0.	1.6679e-012	0.
448.	1.6685e-012	0.	1.6685e-012	0.
452.	1.669e-012	0.	1.669e-012	0.
456.	1.6696e-012	0.	1.6696e-012	0.
460.	1.6702e-012	0.	1.6702e-012	0.
464.	1.6708e-012	0.	1.6708e-012	0.
468.	1.6713e-012	0.	1.6713e-012	0.
472.	1.6719e-012	0.	1.6719e-012	0.
476.	1.6725e-012	0.	1.6725e-012	0.
480.	1.6731e-012	0.	1.6731e-012	0.
484.	1.6737e-012	0.	1.6737e-012	0.
488.	1.6744e-012	0.	1.6744e-012	0.
492.	1.675e-012	0.	1.675e-012	0.
496.	1.6756e-012	0.	1.6756e-012	0.
500.	1.6762e-012	0.	1.6762e-012	0.
504.	1.6769e-012	0.	1.6769e-012	0.
508.	1.6775e-012	0.	1.6775e-012	0.
512.	1.6782e-012	0.	1.6782e-012	0.
516.	1.6788e-012	0.	1.6788e-012	0.
520.	1.6795e-012	0.	1.6795e-012	0.
524.	1.6802e-012	0.	1.6802e-012	0.
528.	1.6808e-012	0.	1.6808e-012	0.
532.	1.6815e-012	0.	1.6815e-012	0.
536.	1.6822e-012	0.	1.6822e-012	0.
540.	1.6829e-012	0.	1.6829e-012	0.
544.	1.6836e-012	0.	1.6836e-012	0.
548.	1.6843e-012	0.	1.6843e-012	0.
552.	1.685e-012	0.	1.685e-012	0.
556.	1.6857e-012	0.	1.6857e-012	0.
560.	1.6864e-012	0.	1.6864e-012	0.
564.	1.6872e-012	0.	1.6872e-012	0.
568.	1.6879e-012	0.	1.6879e-012	0.
572.	1.6887e-012	0.	1.6887e-012	0.
576.	1.6894e-012	0.	1.6894e-012	0.
580.	1.6902e-012	0.	1.6902e-012	0.
584.	1.6909e-012	0.	1.6909e-012	0.
588.	1.6917e-012	0.	1.6917e-012	0.
592.	1.6925e-012	0.	1.6925e-012	0.
596.	1.6933e-012	0.	1.6933e-012	0.
600.	1.6941e-012	0.	1.6941e-012	0.
604.	1.6949e-012	0.	1.6949e-012	0.
608.	1.6957e-012	0.	1.6957e-012	0.
612.	1.6965e-012	0.	1.6965e-012	0.
616.	1.6973e-012	0.	1.6973e-012	0.
620.	1.6981e-012	0.	1.6981e-012	0.
624.	1.699e-012	0.	1.699e-012	0.
628.	1.6998e-012	0.	1.6998e-012	0.
632.	1.7006e-012	0.	1.7006e-012	0.
636.	1.7015e-012	0.	1.7015e-012	0.
640.	1.7024e-012	0.	1.7024e-012	0.
644.	1.7032e-012	0.	1.7032e-012	0.
648.	1.7041e-012	0.	1.7041e-012	0.
652.	1.705e-012	0.	1.705e-012	0.
656.	1.7059e-012	0.	1.7059e-012	0.
660.	1.7068e-012	0.	1.7068e-012	0.
664.	1.7077e-012	0.	1.7077e-012	0.
668.	1.7086e-012	0.	1.7086e-012	0.
672.	1.7095e-012	0.	1.7095e-012	0.
676.	1.7104e-012	0.	1.7104e-012	0.
680.	1.7114e-012	0.	1.7114e-012	0.
684.	1.7123e-012	0.	1.7123e-012	0.
688.	1.7133e-012	0.	1.7133e-012	0.
692.	1.7142e-012	0.	1.7142e-012	0.
696.	1.7152e-012	0.	1.7152e-012	0.
700.	1.7162e-012	0.	1.7162e-012	0.
704.	1.7172e-012	0.	1.7172e-012	0.
708.	1.7181e-012	0.	1.7181e-012	0.
712.	1.7191e-012	0.	1.7191e-012	0.
716.	1.7202e-012	0.	1.7202e-012	0.
720.	1.7212e-012	0.	1.7212e-012	0.
724.	1.7222e-012	0.	1.7222e-012	0.
728.	1.7232e-012	0.	1.7232e-012	0.
732.	1.7243e-012	0.	1.7243e-012	0.
736.	1.7253e-012	0.	1.7253e-012	0.
740.	1.7264e-012	0.	1.7264e-012	0.
744.	1.7274e-012	0.	1.7274e-012	0.
748.	1.7285e-012	0.	1.7285e-012	0.
752.	1.7296e-012	0.	1.7296e-012	0.
756.	1.7307e-012	0.	1.7307e-012	0.
760.	1.7318e-012	0.	1.7318e-012	0.
764.	1.7329e-012	0.	1.7329e-012	0.
768.	1.734e-012	0.	1.734e-012	0.
772.	1.7351e-012	0.	1.7351e-012	0.
776.	1.7363e-012	0.	1.7363e-012	0.
780.	1.7374e-012	0.	1.7374e-012	0.
784.	1.7386e-012	0.	1.7386e-012	0.
788.	1.7397e-012	0.	1.7397e-012	0.
792.	1.7409e-012	0.	1.7409e-012	0.
796.	1.7421e-012	0.	1.7421e-012	0.
800.	1.7433e-012	0.	1.7433e-012	0.
804.	1.7445e-012	0.	1.7445e-012	0.
808.	1.7457e-012	0.	1.7457e-012	0.
812.	1.7469e-012	0.	1.7469e-012	0.
816.	1.7481e-012	0.	1.7481e-012	0.
820.	1.7494e-012	0.	1.7494e-012	0.
824.	1.7506e-012	0.	1.7506e-012	0.
828.	1.7519e-012	0.	1.7519e-012	0.
832.	1.7531e-012	0.	1.7531e-012	0.
836.	1.7544e-012	0.	1.7544e-012	0.
840.	1.7557e-012	0.	1.7557e-012	0.
844.	1.757e-012	0.	1.757e-012	0.
848.	1.7583e-012	0.	1.7583e-012	0.
852.	1.7596e-012	0.	1.7596e-012	0.
856.	1.7609e-012	0.	1.7609e-012	0.
860.	1.7623e-012	0.	1.7623e-012	0.
864.	1.7636e-012	0.	1.7636e-012	0.
868.	1.765e-012	0.	1.765e-012	0.
872.	1.7664e-012	0.	1.7664e-012	0.
876.	1.7678e-012	0.	1.7678e-012	0.
880.	1.7692e-012	0.	1.7692e-012	0.
884.	1.7706e-012	0.	1.7706e-012	0.
888.	1.772e-012	0.	1.772e-012	0.
892.	1.7734e-012	0.	1.7734e-012	0.
896.	1.7748e-012	0.	1.7748e-012	0.
900.	1.7763e-012	0.	1.7763e-012	0.
904.	1.7778e-012	0.	1.7778e-012	0.
908.	1.7792e-012	0.	1.7792e-012	0.
912.	1.7807e-012	0.	1.7807e-012	0.
916.	1.7822e-012	0.	1.7822e-012	0.
920.	1.7837e-012	0.	1.7837e-012	0.
924.	1.7853e-012	0.	1.7853e-012	0.
928.	1.7868e-012	0.	1.7868e-012	0.
932.	1.7883e-012	0.	1.7883e-012	0.
936.	1.7899e-012	0.	1.7899e-012	0.
940.	1.7915e-012	0.	1.7915e-012	0.
944.	1.7931e-012	0.	1.7931e-012	0.
948.	1.7947e-012	0.	1.7947e-012	0.
952.	1.7963e-012	0.	1.7963e-012	0.
956.	1.7979e-012	0.	1.7979e-012	0.
960.	1.7995e-012	0.	1.7995e-012	0.
964.	1.8012e-012	0.	1.8012e-012	0.
968.	1.8028e-012	0.	1.8028e-012	0.
972.	1.8045e-012	0.	1.8045e-012	0.
976.	1.8062e-012	0.	1.8062e-012	0.
980.	1.8079e-012	0.	1.8079e-012	0.
984.	1.8096e-012	0.	1.8096e-012	0.
988.	1.8114e-012	0.	1.8114e-012	0.
992.	1.8131e-012	0.	1.8131e-012	0.
996.	1.8149e-012	0.	1.8149e-012	0.
1000.	1.8167e-012	0.	1.8167e-012	0.
1004.	1.8185e-012	0.	1.8185e-012	0.
1008.	1.8203e-012	0.	1.8203e-012	0.
1012.	1.8221e-012	0.	1.8221e-012	0.
1016.	1.824e-012	0.	1.824e-012	0.
1020.	1.8258e-012	0.	1.8258e-012	0.
1024.	1.8277e-012	0.	1.8277e-012	0.
1028.	1.8296e-012	0.	1.8296e-012	0.
1032.	1.8315e-012	0.	1.8315e-012	0.
1036.	1.8334e-012	0.	1.8334e-012	0.
1040.	1.8353e-012	0.	1.8353e-012	0.
1044.	1.8373e-012	0.	1.8373e-012	0.
1048.	1.8393e-012	0.	1.8393e-012	0.
1052.	1.8412e-012	0.	1.8412e-012	0.
1056.	1.8433e-012	0.	1.8433e-012	0.
1060.	1.8453e-012	0.	1.8453e-012	0.
1064.	1.8473e-012	0.	1.8473e-012	0.
1068.	1.8494e-012	0.	1.8494e-012	0.
1072.	1.8515e-012	0.	1.8515e-012	0.
1076.	1.8536e-012	0.	1.8536e-012	0.
1080.	1.8557e-012	0.	1.8557e-012	0.
1084.	1.8578e-012	0.	1.8578e-012	0.
1088.	1.86e-012	0.	1.86e-012	0.
1092.	1.8621e-012	0.	1.8621e-012	0.
1096.	1.8643e-012	0.	1.8643e-012	0.
1100.	1.8665e-012	0.	1.8665e-012	0.
1104.	1.8688e-012	0.	1.8688e-012	0.
1108.	1.871e-012	0.	1.871e-012	0.
1112.	1.8733e-012	0.	1.8733e-012	0.
1116.	1.8756e-012	0.	1.8756e-012	0.
1120.	1.8779e-012	0.	1.8779e-012	0.
1124.	1.8802e-012	0.	1.8802e-012	0.
1128.	1.8826e-012	0.	1.8826e-012	0.
1132.	1.885e-012	0.	1.885e-012	0.
1136.	1.8874e-012	0.	1.8874e-012	0.
1140.	1.8898e-012	0.	1.8898e-012	0.
1144.	1.8923e-012	0.	1.8923e-012	0.
1148.	1.8947e-012	0.	1.8947e-012	0.
1152.	1.8972e-012	0.	1.8972e-012	0.
1156.	1.8997e-012	0.	1.8997e-012	0.
1160.	1.9023e-012	0.	1.9023e-012	0.
1164.	1.9049e-012	0.	1.9049e-012	0.
1168.	1.9075e-012	0.	1.9075e-012	0.
1172.	1.9101e-012	0.	1.9101e-012	0.
1176.	1.9127e-012	0.	1.9127e-012	0.
1180.	1.9154e-012	0.	1.9154e-012	0.
1184.	1.9181e-012	0.	1.9181e-012	0.
1188.	1.9208e-012	0.	1.9208e-012	0.
1192.	1.9236e-012	0.	1.9236e-012	0.
1196.	1.9264e-012	0.	1.9264e-012	0.
1200.	1.9292e-012	0.	1.9292e-012	0.
1204.	1.932e-012	0.	1.932e-012	0.
1208.	1.9349e-012	0.	1.9349e-012	0.
1212.	1.9378e-012	0.	1.9378e-012	0.
1216.	1.9407e-012	0.	1.9407e-012	0.
1220.	1.9437e-012	0.	1.9437e-012	0.
1224.	1.9466e-012	0.	1.9466e-012	0.
1228.	1.9497e-012	0.	1.9497e-012	0.
1232.	1.9527e-012	0.	1.9527e-012	0.
1236.	1.9558e-012	0.	1.9558e-012	0.
1240.	1.9589e-012	0.	1.9589e-012	0.
1244.	1.9621e-012	0.	1.9621e-012	0.
1248.	1.9653e-012	0.	1.9653e-012	0.
1252.	1.9685e-012	0.	1.9685e-012	0.
1256.	1.9718e-012	0.	1.9718e-012	0.
1260.	1.975e-012	0.	1.975e-012	0.
1264.	1.9784e-012	0.	1.9784e-012	0.
1268.	1.9817e-012	0.	1.9817e-012	0.
1272.	1.9852e-012	0.	1.9852e-012	0.
1276.	1.9886e-012	0.	1.9886e-012	0.
1280.	1.9921e-012	0.	1.9921e-012	0.
1284.	1.9956e-012	0.	1.9956e-012	0.
1288.	1.9992e-012	0.	1.9992e-012	0.
1292.	2.0028e-012	0.	2.0028e-012	0.
1296.	2.0064e-012	0.	2.0064e-012	0.
1300.	2.0101e-012	0.	2.0101e-012	0.
1304.	2.0139e-012	0.	2.0139e-012	0.
1308.	2.0177e-012	0.	2.0177e-012	0.
1312.	2.0215e-012	0.	2.0215e-012	0.
1316.	2.0254e-012	0.	2.0254e-012	0.
1320.	2.0293e-012	0.	2.0293e-012	0.
1324.	2.0333e-012	0.	2.0333e-012	0.
1328.	2.0373e-012	0.	2.0373e-012	0.
1332.	2.0414e-012	0.	2.0414e-012	0.
1336.	2.0455e-012	0.	2.0455e-012	0.
1340.	2.0497e-012	0.	2.0497e-012	0.
1344.	2.0539e-012	0.	2.0539e-012	0.
1348.	2.0582e-012	0.	2.0582e-012	0.
1352.	2.0626e-012	0.	2.0626e-012	0.
1356.	2.067e-012	0.	2.067e-012	0.
1360.	2.0715e-012	0.	2.0715e-012	0.
1364.	2.076e-012	0.	2.076e-012	0.
1368.	2.0806e-012	0.	2.0806e-012	0.
1372.	2.0852e-012	0.	2.0852e-012	0.
1376.	2.0899e-012	0.	2.0899e-012	0.
1380.	2.0947e-012	0.	2.0947e-012	0.
1384.	2.0996e-012	0.	2.0996e-012	0.
1388.	2.1045e-012	0.	2.1045e-012	0.
1392.	2.1095e-012	0.	2.1095e-012	0.
1396.	2.1145e-012	0.	2.1145e-012	0.
1400.	2.1197e-012	0.	2.1197e-012	0.
1404.	2.1249e-012	0.	2.1249e-012	0.
1408.	2.1302e-012	0.	2.1302e-012	0.
1412.	2.1355e-012	0.	2.1355e-012	0.
1416.	2.141e-012	0.	2.141e-012	0.
1420.	2.1465e-012	0.	2.1465e-012	0.
1424.	2.1521e-012	0.	2.1521e-012	0.
1428.	2.1579e-012	0.	2.1579e-012	0.
1432.	2.1637e-012	0.	2.1637e-012	0.
1436.	2.1695e-012	0.	2.1695e-012	0.
1440.	2.1755e-012	0.	2.1755e-012	0.
1444.	2.1816e-012	0.	2.1816e-012	0.
1448.	2.1878e-012	0.	2.1878e-012	0.
1452.	2.1941e-012	0.	2.1941e-012	0.
1456.	2.2005e-012	0.	2.2005e-012	0.
1460.	2.207e-012	0.	2.207e-012	0.
1464.	2.2136e-012	0.	2.2136e-012	0.
1468.	2.2204e-012	0.	2.2204e-012	0.
1472.	2.2272e-012	0.	2.2272e-012	0.
1476.	2.2342e-012	0.	2.2342e-012	0.
1480.	2.2413e-012	0.	2.2413e-012	0.
1484.	2.2485e-012	0.	2.2485e-012	0.
1488.	2.2559e-012	0.	2.2559e-012	0.
1492.	2.2634e-012	0.	2.2634e-012	0.
1496.	2.2711e-012	0.	2.2711e-012	0.
1500.	2.2789e-012	0.	2.2789e-012	0.
1504.	2.2868e-012	0.	2.2868e-012	0.
1508.	2.2949e-012	0.	2.2949e-012	0.
1512.	2.3032e-012	0.	2.3032e-012	0.
1516.	2.3116e-012	0.	2.3116e-012	0.
1520.	2.3202e-012	0.	2.3202e-012	0.
1524.	2.329e-012	0.	2.329e-012	0.
1528.	2.338e-012	0.	2.338e-012	0.
1532.	2.3472e-012	0.	2.3472e-012	0.
1536.	2.3565e-012	0.	2.3565e-012	0.
1540.	2.3661e-012	0.	2.3661e-012	0.
1544.	2.3759e-012	0.	2.3759e-012	0.
1548.	2.3859e-012	0.	2.3859e-012	0.
1552.	2.3961e-012	0.	2.3961e-012	0.
1556.	2.4066e-012	0.	2.4066e-012	0.
1560.	2.4173e-012	0.	2.4173e-012	0.
1564.	2.4283e-012	0.	2.4283e-012	0.
1568.	2.4396e-012	0.	2.4396e-012	0.
1572.	2.4511e-012	0.	2.4511e-012	0.
1576.	2.4629e-012	0.	2.4629e-012	0.
1580.	2.475e-012	0.	2.475e-012	0.
1584.	2.4875e-012	0.	2.4875e-012	0.
1588.	2.5002e-012	0.	2.5002e-012	0.
1592.	2.5134e-012	0.	2.5134e-012	0.
1596.	2.5268e-012	0.	2.5268e-012	0.
1600.	2.5407e-012	0.	2.5407e-012	0.
1604.	2.5549e-012	0.	2.5549e-012	0.
1608.	2.5696e-012	0.	2.5696e-012	0.
1612.	2.5847e-012	0.	2.5847e-012	0.
1616.	2.6002e-012	0.	2.6002e-012	0.
1620.	2.6162e-012	0.	2.6162e-012	0.
1624.	2.6327e-012	0.	2.6327e-012	0.
1628.	2.6497e-012	0.	2.6497e-012	0.
1632.	2.6673e-012	0.	2.6673e-012	0.
1636.	2.6855e-012	0.	2.6855e-012	0.
1640.	2.7043e-012	0.	2.7043e-012	0.
1644.	2.7237e-012	0.	2.7237e-012	0.
1648.	2.7438e-012	0.	2.7438e-012	0.
1652.	2.7646e-012	0.	2.7646e-012	0.
1656.	2.7862e-012	0.	2.7862e-012	0.
1660.	2.8086e-012	0.	2.8086e-012	0.
1664.	2.8319e-012	0.	2.8319e-012	0.
1668.	2.8561e-012	0.	2.8561e-012	0.
1672.	2.8812e-012	0.	2.8812e-012	0.
1676.	2.9074e-012	0.	2.9074e-012	0.
1680.	2.9347e-012	0.	2.9347e-012	0.
1684.	2.9632e-012	0.	2.9632e-012	0.
1688.	2.9929e-012	0.	2.9929e-012	0.
1692.	3.024e-012	0.	3.024e-012	0.
1696.	3.0566e-012	0.	3.0566e-012	0.
1700.	3.0907e-012	0.	3.0907e-012	0.
1704.	3.1265e-012	0.	3.1265e-012	0.
1708.	3.1642e-012	0.	3.1642e-012	0.
1712.	3.2038e-012	0.	3.2038e-012	0.
1716.	3.2456e-012	0.	3.2456e-012	0.
1720.	3.2897e-012	0.	3.2897e-012	0.
1724.	3.3364e-012	0.	3.3364e-012	0.
1728.	3.3859e-012	0.	3.3859e-012	0.
1732.	3.4384e-012	0.	3.4384e-012	0.
1736.	3.4943e-012	0.	3.4943e-012	0.
1740.	3.5539e-012	0.	3.5539e-012	0.
1744.	3.6176e-012	0.	3.6176e-012	0.
1748.	3.6859e-012	0.	3.6859e-012	0.
1752.	3.7593e-012	0.	3.7593e-012	0.
1756.	3.8384e-012	0.	3.8384e-012	0.
1760.	3.924e-012	0.	3.924e-012	0.
1764.	4.0168e-012	0.	4.0168e-012	0.
1768.	4.118e-012	0.	4.118e-012	0.
1772.	4.2286e-012	0.	4.2286e-012	0.
1776.	4.3502e-012	0.	4.3502e-012	0.
1780.	4.4844e-012	0.	4.4844e-012	0.
1784.	4.6335e-012	0.	4.6335e-012	0.
1788.	4.8e-012	0.	4.8e-012	0.
1792.	4.9874e-012	0.	4.9874e-012	0.
1796.	5.1999e-012	0.	5.1999e-012	0.
1800.	5.4429e-012	0.	5.4429e-012	0.
1804.	5.7238e-012	0.	5.7238e-012	0.
1808.	6.0522e-012	0.	6.0522e-012	0.
1812.	6.4415e-012	0.	6.4415e-012	0.
1816.	6.9107e-012	0.	6.9107e-012	0.
1820.	7.4874e-012	0.	7.4874e-012	0.
1824.	8.2137e-012	0.	8.2137e-012	0.
1828.	9.1573e-012	0.	9.1573e-012	0.
1832.	1.0433e-011	0.	1.0433e-011	0.
1836.	1.2257e-011	0.	1.2257e-011	0.
1840.	1.5078e-011	0.	1.5078e-011	0.
1844.	2.0029e-011	0.	2.0029e-011	0.
1848.	3.0995e-011	0.	3.0995e-011	0.
1852.	7.5992e-011	0.	7.5992e-011	0.
1856.	1.3237e-010	180.	-1.3237e-010	0.
1860.	3.3142e-011	180.	-3.3142e-011	0.
1864.	1.8201e-011	180.	-1.8201e-011	0.
1868.	1.2162e-011	180.	-1.2162e-011	0.
1872.	8.8934e-012	180.	-8.8934e-012	0.
1876.	6.8427e-012	180.	-6.8427e-012	0.
1880.	5.4348e-012	180.	-5.4348e-012	0.
1884.	4.4076e-012	180.	-4.4076e-012	0.
1888.	3.6242e-012	180.	-3.6242e-012	0.
1892.	3.0123e-012	0.	3.0123e-012	0.
1896.	2.7487e-012	0.	2.7487e-012	0.
1900.	2.537e-012	0.	2.537e-012	0.
1904.	2.3652e-012	0.	2.3652e-012	0.
1908.	2.2246e-012	0.	2.2246e-012	0.
1912.	2.1091e-012	0.	2.1091e-012	0.
1916.	2.0142e-012	0.	2.0142e-012	0.
1920.	1.9364e-012	0.	1.9364e-012	0.
1924.	1.8733e-012	0.	1.8733e-012	0.
1928.	1.8229e-012	0.	1.8229e-012	0.
1932.	1.7837e-012	0.	1.7837e-012	0.
1936.	1.7544e-012	0.	1.7544e-012	0.
1940.	1.7343e-012	0.	1.7343e-012	0.
1944.	1.7225e-012	0.	1.7225e-012	0.
1948.	1.7186e-012	0.	1.7186e-012	0.
1952.	1.7223e-012	0.	1.7223e-012	0.
1956.	1.7332e-012	0.	1.7332e-012	0.
1960.	1.7513e-012	0.	1.7513e-012	0.
1964.	1.8279e-012	0.	1.8279e-012	0.
1968.	1.9509e-012	0.	1.9509e-012	0.
1972.	2.0802e-012	0.	2.0802e-012	0.
1976.	2.2168e-012	0.	2.2168e-012	0.
1980.	2.3618e-012	0.	2.3618e-012	0.
1984.	2.5164e-012	0.	2.5164e-012	0.
1988.	2.682e-012	0.	2.682e-012	0.
1992.	2.8601e-012	0.	2.8601e-012	0.
1996.	3.0525e-012	0.	3.0525e-012	0.
2000.	3.2616e-012	0.	3.2616e-012	0.
2004.	3.4898e-012	0.	3.4898e-012	0.
2008.	3.7403e-012	0.	3.7403e-012	0.
2012.	4.0169e-012	0.	4.0169e-012	0.
2016.	4.326e-012	0.	4.326e-012	0.
2020.	4.6758e-012	0.	4.6758e-012	0.
2024.	5.0709e-012	0.	5.0709e-012	0.
2028.	5.5208e-012	0.	5.5208e-012	0.
2032.	6.0378e-012	0.	6.0378e-012	0.
2036.	6.6387e-012	0.	6.6387e-012	0.
2040.	7.3458e-012	0.	7.3458e-012	0.
2044.	8.1903e-012	0.	8.1903e-012	0.
2048.	9.2169e-012	0.	9.2169e-012	0.
2052.	1.0492e-011	0.	1.0492e-011	0.
2056.	1.2131e-011	0.	1.2131e-011	0.
2060.	1.43e-011	0.	1.43e-011	0.
2064.	1.7298e-011	0.	1.7298e-011	0.
2068.	2.171e-011	0.	2.171e-011	0.
2072.	2.8849e-011	0.	2.8849e-011	0.
2076.	4.2372e-011	0.	4.2372e-011	0.
2080.	7.7784e-011	0.	7.7784e-011	0.
2084.	4.2807e-010	0.	4.2807e-010	0.
2088.	1.3034e-010	180.	-1.3034e-010	0.
2092.	5.7033e-011	180.	-5.7033e-011	0.
2096.	3.6882e-011	180.	-3.6882e-011	0.
2100.	2.7451e-011	180.	-2.7451e-011	0.
2104.	2.1983e-011	180.	-2.1983e-011	0.
2108.	1.8413e-011	180.	-1.8413e-011	0.
2112.	1.59e-011	180.	-1.59e-011	0.
2116.	1.4045e-011	180.	-1.4045e-011	0.
2120.	1.2618e-011	180.	-1.2618e-011	0.
2124.	1.1485e-011	180.	-1.1485e-011	0.
2128.	1.0562e-011	180.	-1.0562e-011	0.
2132.	9.7971e-012	180.	-9.7971e-012	0.
2136.	9.1522e-012	180.	-9.1522e-012	0.
2140.	8.6014e-012	180.	-8.6014e-012	0.
2144.	8.1256e-012	180.	-8.1256e-012	0.
2148.	7.7105e-012	180.	-7.7105e-012	0.
2152.	7.3453e-012	180.	-7.3453e-012	0.
2156.	7.0215e-012	180.	-7.0215e-012	0.
2160.	6.7326e-012	180.	-6.7326e-012	0.
2164.	6.4731e-012	180.	-6.4731e-012	0.
2168.	6.239e-012	180.	-6.239e-012	0.
2172.	6.0266e-012	180.	-6.0266e-012	0.
2176.	5.8332e-012	180.	-5.8332e-012	0.
2180.	5.6563e-012	180.	-5.6563e-012	0.
2184.	5.4939e-012	180.	-5.4939e-012	0.
2188.	5.3444e-012	180.	-5.3444e-012	0.
2192.	5.2063e-012	180.	-5.2063e-012	0.
2196.	5.0784e-012	180.	-5.0784e-012	0.
2200.	4.9595e-012	180.	-4.9595e-012	0.
2204.	4.8489e-012	180.	-4.8489e-012	0.
2208.	4.7457e-012	180.	-4.7457e-012	0.
2212.	4.6502e-012	180.	-4.6502e-012	0.
2216.	4.5627e-012	180.	-4.5627e-012	0.
2220.	4.4807e-012	180.	-4.4807e-012	0.
2224.	4.4036e-012	180.	-4.4036e-012	0.
2228.	4.331e-012	180.	-4.331e-012	0.
2232.	4.2627e-012	180.	-4.2627e-012	0.
2236.	4.1981e-012	180.	-4.1981e-012	0.
2240.	4.1371e-012	180.	-4.1371e-012	0.
2244.	4.0793e-012	180.	-4.0793e-012	0.
2248.	4.0246e-012	180.	-4.0246e-012	0.
2252.	3.9727e-012	180.	-3.9727e-012	0.
2256.	3.9234e-012	180.	-3.9234e-012	0.
2260.	3.8766e-012	180.	-3.8766e-012	0.
2264.	3.832e-012	180.	-3.832e-012	0.
2268.	3.7896e-012	180.	-3.7896e-012	0.
2272.	3.7492e-012	180.	-3.7492e-012	0.
2276.	3.7106e-012	180.	-3.7106e-012	0.
2280.	3.6738e-012	180.	-3.6738e-012	0.
2284.	3.6387e-012	180.	-3.6387e-012	0.
2288.	3.6051e-012	180.	-3.6051e-012	0.
2292.	3.5729e-012	180.	-3.5729e-012	0.
2296.	3.5422e-012	180.	-3.5422e-012	0.
2300.	3.5128e-012	180.	-3.5128e-012	0.
2304.	3.4846e-012	180.	-3.4846e-012	0.
2308.	3.4575e-012	180.	-3.4575e-012	0.
2312.	3.4316e-012	180.	-3.4316e-012	0.
2316.	3.4068e-012	180.	-3.4068e-012	0.
2320.	3.3829e-012	180.	-3.3829e-012	0.
2324.	3.36e-012	180.	-3.36e-012	0.
2328.	3.338e-012	180.	-3.338e-012	0.
2332.	3.3169e-012	180.	-3.3169e-012	0.
2336.	3.2966e-012	180.	-3.2966e-012	0.
2340.	3.2771e-012	180.	-3.2771e-012	0.
2344.	3.2584e-012	180.	-3.2584e-012	0.
2348.	3.2403e-012	180.	-3.2403e-012	0.
2352.	3.223e-012	180.	-3.223e-012	0.
2356.	3.2063e-012	180.	-3.2063e-012	0.
2360.	3.1902e-012	180.	-3.1902e-012	0.
2364.	3.1748e-012	180.	-3.1748e-012	0.
2368.	3.1599e-012	180.	-3.1599e-012	0.
2372.	3.1456e-012	180.	-3.1456e-012	0.
2376.	3.1318e-012	180.	-3.1318e-012	0.
2380.	3.1186e-012	180.	-3.1186e-012	0.
2384.	3.1058e-012	180.	-3.1058e-012	0.
2388.	3.0935e-012	180.	-3.0935e-012	0.
2392.	3.0817e-012	180.	-3.0817e-012	0.
2396.	3.0703e-012	180.	-3.0703e-012	0.
2400.	3.0594e-012	180.	-3.0594e-012	0.
2404.	3.0489e-012	180.	-3.0489e-012	0.
2408.	3.0387e-012	180.	-3.0387e-012	0.
2412.	3.029e-012	180.	-3.029e-012	0.
2416.	3.0196e-012	180.	-3.0196e-012	0.
2420.	3.0106e-012	180.	-3.0106e-012	0.
2424.	3.002e-012	180.	-3.002e-012	0.
2428.	2.9936e-012	180.	-2.9936e-012	0.
2432.	2.9857e-012	180.	-2.9857e-012	0.
2436.	2.978e-012	180.	-2.978e-012	0.
2440.	2.9706e-012	180.	-2.9706e-012	0.
2444.	2.9636e-012	180.	-2.9636e-012	0.
2448.	2.9568e-012	180.	-2.9568e-012	0.
2452.	2.9511e-012	180.	-2.9511e-012	0.
2456.	2.9458e-012	180.	-2.9458e-012	0.
2460.	2.9407e-012	180.	-2.9407e-012	0.
2464.	2.9359e-012	180.	-2.9359e-012	0.
2468.	2.9313e-012	180.	-2.9313e-012	0.
2472.	2.9269e-012	180.	-2.9269e-012	0.
2476.	2.9228e-012	180.	-2.9228e-012	0.
2480.	2.9189e-012	180.	-2.9189e-012	0.
2484.	2.9153e-012	180.	-2.9153e-012	0.
2488.	2.9118e-012	180.	-2.9118e-012	0.
2492.	2.9086e-012	180.	-2.9086e-012	0.
2496.	2.9056e-012	180.	-2.9056e-012	0.
2500.	2.9027e-012	180.	-2.9027e-012	0.
2504.	2.9001e-012	180.	-2.9001e-012	0.
2508.	2.8977e-012	180.	-2.8977e-012	0.
2512.	2.8955e-012	180.	-2.8955e-012	0.
2516.	2.8934e-012	180.	-2.8934e-012	0.
2520.	2.8916e-012	180.	-2.8916e-012	0.
2524.	2.8899e-012	180.	-2.8899e-012	0.
2528.	2.8884e-012	180.	-2.8884e-012	0.
2532.	2.887e-012	180.	-2.887e-012	0.
2536.	2.8859e-012	180.	-2.8859e-012	0.
2540.	2.8849e-012	180.	-2.8849e-012	0.
2544.	2.8841e-012	180.	-2.8841e-012	0.
2548.	2.8834e-012	180.	-2.8834e-012	0.
2552.	2.8829e-012	180.	-2.8829e-012	0.
2556.	2.8826e-012	180.	-2.8826e-012	0.
2560.	2.8824e-012	180.	-2.8824e-012	0.
2564.	2.8824e-012	180.	-2.8824e-012	0.
2568.	2.8825e-012	180.	-2.8825e-012	0.
2572.	2.8828e-012	180.	-2.8828e-012	0.
2576.	2.8832e-012	180.	-2.8832e-012	0.
2580.	2.8838e-012	180.	-2.8838e-012	0.
2584.	2.8845e-012	180.	-2.8845e-012	0.
2588.	2.8853e-012	180.	-2.8853e-012	0.
2592.	2.8863e-012	180.	-2.8863e-012	0.
2596.	2.8875e-012	180.	-2.8875e-012	0.
2600.	2.8887e-012	180.	-2.8887e-012	0.
2604.	2.8902e-012	180.	-2.8902e-012	0.
2608.	2.8917e-012	180.	-2.8917e-012	0.
2612.	2.8934e-012	180.	-2.8934e-012	0.
2616.	2.8952e-012	180.	-2.8952e-012	0.
2620.	2.8972e-012	180.	-2.8972e-012	0.
2624.	2.8993e-012	180.	-2.8993e-012	0.
2628.	2.9015e-012	180.	-2.9015e-012	0.
2632.	2.9039e-012	180.	-2.9039e-012	0.
2636.	2.9063e-012	180.	-2.9063e-012	0.
2640.	2.909e-012	180.	-2.909e-012	0.
2644.	2.9117e-012	180.	-2.9117e-012	0.
2648.	2.9146e-012	180.	-2.9146e-012	0.
2652.	2.9176e-012	180.	-2.9176e-012	0.
2656.	2.9207e-012	180.	-2.9207e-012	0.
2660.	2.9239e-012	180.	-2.9239e-012	0.
2664.	2.9273e-012	180.	-2.9273e-012	0.
2668.	2.9308e-012	180.	-2.9308e-012	0.
2672.	2.9345e-012	180.	-2.9345e-012	0.
2676.	2.9382e-012	180.	-2.9382e-012	0.
2680.	2.9421e-012	180.	-2.9421e-012	0.
2684.	2.9461e-012	180.	-2.9461e-012	0.
2688.	2.9503e-012	180.	-2.9503e-012	0.
2692.	2.9545e-012	180.	-2.9545e-012	0.
2696.	2.9589e-012	180.	-2.9589e-012	0.
2700.	2.9634e-012	180.	-2.9634e-012	0.
2704.	2.9681e-012	180.	-2.9681e-012	0.
2708.	2.9729e-012	180.	-2.9729e-012	0.
2712.	2.9777e-012	180.	-2.9777e-012	0.
2716.	2.9828e-012	180.	-2.9828e-012	0.
2720.	2.9879e-012	180.	-2.9879e-012	0.
2724.	2.9932e-012	180.	-2.9932e-012	0.
2728.	2.9986e-012	180.	-2.9986e-012	0.
2732.	3.0042e-012	180.	-3.0042e-012	0.
2736.	3.0098e-012	180.	-3.0098e-012	0.
2740.	3.0156e-012	180.	-3.0156e-012	0.
2744.	3.0216e-012	180.	-3.0216e-012	0.
2748.	3.0276e-012	180.	-3.0276e-012	0.
2752.	3.0338e-012	180.	-3.0338e-012	0.
2756.	3.0401e-012	180.	-3.0401e-012	0.
2760.	3.0466e-012	180.	-3.0466e-012	0.
2764.	3.0532e-012	180.	-3.0532e-012	0.
2768.	3.0599e-012	180.	-3.0599e-012	0.
2772.	3.0668e-012	180.	-3.0668e-012	0.
2776.	3.0738e-012	180.	-3.0738e-012	0.
2780.	3.0809e-012	180.	-3.0809e-012	0.
2784.	3.0882e-012	180.	-3.0882e-012	0.
2788.	3.0956e-012	180.	-3.0956e-012	0.
2792.	3.1032e-012	180.	-3.1032e-012	0.
2796.	3.1109e-012	180.	-3.1109e-012	0.
2800.	3.1188e-012	180.	-3.1188e-012	0.
2804.	3.1268e-012	180.	-3.1268e-012	0.
2808.	3.1349e-012	180.	-3.1349e-012	0.
2812.	3.1432e-012	180.	-3.1432e-012	0.
2816.	3.1517e-012	180.	-3.1517e-012	0.
2820.	3.1603e-012	180.	-3.1603e-012	0.
2824.	3.1691e-012	180.	-3.1691e-012	0.
2828.	3.178e-012	180.	-3.178e-012	0.
2832.	3.1871e-012	180.	-3.1871e-012	0.
2836.	3.1963e-012	180.	-3.1963e-012	0.
2840.	3.2057e-012	180.	-3.2057e-012	0.
2844.	3.2152e-012	180.	-3.2152e-012	0.
2848.	3.225e-012	180.	-3.225e-012	0.
2852.	3.2349e-012	180.	-3.2349e-012	0.
2856.	3.2449e-012	180.	-3.2449e-012	0.
2860.	3.2552e-012	180.	-3.2552e-012	0.
2864.	3.2656e-012	180.	-3.2656e-012	0.
2868.	3.2762e-012	180.	-3.2762e-012	0.
2872.	3.287e-012	180.	-3.287e-012	0.
2876.	3.2979e-012	180.	-3.2979e-012	0.
2880.	3.309e-012	180.	-3.309e-012	0.
2884.	3.3204e-012	180.	-3.3204e-012	0.
2888.	3.3319e-012	180.	-3.3319e-012	0.
2892.	3.3436e-012	180.	-3.3436e-012	0.
2896.	3.3555e-012	180.	-3.3555e-012	0.
2900.	3.3676e-012	180.	-3.3676e-012	0.
2904.	3.3799e-012	180.	-3.3799e-012	0.
2908.	3.3925e-012	180.	-3.3925e-012	0.
2912.	3.4052e-012	180.	-3.4052e-012	0.
2916.	3.4181e-012	180.	-3.4181e-012	0.
2920.	3.4313e-012	180.	-3.4313e-012	0.
2924.	3.4447e-012	180.	-3.4447e-012	0.
2928.	3.4583e-012	180.	-3.4583e-012	0.
2932.	3.4721e-012	180.	-3.4721e-012	0.
2936.	3.4862e-012	180.	-3.4862e-012	0.
2940.	3.5005e-012	180.	-3.5005e-012	0.
2944.	3.5151e-012	180.	-3.5151e-012	0.
2948.	3.5299e-012	180.	-3.5299e-012	0.
2952.	3.5449e-012	180.	-3.5449e-012	0.
2956.	3.5603e-012	180.	-3.5603e-012	0.
2960.	3.5758e-012	180.	-3.5758e-012	0.
2964.	3.5917e-012	180.	-3.5917e-012	0.
2968.	3.6078e-012	180.	-3.6078e-012	0.
2972.	3.6242e-012	180.	-3.6242e-012	0.
2976.	3.6408e-012	180.	-3.6408e-012	0.
2980.	3.6578e-012	180.	-3.6578e-012	0.
2984.	3.6751e-012	180.	-3.6751e-012	0.
2988.	3.6926e-012	180.	-3.6926e-012	0.
2992.	3.7105e-012	180.	-3.7105e-012	0.
2996.	3.7287e-012	180.	-3.7287e-012	0.
3000.	3.7472e-012	180.	-3.7472e-012	0.
3004.	3.766e-012	180.	-3.766e-012	0.
3008.	3.7852e-012	180.	-3.7852e-012	0.
3012.	3.8047e-012	180.	-3.8047e-012	0.
3016.	3.8245e-012	180.	-3.8245e-012	0.
3020.	3.8448e-012	180.	-3.8448e-012	0.
3024.	3.8654e-012	180.	-3.8654e-012	0.
3028.	3.8863e-012	180.	-3.8863e-012	0.
3032.	3.9077e-012	180.	-3.9077e-012	0.
3036.	3.9294e-012	180.	-3.9294e-012	0.
3040.	3.9516e-012	180.	-3.9516e-012	0.
3044.	3.9742e-012	180.	-3.9742e-012	0.
3048.	3.9972e-012	180.	-3.9972e-012	0.
3052.	4.0206e-012	180.	-4.0206e-012	0.
3056.	4.0445e-012	180.	-4.0445e-012	0.
3060.	4.0688e-012	180.	-4.0688e-012	0.
3064.	4.0936e-012	180.	-4.0936e-012	0.
3068.	4.1189e-012	180.	-4.1189e-012	0.
3072.	4.1447e-012	180.	-4.1447e-012	0.
3076.	4.171e-012	180.	-4.171e-012	0.
3080.	4.1979e-012	180.	-4.1979e-012	0.
3084.	4.2252e-012	180.	-4.2252e-012	0.
3088.	4.2532e-012	180.	-4.2532e-012	0.
3092.	4.2817e-012	180.	-4.2817e-012	0.
3096.	4.3107e-012	180.	-4.3107e-012	0.
3100.	4.3404e-012	180.	-4.3404e-012	0.
3104.	4.3707e-012	180.	-4.3707e-012	0.
3108.	4.4017e-012	180.	-4.4017e-012	0.
3112.	4.4333e-012	180.	-4.4333e-012	0.
3116.	4.4656e-012	180.	-4.4656e-012	0.
3120.	4.4985e-012	180.	-4.4985e-012	0.
3124.	4.5328e-012	180.	-4.5328e-012	0.
3128.	4.5679e-012	180.	-4.5679e-012	0.
3132.	4.6037e-012	180.	-4.6037e-012	0.
3136.	4.6403e-012	180.	-4.6403e-012	0.
3140.	4.6777e-012	180.	-4.6777e-012	0.
3144.	4.716e-012	180.	-4.716e-012	0.
3148.	4.7552e-012	180.	-4.7552e-012	0.
3152.	4.7953e-012	180.	-4.7953e-012	0.
3156.	4.8363e-012	180.	-4.8363e-012	0.
3160.	4.8783e-012	180.	-4.8783e-012	0.
3164.	4.9213e-012	180.	-4.9213e-012	0.
3168.	4.9654e-012	180.	-4.9654e-012	0.
3172.	5.0105e-012	180.	-5.0105e-012	0.
3176.	5.0568e-012	180.	-5.0568e-012	0.
3180.	5.1042e-012	180.	-5.1042e-012	0.
3184.	5.1528e-012	180.	-5.1528e-012	0.
3188.	5.2027e-012	180.	-5.2027e-012	0.
3192.	5.2539e-012	180.	-5.2539e-012	0.
3196.	5.3065e-012	180.	-5.3065e-012	0.
3200.	5.3604e-012	180.	-5.3604e-012	0.
3204.	5.4158e-012	180.	-5.4158e-012	0.
3208.	5.4728e-012	180.	-5.4728e-012	0.
3212.	5.5313e-012	180.	-5.5313e-012	0.
3216.	5.5915e-012	180.	-5.5915e-012	0.
3220.	5.6533e-012	180.	-5.6533e-012	0.
3224.	5.717e-012	180.	-5.717e-012	0.
3228.	5.7826e-012	180.	-5.7826e-012	0.
3232.	5.8501e-012	180.	-5.8501e-012	0.
3236.	5.9196e-012	180.	-5.9196e-012	0.
3240.	5.9913e-012	180.	-5.9913e-012	0.
3244.	6.0652e-012	180.	-6.0652e-012	0.
3248.	6.1414e-012	180.	-6.1414e-012	0.
3252.	6.2201e-012	180.	-6.2201e-012	0.
3256.	6.3014e-012	180.	-6.3014e-012	0.
3260.	6.3853e-012	180.	-6.3853e-012	0.
3264.	6.4721e-012	180.	-6.4721e-012	0.
3268.	6.5619e-012	180.	-6.5619e-012	0.
3272.	6.6548e-012	180.	-6.6548e-012	0.
3276.	6.7509e-012	180.	-6.7509e-012	0.
3280.	6.8506e-012	180.	-6.8506e-012	0.
3284.	6.9539e-012	180.	-6.9539e-012	0.
3288.	7.0611e-012	180.	-7.0611e-012	0.
3292.	7.1724e-012	180.	-7.1724e-012	0.
3296.	7.288e-012	180.	-7.288e-012	0.
3300.	7.4082e-012	180.	-7.4082e-012	0.
3304.	7.5332e-012	180.	-7.5332e-012	0.
3308.	7.6634e-012	180.	-7.6634e-012	0.
3312.	7.7991e-012	180.	-7.7991e-012	0.
3316.	7.9407e-012	180.	-7.9407e-012	0.
3320.	8.0885e-012	180.	-8.0885e-012	0.
3324.	8.2429e-012	180.	-8.2429e-012	0.
3328.	8.4044e-012	180.	-8.4044e-012	0.
3332.	8.5735e-012	180.	-8.5735e-012	0.
3336.	8.7508e-012	180.	-8.7508e-012	0.
3340.	8.9369e-012	180.	-8.9369e-012	0.
3344.	9.1324e-012	180.	-9.1324e-012	0.
3348.	9.338e-012	180.	-9.338e-012	0.
3352.	9.5547e-012	180.	-9.5547e-012	0.
3356.	9.7832e-012	180.	-9.7832e-012	0.
3360.	1.0025e-011	180.	-1.0025e-011	0.
3364.	1.028e-011	180.	-1.028e-011	0.
3368.	1.0551e-011	180.	-1.0551e-011	0.
3372.	1.0838e-011	180.	-1.0838e-011	0.
3376.	1.1144e-011	180.	-1.1144e-011	0.
3380.	1.147e-011	180.	-1.147e-011	0.
3384.	1.1818e-011	180.	-1.1818e-011	0.
3388.	1.2191e-011	180.	-1.2191e-011	0.
3392.	1.2591e-011	180.	-1.2591e-011	0.
3396.	1.3022e-011	180.	-1.3022e-011	0.
3400.	1.3486e-011	180.	-1.3486e-011	0.
3404.	1.399e-011	180.	-1.399e-011	0.
3408.	1.4536e-011	180.	-1.4536e-011	0.
3412.	1.5133e-011	180.	-1.5133e-011	0.
3416.	1.5786e-011	180.	-1.5786e-011	0.
3420.	1.6506e-011	180.	-1.6506e-011	0.
3424.	1.7305e-011	180.	-1.7305e-011	0.
3428.	1.8197e-011	180.	-1.8197e-011	0.
3432.	1.9208e-011	180.	-1.9208e-011	0.
3436.	2.0378e-011	180.	-2.0378e-011	0.
3440.	2.1823e-011	180.	-2.1823e-011	0.
3444.	2.4417e-011	180.	-2.4417e-011	0.
3448.	2.293e-011	0.	2.293e-011	0.
3452.	2.5472e-011	180.	-2.5472e-011	0.
3456.	2.7833e-011	180.	-2.7833e-011	0.
3460.	3.048e-011	180.	-3.048e-011	0.
3464.	3.3622e-011	180.	-3.3622e-011	0.
3468.	3.7471e-011	180.	-3.7471e-011	0.
3472.	4.2324e-011	180.	-4.2324e-011	0.
3476.	4.8657e-011	180.	-4.8657e-011	0.
3480.	5.7287e-011	180.	-5.7287e-011	0.
3484.	6.9926e-011	180.	-6.9926e-011	0.
3488.	9.0019e-011	180.	-9.0019e-011	0.
3492.	1.2698e-010	180.	-1.2698e-010	0.
3496.	2.1859e-010	180.	-2.1859e-010	0.
3500.	9.2731e-010	180.	-9.2731e-010	0.
3504.	4.9064e-010	0.	4.9064e-010	0.
3508.	3.5399e-010	180.	-3.5399e-010	0.
3512.	1.4338e-010	0.	1.4338e-010	0.
3516.	9.4868e-011	0.	9.4868e-011	0.
3520.	7.1518e-011	0.	7.1518e-011	0.
3524.	5.7436e-011	0.	5.7436e-011	0.
3528.	4.7971e-011	0.	4.7971e-011	0.
3532.	4.1158e-011	0.	4.1158e-011	0.
3536.	3.6028e-011	0.	3.6028e-011	0.
3540.	3.2037e-011	0.	3.2037e-011	0.
3544.	2.882e-011	0.	2.882e-011	0.
3548.	2.6172e-011	0.	2.6172e-011	0.
3552.	2.3953e-011	0.	2.3953e-011	0.
3556.	2.2067e-011	0.	2.2067e-011	0.
3560.	2.0444e-011	0.	2.0444e-011	0.
3564.	1.9032e-011	0.	1.9032e-011	0.
3568.	1.7793e-011	0.	1.7793e-011	0.
3572.	1.6696e-011	0.	1.6696e-011	0.
3576.	1.5719e-011	0.	1.5719e-011	0.
3580.	1.4843e-011	0.	1.4843e-011	0.
3584.	1.4053e-011	0.	1.4053e-011	0.
3588.	1.3336e-011	0.	1.3336e-011	0.
3592.	1.2684e-011	0.	1.2684e-011	0.
3596.	1.2087e-011	0.	1.2087e-011	0.
3600.	1.1539e-011	0.	1.1539e-011	0.
3604.	1.1035e-011	0.	1.1035e-011	0.
3608.	1.0568e-011	0.	1.0568e-011	0.
3612.	1.0136e-011	0.	1.0136e-011	0.
3616.	9.7335e-012	0.	9.7335e-012	0.
3620.	9.3587e-012	0.	9.3587e-012	0.
3624.	9.0086e-012	0.	9.0086e-012	0.
3628.	8.6807e-012	0.	8.6807e-012	0.
3632.	8.3729e-012	0.	8.3729e-012	0.
3636.	8.0836e-012	0.	8.0836e-012	0.
3640.	7.811e-012	0.	7.811e-012	0.
3644.	7.5538e-012	0.	7.5538e-012	0.
3648.	7.3106e-012	0.	7.3106e-012	0.
3652.	7.0804e-012	0.	7.0804e-012	0.
3656.	6.8622e-012	0.	6.8622e-012	0.
3660.	6.655e-012	0.	6.655e-012	0.
3664.	6.4579e-012	0.	6.4579e-012	0.
3668.	6.2704e-012	0.	6.2704e-012	0.
3672.	6.0916e-012	0.	6.0916e-012	0.
3676.	5.9211e-012	0.	5.9211e-012	0.
3680.	5.7581e-012	0.	5.7581e-012	0.
3684.	5.6023e-012	0.	5.6023e-012	0.
3688.	5.4532e-012	0.	5.4532e-012	0.
3692.	5.3103e-012	0.	5.3103e-012	0.
3696.	5.1733e-012	0.	5.1733e-012	0.
3700.	5.0418e-012	0.	5.0418e-012	0.
3704.	4.9162e-012	0.	4.9162e-012	0.
3708.	4.7959e-012	0.	4.7959e-012	0.
3712.	4.6802e-012	0.	4.6802e-012	0.
3716.	4.5688e-012	0.	4.5688e-012	0.
3720.	4.4615e-012	0.	4.4615e-012	0.
3724.	4.358e-012	0.	4.358e-012	0.
3728.	4.2581e-012	0.	4.2581e-012	0.
3732.	4.1616e-012	0.	4.1616e-012	0.
3736.	4.0685e-012	0.	4.0685e-012	0.
3740.	3.9784e-012	0.	3.9784e-012	0.
3744.	3.8913e-012	0.	3.8913e-012	0.
3748.	3.8069e-012	0.	3.8069e-012	0.
3752.	3.7253e-012	0.	3.7253e-012	0.
3756.	3.6462e-012	0.	3.6462e-012	0.
3760.	3.5694e-012	0.	3.5694e-012	0.
3764.	3.4951e-012	0.	3.4951e-012	0.
3768.	3.4229e-012	0.	3.4229e-012	0.
3772.	3.3528e-012	0.	3.3528e-012	0.
3776.	3.2847e-012	0.	3.2847e-012	0.
3780.	3.2185e-012	0.	3.2185e-012	0.
3784.	3.1542e-012	0.	3.1542e-012	0.
3788.	3.0917e-012	0.	3.0917e-012	0.
3792.	3.0308e-012	0.	3.0308e-012	0.
3796.	2.9716e-012	0.	2.9716e-012	0.
3800.	2.9139e-012	0.	2.9139e-012	0.
3804.	2.8578e-012	0.	2.8578e-012	0.
3808.	2.803e-012	0.	2.803e-012	0.
3812.	2.7496e-012	0.	2.7496e-012	0.
3816.	2.6976e-012	0.	2.6976e-012	0.
3820.	2.6468e-012	0.	2.6468e-012	0.
3824.	2.5973e-012	0.	2.5973e-012	0.
3828.	2.5489e-012	0.	2.5489e-012	0.
3832.	2.5017e-012	0.	2.5017e-012	0.
3836.	2.4556e-012	0.	2.4556e-012	0.
3840.	2.4105e-012	0.	2.4105e-012	0.
3844.	2.3665e-012	0.	2.3665e-012	0.
3848.	2.3234e-012	0.	2.3234e-012	0.
3852.	2.2813e-012	0.	2.2813e-012	0.
3856.	2.2402e-012	0.	2.2402e-012	0.
3860.	2.1999e-012	0.	2.1999e-012	0.
3864.	2.1604e-012	0.	2.1604e-012	0.
3868.	2.1218e-012	0.	2.1218e-012	0.
3872.	2.084e-012	0.	2.084e-012	0.
3876.	2.047e-012	0.	2.047e-012	0.
3880.	2.0107e-012	0.	2.0107e-012	0.
3884.	1.9751e-012	0.	1.9751e-012	0.
3888.	1.9403e-012	0.	1.9403e-012	0.
3892.	1.9061e-012	0.	1.9061e-012	0.
3896.	1.8726e-012	0.	1.8726e-012	0.
3900.	1.8398e-012	0.	1.8398e-012	0.
3904.	1.8075e-012	0.	1.8075e-012	0.
3908.	1.7759e-012	0.	1.7759e-012	0.
3912.	1.7448e-012	0.	1.7448e-012	0.
3916.	1.7144e-012	0.	1.7144e-012	0.
3920.	1.6844e-012	0.	1.6844e-012	0.
3924.	1.655e-012	0.	1.655e-012	0.
3928.	1.6262e-012	0.	1.6262e-012	0.
3932.	1.5978e-012	0.	1.5978e-012	0.
3936.	1.5699e-012	0.	1.5699e-012	0.
3940.	1.5431e-012	0.	1.5431e-012	0.
3944.	1.5172e-012	0.	1.5172e-012	0.
3948.	1.4918e-012	0.	1.4918e-012	0.
3952.	1.4668e-012	0.	1.4668e-012	0.
3956.	1.4422e-012	0.	1.4422e-012	0.
3960.	1.418e-012	0.	1.418e-012	0.
3964.	1.3942e-012	0.	1.3942e-012	0.
3968.	1.3708e-012	0.	1.3708e-012	0.
3972.	1.3478e-012	0.	1.3478e-012	0.
3976.	1.3251e-012	0.	1.3251e-012	0.
3980.	1.3028e-012	0.	1.3028e-012	0.
3984.	1.2808e-012	0.	1.2808e-012	0.
3988.	1.2592e-012	0.	1.2592e-012	0.
3992.	1.2378e-012	0.	1.2378e-012	0.
3996.	1.2168e-012	0.	1.2168e-012	0.
4000.	1.1961e-012	0.	1.1961e-012	0.
