é¸îgêî (Hz)	êUïù (mm)	à ëääp (ìx)	é¿ïî (mm)	ãïïî (mm)
4.	5.2846e-011	180.	-5.2846e-011	0.
8.	5.2846e-011	180.	-5.2846e-011	0.
12.	5.2847e-011	180.	-5.2847e-011	0.
16.	5.2848e-011	180.	-5.2848e-011	0.
20.	5.2849e-011	180.	-5.2849e-011	0.
24.	5.285e-011	180.	-5.285e-011	0.
28.	5.2852e-011	180.	-5.2852e-011	0.
32.	5.2854e-011	180.	-5.2854e-011	0.
36.	5.2856e-011	180.	-5.2856e-011	0.
40.	5.2859e-011	180.	-5.2859e-011	0.
44.	5.2862e-011	180.	-5.2862e-011	0.
48.	5.2865e-011	180.	-5.2865e-011	0.
52.	5.2868e-011	180.	-5.2868e-011	0.
56.	5.2872e-011	180.	-5.2872e-011	0.
60.	5.2875e-011	180.	-5.2875e-011	0.
64.	5.288e-011	180.	-5.288e-011	0.
68.	5.2884e-011	180.	-5.2884e-011	0.
72.	5.2889e-011	180.	-5.2889e-011	0.
76.	5.2894e-011	180.	-5.2894e-011	0.
80.	5.2899e-011	180.	-5.2899e-011	0.
84.	5.2904e-011	180.	-5.2904e-011	0.
88.	5.291e-011	180.	-5.291e-011	0.
92.	5.2916e-011	180.	-5.2916e-011	0.
96.	5.2922e-011	180.	-5.2922e-011	0.
100.	5.2929e-011	180.	-5.2929e-011	0.
104.	5.2936e-011	180.	-5.2936e-011	0.
108.	5.2943e-011	180.	-5.2943e-011	0.
112.	5.295e-011	180.	-5.295e-011	0.
116.	5.2958e-011	180.	-5.2958e-011	0.
120.	5.2966e-011	180.	-5.2966e-011	0.
124.	5.2974e-011	180.	-5.2974e-011	0.
128.	5.2982e-011	180.	-5.2982e-011	0.
132.	5.2991e-011	180.	-5.2991e-011	0.
136.	5.3e-011	180.	-5.3e-011	0.
140.	5.3009e-011	180.	-5.3009e-011	0.
144.	5.3019e-011	180.	-5.3019e-011	0.
148.	5.3029e-011	180.	-5.3029e-011	0.
152.	5.3039e-011	180.	-5.3039e-011	0.
156.	5.3049e-011	180.	-5.3049e-011	0.
160.	5.306e-011	180.	-5.306e-011	0.
164.	5.307e-011	180.	-5.307e-011	0.
168.	5.3082e-011	180.	-5.3082e-011	0.
172.	5.3093e-011	180.	-5.3093e-011	0.
176.	5.3105e-011	180.	-5.3105e-011	0.
180.	5.3117e-011	180.	-5.3117e-011	0.
184.	5.3129e-011	180.	-5.3129e-011	0.
188.	5.3142e-011	180.	-5.3142e-011	0.
192.	5.3154e-011	180.	-5.3154e-011	0.
196.	5.3167e-011	180.	-5.3167e-011	0.
200.	5.3181e-011	180.	-5.3181e-011	0.
204.	5.3194e-011	180.	-5.3194e-011	0.
208.	5.3208e-011	180.	-5.3208e-011	0.
212.	5.3222e-011	180.	-5.3222e-011	0.
216.	5.3237e-011	180.	-5.3237e-011	0.
220.	5.3252e-011	180.	-5.3252e-011	0.
224.	5.3267e-011	180.	-5.3267e-011	0.
228.	5.3282e-011	180.	-5.3282e-011	0.
232.	5.3297e-011	180.	-5.3297e-011	0.
236.	5.3313e-011	180.	-5.3313e-011	0.
240.	5.3329e-011	180.	-5.3329e-011	0.
244.	5.3346e-011	180.	-5.3346e-011	0.
248.	5.3362e-011	180.	-5.3362e-011	0.
252.	5.3379e-011	180.	-5.3379e-011	0.
256.	5.3397e-011	180.	-5.3397e-011	0.
260.	5.3414e-011	180.	-5.3414e-011	0.
264.	5.3432e-011	180.	-5.3432e-011	0.
268.	5.345e-011	180.	-5.345e-011	0.
272.	5.3468e-011	180.	-5.3468e-011	0.
276.	5.3487e-011	180.	-5.3487e-011	0.
280.	5.3506e-011	180.	-5.3506e-011	0.
284.	5.3525e-011	180.	-5.3525e-011	0.
288.	5.3545e-011	180.	-5.3545e-011	0.
292.	5.3565e-011	180.	-5.3565e-011	0.
296.	5.3585e-011	180.	-5.3585e-011	0.
300.	5.3605e-011	180.	-5.3605e-011	0.
304.	5.3626e-011	180.	-5.3626e-011	0.
308.	5.3647e-011	180.	-5.3647e-011	0.
312.	5.3668e-011	180.	-5.3668e-011	0.
316.	5.3689e-011	180.	-5.3689e-011	0.
320.	5.3711e-011	180.	-5.3711e-011	0.
324.	5.3733e-011	180.	-5.3733e-011	0.
328.	5.3756e-011	180.	-5.3756e-011	0.
332.	5.3778e-011	180.	-5.3778e-011	0.
336.	5.3801e-011	180.	-5.3801e-011	0.
340.	5.3825e-011	180.	-5.3825e-011	0.
344.	5.3848e-011	180.	-5.3848e-011	0.
348.	5.3872e-011	180.	-5.3872e-011	0.
352.	5.3896e-011	180.	-5.3896e-011	0.
356.	5.392e-011	180.	-5.392e-011	0.
360.	5.3945e-011	180.	-5.3945e-011	0.
364.	5.397e-011	180.	-5.397e-011	0.
368.	5.3996e-011	180.	-5.3996e-011	0.
372.	5.4021e-011	180.	-5.4021e-011	0.
376.	5.4047e-011	180.	-5.4047e-011	0.
380.	5.4073e-011	180.	-5.4073e-011	0.
384.	5.41e-011	180.	-5.41e-011	0.
388.	5.4127e-011	180.	-5.4127e-011	0.
392.	5.4154e-011	180.	-5.4154e-011	0.
396.	5.4181e-011	180.	-5.4181e-011	0.
400.	5.4209e-011	180.	-5.4209e-011	0.
404.	5.4237e-011	180.	-5.4237e-011	0.
408.	5.4265e-011	180.	-5.4265e-011	0.
412.	5.4294e-011	180.	-5.4294e-011	0.
416.	5.4323e-011	180.	-5.4323e-011	0.
420.	5.4352e-011	180.	-5.4352e-011	0.
424.	5.4382e-011	180.	-5.4382e-011	0.
428.	5.4412e-011	180.	-5.4412e-011	0.
432.	5.4442e-011	180.	-5.4442e-011	0.
436.	5.4472e-011	180.	-5.4472e-011	0.
440.	5.4503e-011	180.	-5.4503e-011	0.
444.	5.4534e-011	180.	-5.4534e-011	0.
448.	5.4566e-011	180.	-5.4566e-011	0.
452.	5.4598e-011	180.	-5.4598e-011	0.
456.	5.463e-011	180.	-5.463e-011	0.
460.	5.4662e-011	180.	-5.4662e-011	0.
464.	5.4695e-011	180.	-5.4695e-011	0.
468.	5.4728e-011	180.	-5.4728e-011	0.
472.	5.4761e-011	180.	-5.4761e-011	0.
476.	5.4795e-011	180.	-5.4795e-011	0.
480.	5.4829e-011	180.	-5.4829e-011	0.
484.	5.4863e-011	180.	-5.4863e-011	0.
488.	5.4898e-011	180.	-5.4898e-011	0.
492.	5.4933e-011	180.	-5.4933e-011	0.
496.	5.4968e-011	180.	-5.4968e-011	0.
500.	5.5004e-011	180.	-5.5004e-011	0.
504.	5.504e-011	180.	-5.504e-011	0.
508.	5.5076e-011	180.	-5.5076e-011	0.
512.	5.5112e-011	180.	-5.5112e-011	0.
516.	5.5149e-011	180.	-5.5149e-011	0.
520.	5.5187e-011	180.	-5.5187e-011	0.
524.	5.5224e-011	180.	-5.5224e-011	0.
528.	5.5262e-011	180.	-5.5262e-011	0.
532.	5.53e-011	180.	-5.53e-011	0.
536.	5.5339e-011	180.	-5.5339e-011	0.
540.	5.5378e-011	180.	-5.5378e-011	0.
544.	5.5417e-011	180.	-5.5417e-011	0.
548.	5.5457e-011	180.	-5.5457e-011	0.
552.	5.5497e-011	180.	-5.5497e-011	0.
556.	5.5537e-011	180.	-5.5537e-011	0.
560.	5.5578e-011	180.	-5.5578e-011	0.
564.	5.5619e-011	180.	-5.5619e-011	0.
568.	5.566e-011	180.	-5.566e-011	0.
572.	5.5702e-011	180.	-5.5702e-011	0.
576.	5.5744e-011	180.	-5.5744e-011	0.
580.	5.5787e-011	180.	-5.5787e-011	0.
584.	5.5829e-011	180.	-5.5829e-011	0.
588.	5.5873e-011	180.	-5.5873e-011	0.
592.	5.5916e-011	180.	-5.5916e-011	0.
596.	5.596e-011	180.	-5.596e-011	0.
600.	5.6004e-011	180.	-5.6004e-011	0.
604.	5.6049e-011	180.	-5.6049e-011	0.
608.	5.6094e-011	180.	-5.6094e-011	0.
612.	5.6139e-011	180.	-5.6139e-011	0.
616.	5.6185e-011	180.	-5.6185e-011	0.
620.	5.6231e-011	180.	-5.6231e-011	0.
624.	5.6277e-011	180.	-5.6277e-011	0.
628.	5.6324e-011	180.	-5.6324e-011	0.
632.	5.6371e-011	180.	-5.6371e-011	0.
636.	5.6419e-011	180.	-5.6419e-011	0.
640.	5.6467e-011	180.	-5.6467e-011	0.
644.	5.6515e-011	180.	-5.6515e-011	0.
648.	5.6564e-011	180.	-5.6564e-011	0.
652.	5.6613e-011	180.	-5.6613e-011	0.
656.	5.6662e-011	180.	-5.6662e-011	0.
660.	5.6712e-011	180.	-5.6712e-011	0.
664.	5.6762e-011	180.	-5.6762e-011	0.
668.	5.6813e-011	180.	-5.6813e-011	0.
672.	5.6864e-011	180.	-5.6864e-011	0.
676.	5.6915e-011	180.	-5.6915e-011	0.
680.	5.6967e-011	180.	-5.6967e-011	0.
684.	5.7019e-011	180.	-5.7019e-011	0.
688.	5.7072e-011	180.	-5.7072e-011	0.
692.	5.7125e-011	180.	-5.7125e-011	0.
696.	5.7178e-011	180.	-5.7178e-011	0.
700.	5.7232e-011	180.	-5.7232e-011	0.
704.	5.7286e-011	180.	-5.7286e-011	0.
708.	5.7341e-011	180.	-5.7341e-011	0.
712.	5.7396e-011	180.	-5.7396e-011	0.
716.	5.7452e-011	180.	-5.7452e-011	0.
720.	5.7508e-011	180.	-5.7508e-011	0.
724.	5.7564e-011	180.	-5.7564e-011	0.
728.	5.7621e-011	180.	-5.7621e-011	0.
732.	5.7678e-011	180.	-5.7678e-011	0.
736.	5.7735e-011	180.	-5.7735e-011	0.
740.	5.7794e-011	180.	-5.7794e-011	0.
744.	5.7852e-011	180.	-5.7852e-011	0.
748.	5.7911e-011	180.	-5.7911e-011	0.
752.	5.797e-011	180.	-5.797e-011	0.
756.	5.803e-011	180.	-5.803e-011	0.
760.	5.809e-011	180.	-5.809e-011	0.
764.	5.8151e-011	180.	-5.8151e-011	0.
768.	5.8212e-011	180.	-5.8212e-011	0.
772.	5.8274e-011	180.	-5.8274e-011	0.
776.	5.8336e-011	180.	-5.8336e-011	0.
780.	5.8398e-011	180.	-5.8398e-011	0.
784.	5.8461e-011	180.	-5.8461e-011	0.
788.	5.8525e-011	180.	-5.8525e-011	0.
792.	5.8589e-011	180.	-5.8589e-011	0.
796.	5.8653e-011	180.	-5.8653e-011	0.
800.	5.8718e-011	180.	-5.8718e-011	0.
804.	5.8783e-011	180.	-5.8783e-011	0.
808.	5.8849e-011	180.	-5.8849e-011	0.
812.	5.8915e-011	180.	-5.8915e-011	0.
816.	5.8982e-011	180.	-5.8982e-011	0.
820.	5.9049e-011	180.	-5.9049e-011	0.
824.	5.9117e-011	180.	-5.9117e-011	0.
828.	5.9185e-011	180.	-5.9185e-011	0.
832.	5.9254e-011	180.	-5.9254e-011	0.
836.	5.9323e-011	180.	-5.9323e-011	0.
840.	5.9393e-011	180.	-5.9393e-011	0.
844.	5.9463e-011	180.	-5.9463e-011	0.
848.	5.9534e-011	180.	-5.9534e-011	0.
852.	5.9605e-011	180.	-5.9605e-011	0.
856.	5.9677e-011	180.	-5.9677e-011	0.
860.	5.975e-011	180.	-5.975e-011	0.
864.	5.9822e-011	180.	-5.9822e-011	0.
868.	5.9896e-011	180.	-5.9896e-011	0.
872.	5.997e-011	180.	-5.997e-011	0.
876.	6.0044e-011	180.	-6.0044e-011	0.
880.	6.012e-011	180.	-6.012e-011	0.
884.	6.0195e-011	180.	-6.0195e-011	0.
888.	6.0271e-011	180.	-6.0271e-011	0.
892.	6.0348e-011	180.	-6.0348e-011	0.
896.	6.0425e-011	180.	-6.0425e-011	0.
900.	6.0503e-011	180.	-6.0503e-011	0.
904.	6.0582e-011	180.	-6.0582e-011	0.
908.	6.0661e-011	180.	-6.0661e-011	0.
912.	6.074e-011	180.	-6.074e-011	0.
916.	6.0821e-011	180.	-6.0821e-011	0.
920.	6.0901e-011	180.	-6.0901e-011	0.
924.	6.0983e-011	180.	-6.0983e-011	0.
928.	6.1065e-011	180.	-6.1065e-011	0.
932.	6.1147e-011	180.	-6.1147e-011	0.
936.	6.1231e-011	180.	-6.1231e-011	0.
940.	6.1315e-011	180.	-6.1315e-011	0.
944.	6.1399e-011	180.	-6.1399e-011	0.
948.	6.1484e-011	180.	-6.1484e-011	0.
952.	6.157e-011	180.	-6.157e-011	0.
956.	6.1656e-011	180.	-6.1656e-011	0.
960.	6.1744e-011	180.	-6.1744e-011	0.
964.	6.1831e-011	180.	-6.1831e-011	0.
968.	6.192e-011	180.	-6.192e-011	0.
972.	6.2009e-011	180.	-6.2009e-011	0.
976.	6.2099e-011	180.	-6.2099e-011	0.
980.	6.2189e-011	180.	-6.2189e-011	0.
984.	6.228e-011	180.	-6.228e-011	0.
988.	6.2372e-011	180.	-6.2372e-011	0.
992.	6.2464e-011	180.	-6.2464e-011	0.
996.	6.2558e-011	180.	-6.2558e-011	0.
1000.	6.2652e-011	180.	-6.2652e-011	0.
1004.	6.2746e-011	180.	-6.2746e-011	0.
1008.	6.2842e-011	180.	-6.2842e-011	0.
1012.	6.2938e-011	180.	-6.2938e-011	0.
1016.	6.3035e-011	180.	-6.3035e-011	0.
1020.	6.3133e-011	180.	-6.3133e-011	0.
1024.	6.3231e-011	180.	-6.3231e-011	0.
1028.	6.333e-011	180.	-6.333e-011	0.
1032.	6.343e-011	180.	-6.343e-011	0.
1036.	6.3531e-011	180.	-6.3531e-011	0.
1040.	6.3633e-011	180.	-6.3633e-011	0.
1044.	6.3735e-011	180.	-6.3735e-011	0.
1048.	6.3839e-011	180.	-6.3839e-011	0.
1052.	6.3943e-011	180.	-6.3943e-011	0.
1056.	6.4048e-011	180.	-6.4048e-011	0.
1060.	6.4153e-011	180.	-6.4153e-011	0.
1064.	6.426e-011	180.	-6.426e-011	0.
1068.	6.4368e-011	180.	-6.4368e-011	0.
1072.	6.4476e-011	180.	-6.4476e-011	0.
1076.	6.4585e-011	180.	-6.4585e-011	0.
1080.	6.4695e-011	180.	-6.4695e-011	0.
1084.	6.4807e-011	180.	-6.4807e-011	0.
1088.	6.4919e-011	180.	-6.4919e-011	0.
1092.	6.5032e-011	180.	-6.5032e-011	0.
1096.	6.5146e-011	180.	-6.5146e-011	0.
1100.	6.5261e-011	180.	-6.5261e-011	0.
1104.	6.5376e-011	180.	-6.5376e-011	0.
1108.	6.5493e-011	180.	-6.5493e-011	0.
1112.	6.5611e-011	180.	-6.5611e-011	0.
1116.	6.573e-011	180.	-6.573e-011	0.
1120.	6.585e-011	180.	-6.585e-011	0.
1124.	6.5971e-011	180.	-6.5971e-011	0.
1128.	6.6093e-011	180.	-6.6093e-011	0.
1132.	6.6216e-011	180.	-6.6216e-011	0.
1136.	6.634e-011	180.	-6.634e-011	0.
1140.	6.6466e-011	180.	-6.6466e-011	0.
1144.	6.6592e-011	180.	-6.6592e-011	0.
1148.	6.672e-011	180.	-6.672e-011	0.
1152.	6.6849e-011	180.	-6.6849e-011	0.
1156.	6.6978e-011	180.	-6.6978e-011	0.
1160.	6.711e-011	180.	-6.711e-011	0.
1164.	6.7242e-011	180.	-6.7242e-011	0.
1168.	6.7375e-011	180.	-6.7375e-011	0.
1172.	6.751e-011	180.	-6.751e-011	0.
1176.	6.7646e-011	180.	-6.7646e-011	0.
1180.	6.7784e-011	180.	-6.7784e-011	0.
1184.	6.7922e-011	180.	-6.7922e-011	0.
1188.	6.8062e-011	180.	-6.8062e-011	0.
1192.	6.8204e-011	180.	-6.8204e-011	0.
1196.	6.8347e-011	180.	-6.8347e-011	0.
1200.	6.8491e-011	180.	-6.8491e-011	0.
1204.	6.8636e-011	180.	-6.8636e-011	0.
1208.	6.8783e-011	180.	-6.8783e-011	0.
1212.	6.8932e-011	180.	-6.8932e-011	0.
1216.	6.9082e-011	180.	-6.9082e-011	0.
1220.	6.9233e-011	180.	-6.9233e-011	0.
1224.	6.9386e-011	180.	-6.9386e-011	0.
1228.	6.9541e-011	180.	-6.9541e-011	0.
1232.	6.9697e-011	180.	-6.9697e-011	0.
1236.	6.9855e-011	180.	-6.9855e-011	0.
1240.	7.0015e-011	180.	-7.0015e-011	0.
1244.	7.0176e-011	180.	-7.0176e-011	0.
1248.	7.0339e-011	180.	-7.0339e-011	0.
1252.	7.0503e-011	180.	-7.0503e-011	0.
1256.	7.067e-011	180.	-7.067e-011	0.
1260.	7.0838e-011	180.	-7.0838e-011	0.
1264.	7.1009e-011	180.	-7.1009e-011	0.
1268.	7.1181e-011	180.	-7.1181e-011	0.
1272.	7.1355e-011	180.	-7.1355e-011	0.
1276.	7.1531e-011	180.	-7.1531e-011	0.
1280.	7.1709e-011	180.	-7.1709e-011	0.
1284.	7.1889e-011	180.	-7.1889e-011	0.
1288.	7.2071e-011	180.	-7.2071e-011	0.
1292.	7.2256e-011	180.	-7.2256e-011	0.
1296.	7.2443e-011	180.	-7.2443e-011	0.
1300.	7.2631e-011	180.	-7.2631e-011	0.
1304.	7.2823e-011	180.	-7.2823e-011	0.
1308.	7.3016e-011	180.	-7.3016e-011	0.
1312.	7.3212e-011	180.	-7.3212e-011	0.
1316.	7.341e-011	180.	-7.341e-011	0.
1320.	7.3611e-011	180.	-7.3611e-011	0.
1324.	7.3815e-011	180.	-7.3815e-011	0.
1328.	7.4021e-011	180.	-7.4021e-011	0.
1332.	7.423e-011	180.	-7.423e-011	0.
1336.	7.4441e-011	180.	-7.4441e-011	0.
1340.	7.4655e-011	180.	-7.4655e-011	0.
1344.	7.4873e-011	180.	-7.4873e-011	0.
1348.	7.5093e-011	180.	-7.5093e-011	0.
1352.	7.5316e-011	180.	-7.5316e-011	0.
1356.	7.5542e-011	180.	-7.5542e-011	0.
1360.	7.5772e-011	180.	-7.5772e-011	0.
1364.	7.6005e-011	180.	-7.6005e-011	0.
1368.	7.6241e-011	180.	-7.6241e-011	0.
1372.	7.648e-011	180.	-7.648e-011	0.
1376.	7.6723e-011	180.	-7.6723e-011	0.
1380.	7.697e-011	180.	-7.697e-011	0.
1384.	7.722e-011	180.	-7.722e-011	0.
1388.	7.7475e-011	180.	-7.7475e-011	0.
1392.	7.7733e-011	180.	-7.7733e-011	0.
1396.	7.7995e-011	180.	-7.7995e-011	0.
1400.	7.8261e-011	180.	-7.8261e-011	0.
1404.	7.8532e-011	180.	-7.8532e-011	0.
1408.	7.8807e-011	180.	-7.8807e-011	0.
1412.	7.9086e-011	180.	-7.9086e-011	0.
1416.	7.937e-011	180.	-7.937e-011	0.
1420.	7.9659e-011	180.	-7.9659e-011	0.
1424.	7.9953e-011	180.	-7.9953e-011	0.
1428.	8.0251e-011	180.	-8.0251e-011	0.
1432.	8.0556e-011	180.	-8.0556e-011	0.
1436.	8.0865e-011	180.	-8.0865e-011	0.
1440.	8.118e-011	180.	-8.118e-011	0.
1444.	8.1501e-011	180.	-8.1501e-011	0.
1448.	8.1827e-011	180.	-8.1827e-011	0.
1452.	8.216e-011	180.	-8.216e-011	0.
1456.	8.2499e-011	180.	-8.2499e-011	0.
1460.	8.2844e-011	180.	-8.2844e-011	0.
1464.	8.3197e-011	180.	-8.3197e-011	0.
1468.	8.3556e-011	180.	-8.3556e-011	0.
1472.	8.3922e-011	180.	-8.3922e-011	0.
1476.	8.4296e-011	180.	-8.4296e-011	0.
1480.	8.4678e-011	180.	-8.4678e-011	0.
1484.	8.5067e-011	180.	-8.5067e-011	0.
1488.	8.5465e-011	180.	-8.5465e-011	0.
1492.	8.5871e-011	180.	-8.5871e-011	0.
1496.	8.6286e-011	180.	-8.6286e-011	0.
1500.	8.671e-011	180.	-8.671e-011	0.
1504.	8.7144e-011	180.	-8.7144e-011	0.
1508.	8.7588e-011	180.	-8.7588e-011	0.
1512.	8.8042e-011	180.	-8.8042e-011	0.
1516.	8.8507e-011	180.	-8.8507e-011	0.
1520.	8.8982e-011	180.	-8.8982e-011	0.
1524.	8.947e-011	180.	-8.947e-011	0.
1528.	8.9969e-011	180.	-8.9969e-011	0.
1532.	9.0481e-011	180.	-9.0481e-011	0.
1536.	9.1006e-011	180.	-9.1006e-011	0.
1540.	9.1544e-011	180.	-9.1544e-011	0.
1544.	9.2096e-011	180.	-9.2096e-011	0.
1548.	9.2664e-011	180.	-9.2664e-011	0.
1552.	9.3246e-011	180.	-9.3246e-011	0.
1556.	9.3845e-011	180.	-9.3845e-011	0.
1560.	9.446e-011	180.	-9.446e-011	0.
1564.	9.5093e-011	180.	-9.5093e-011	0.
1568.	9.5744e-011	180.	-9.5744e-011	0.
1572.	9.6415e-011	180.	-9.6415e-011	0.
1576.	9.7105e-011	180.	-9.7105e-011	0.
1580.	9.7817e-011	180.	-9.7817e-011	0.
1584.	9.8551e-011	180.	-9.8551e-011	0.
1588.	9.9308e-011	180.	-9.9308e-011	0.
1592.	1.0009e-010	180.	-1.0009e-010	0.
1596.	1.009e-010	180.	-1.009e-010	0.
1600.	1.0173e-010	180.	-1.0173e-010	0.
1604.	1.0259e-010	180.	-1.0259e-010	0.
1608.	1.0348e-010	180.	-1.0348e-010	0.
1612.	1.0441e-010	180.	-1.0441e-010	0.
1616.	1.0536e-010	180.	-1.0536e-010	0.
1620.	1.0635e-010	180.	-1.0635e-010	0.
1624.	1.0738e-010	180.	-1.0738e-010	0.
1628.	1.0845e-010	180.	-1.0845e-010	0.
1632.	1.0956e-010	180.	-1.0956e-010	0.
1636.	1.1071e-010	180.	-1.1071e-010	0.
1640.	1.1191e-010	180.	-1.1191e-010	0.
1644.	1.1315e-010	180.	-1.1315e-010	0.
1648.	1.1445e-010	180.	-1.1445e-010	0.
1652.	1.1581e-010	180.	-1.1581e-010	0.
1656.	1.1722e-010	180.	-1.1722e-010	0.
1660.	1.187e-010	180.	-1.187e-010	0.
1664.	1.2025e-010	180.	-1.2025e-010	0.
1668.	1.2187e-010	180.	-1.2187e-010	0.
1672.	1.2356e-010	180.	-1.2356e-010	0.
1676.	1.2534e-010	180.	-1.2534e-010	0.
1680.	1.2721e-010	180.	-1.2721e-010	0.
1684.	1.2917e-010	180.	-1.2917e-010	0.
1688.	1.3123e-010	180.	-1.3123e-010	0.
1692.	1.3341e-010	180.	-1.3341e-010	0.
1696.	1.3571e-010	180.	-1.3571e-010	0.
1700.	1.3813e-010	180.	-1.3813e-010	0.
1704.	1.407e-010	180.	-1.407e-010	0.
1708.	1.4342e-010	180.	-1.4342e-010	0.
1712.	1.463e-010	180.	-1.463e-010	0.
1716.	1.4937e-010	180.	-1.4937e-010	0.
1720.	1.5263e-010	180.	-1.5263e-010	0.
1724.	1.5611e-010	180.	-1.5611e-010	0.
1728.	1.5983e-010	180.	-1.5983e-010	0.
1732.	1.6381e-010	180.	-1.6381e-010	0.
1736.	1.6809e-010	180.	-1.6809e-010	0.
1740.	1.7268e-010	180.	-1.7268e-010	0.
1744.	1.7763e-010	180.	-1.7763e-010	0.
1748.	1.8299e-010	180.	-1.8299e-010	0.
1752.	1.8879e-010	180.	-1.8879e-010	0.
1756.	1.9509e-010	180.	-1.9509e-010	0.
1760.	2.0197e-010	180.	-2.0197e-010	0.
1764.	2.0949e-010	180.	-2.0949e-010	0.
1768.	2.1776e-010	180.	-2.1776e-010	0.
1772.	2.2687e-010	180.	-2.2687e-010	0.
1776.	2.3696e-010	180.	-2.3696e-010	0.
1780.	2.4819e-010	180.	-2.4819e-010	0.
1784.	2.6076e-010	180.	-2.6076e-010	0.
1788.	2.7492e-010	180.	-2.7492e-010	0.
1792.	2.9096e-010	180.	-2.9096e-010	0.
1796.	3.0929e-010	180.	-3.0929e-010	0.
1800.	3.304e-010	180.	-3.304e-010	0.
1804.	3.5497e-010	180.	-3.5497e-010	0.
1808.	3.8388e-010	180.	-3.8388e-010	0.
1812.	4.1836e-010	180.	-4.1836e-010	0.
1816.	4.6015e-010	180.	-4.6015e-010	0.
1820.	5.118e-010	180.	-5.118e-010	0.
1824.	5.7715e-010	180.	-5.7715e-010	0.
1828.	6.6237e-010	180.	-6.6237e-010	0.
1832.	7.7799e-010	180.	-7.7799e-010	0.
1836.	9.4351e-010	180.	-9.4351e-010	0.
1840.	1.1996e-009	180.	-1.1996e-009	0.
1844.	1.6476e-009	180.	-1.6476e-009	0.
1848.	2.6296e-009	180.	-2.6296e-009	0.
1852.	6.4897e-009	180.	-6.4897e-009	0.
1856.	1.3974e-008	0.	1.3974e-008	0.
1860.	3.3845e-009	0.	3.3845e-009	0.
1864.	1.932e-009	0.	1.932e-009	0.
1868.	1.3563e-009	0.	1.3563e-009	0.
1872.	1.0482e-009	0.	1.0482e-009	0.
1876.	8.568e-010	0.	8.568e-010	0.
1880.	7.2671e-010	0.	7.2671e-010	0.
1884.	6.3284e-010	0.	6.3284e-010	0.
1888.	5.6217e-010	0.	5.6217e-010	0.
1892.	5.0727e-010	0.	5.0727e-010	0.
1896.	4.6359e-010	0.	4.6359e-010	0.
1900.	4.282e-010	0.	4.282e-010	0.
1904.	3.991e-010	0.	3.991e-010	0.
1908.	3.7493e-010	0.	3.7493e-010	0.
1912.	3.5468e-010	0.	3.5468e-010	0.
1916.	3.3763e-010	0.	3.3763e-010	0.
1920.	3.2323e-010	0.	3.2323e-010	0.
1924.	3.1106e-010	0.	3.1106e-010	0.
1928.	3.008e-010	0.	3.008e-010	0.
1932.	2.9221e-010	0.	2.9221e-010	0.
1936.	2.8507e-010	0.	2.8507e-010	0.
1940.	2.7925e-010	0.	2.7925e-010	0.
1944.	2.7461e-010	0.	2.7461e-010	0.
1948.	2.7106e-010	0.	2.7106e-010	0.
1952.	2.6853e-010	0.	2.6853e-010	0.
1956.	2.6697e-010	0.	2.6697e-010	0.
1960.	2.6634e-010	0.	2.6634e-010	0.
1964.	2.6662e-010	0.	2.6662e-010	0.
1968.	2.6779e-010	0.	2.6779e-010	0.
1972.	2.6988e-010	0.	2.6988e-010	0.
1976.	2.7288e-010	0.	2.7288e-010	0.
1980.	2.7684e-010	0.	2.7684e-010	0.
1984.	2.8181e-010	0.	2.8181e-010	0.
1988.	2.8784e-010	0.	2.8784e-010	0.
1992.	2.9502e-010	0.	2.9502e-010	0.
1996.	3.0345e-010	0.	3.0345e-010	0.
2000.	3.1326e-010	0.	3.1326e-010	0.
2004.	3.2461e-010	0.	3.2461e-010	0.
2008.	3.377e-010	0.	3.377e-010	0.
2012.	3.5278e-010	0.	3.5278e-010	0.
2016.	3.7016e-010	0.	3.7016e-010	0.
2020.	3.9024e-010	0.	3.9024e-010	0.
2024.	4.135e-010	0.	4.135e-010	0.
2028.	4.4061e-010	0.	4.4061e-010	0.
2032.	4.7241e-010	0.	4.7241e-010	0.
2036.	5.1004e-010	0.	5.1004e-010	0.
2040.	5.5504e-010	0.	5.5504e-010	0.
2044.	6.0958e-010	0.	6.0958e-010	0.
2048.	6.7681e-010	0.	6.7681e-010	0.
2052.	7.6141e-010	0.	7.6141e-010	0.
2056.	8.7075e-010	0.	8.7075e-010	0.
2060.	1.0171e-009	0.	1.0171e-009	0.
2064.	1.2223e-009	0.	1.2223e-009	0.
2068.	1.53e-009	0.	1.53e-009	0.
2072.	2.0407e-009	0.	2.0407e-009	0.
2076.	3.049e-009	0.	3.049e-009	0.
2080.	5.9355e-009	0.	5.9355e-009	0.
2084.	5.1632e-008	0.	5.1632e-008	0.
2088.	5.9943e-009	180.	-5.9943e-009	0.
2092.	3.1821e-009	180.	-3.1821e-009	0.
2096.	2.1465e-009	180.	-2.1465e-009	0.
2100.	1.6234e-009	180.	-1.6234e-009	0.
2104.	1.3092e-009	180.	-1.3092e-009	0.
2108.	1.1001e-009	180.	-1.1001e-009	0.
2112.	9.5105e-010	180.	-9.5105e-010	0.
2116.	8.3963e-010	180.	-8.3963e-010	0.
2120.	7.5327e-010	180.	-7.5327e-010	0.
2124.	6.8446e-010	180.	-6.8446e-010	0.
2128.	6.2839e-010	180.	-6.2839e-010	0.
2132.	5.8188e-010	180.	-5.8188e-010	0.
2136.	5.4271e-010	180.	-5.4271e-010	0.
2140.	5.0931e-010	180.	-5.0931e-010	0.
2144.	4.8051e-010	180.	-4.8051e-010	0.
2148.	4.5546e-010	180.	-4.5546e-010	0.
2152.	4.3348e-010	180.	-4.3348e-010	0.
2156.	4.1407e-010	180.	-4.1407e-010	0.
2160.	3.968e-010	180.	-3.968e-010	0.
2164.	3.8137e-010	180.	-3.8137e-010	0.
2168.	3.6751e-010	180.	-3.6751e-010	0.
2172.	3.5499e-010	180.	-3.5499e-010	0.
2176.	3.4365e-010	180.	-3.4365e-010	0.
2180.	3.3334e-010	180.	-3.3334e-010	0.
2184.	3.2392e-010	180.	-3.2392e-010	0.
2188.	3.1531e-010	180.	-3.1531e-010	0.
2192.	3.0739e-010	180.	-3.0739e-010	0.
2196.	3.0011e-010	180.	-3.0011e-010	0.
2200.	2.934e-010	180.	-2.934e-010	0.
2204.	2.8719e-010	180.	-2.8719e-010	0.
2208.	2.8144e-010	180.	-2.8144e-010	0.
2212.	2.761e-010	180.	-2.761e-010	0.
2216.	2.7114e-010	180.	-2.7114e-010	0.
2220.	2.6652e-010	180.	-2.6652e-010	0.
2224.	2.6222e-010	180.	-2.6222e-010	0.
2228.	2.582e-010	180.	-2.582e-010	0.
2232.	2.5444e-010	180.	-2.5444e-010	0.
2236.	2.5093e-010	180.	-2.5093e-010	0.
2240.	2.4764e-010	180.	-2.4764e-010	0.
2244.	2.4455e-010	180.	-2.4455e-010	0.
2248.	2.4166e-010	180.	-2.4166e-010	0.
2252.	2.3895e-010	180.	-2.3895e-010	0.
2256.	2.3639e-010	180.	-2.3639e-010	0.
2260.	2.34e-010	180.	-2.34e-010	0.
2264.	2.3174e-010	180.	-2.3174e-010	0.
2268.	2.2962e-010	180.	-2.2962e-010	0.
2272.	2.2763e-010	180.	-2.2763e-010	0.
2276.	2.2575e-010	180.	-2.2575e-010	0.
2280.	2.2398e-010	180.	-2.2398e-010	0.
2284.	2.2232e-010	180.	-2.2232e-010	0.
2288.	2.2075e-010	180.	-2.2075e-010	0.
2292.	2.1927e-010	180.	-2.1927e-010	0.
2296.	2.1789e-010	180.	-2.1789e-010	0.
2300.	2.1658e-010	180.	-2.1658e-010	0.
2304.	2.1535e-010	180.	-2.1535e-010	0.
2308.	2.142e-010	180.	-2.142e-010	0.
2312.	2.1311e-010	180.	-2.1311e-010	0.
2316.	2.1209e-010	180.	-2.1209e-010	0.
2320.	2.1114e-010	180.	-2.1114e-010	0.
2324.	2.1024e-010	180.	-2.1024e-010	0.
2328.	2.094e-010	180.	-2.094e-010	0.
2332.	2.0862e-010	180.	-2.0862e-010	0.
2336.	2.0788e-010	180.	-2.0788e-010	0.
2340.	2.072e-010	180.	-2.072e-010	0.
2344.	2.0657e-010	180.	-2.0657e-010	0.
2348.	2.0598e-010	180.	-2.0598e-010	0.
2352.	2.0543e-010	180.	-2.0543e-010	0.
2356.	2.0493e-010	180.	-2.0493e-010	0.
2360.	2.0446e-010	180.	-2.0446e-010	0.
2364.	2.0404e-010	180.	-2.0404e-010	0.
2368.	2.0365e-010	180.	-2.0365e-010	0.
2372.	2.033e-010	180.	-2.033e-010	0.
2376.	2.0298e-010	180.	-2.0298e-010	0.
2380.	2.0269e-010	180.	-2.0269e-010	0.
2384.	2.0244e-010	180.	-2.0244e-010	0.
2388.	2.0222e-010	180.	-2.0222e-010	0.
2392.	2.0203e-010	180.	-2.0203e-010	0.
2396.	2.0186e-010	180.	-2.0186e-010	0.
2400.	2.0173e-010	180.	-2.0173e-010	0.
2404.	2.0162e-010	180.	-2.0162e-010	0.
2408.	2.0154e-010	180.	-2.0154e-010	0.
2412.	2.0149e-010	180.	-2.0149e-010	0.
2416.	2.0145e-010	180.	-2.0145e-010	0.
2420.	2.0145e-010	180.	-2.0145e-010	0.
2424.	2.0147e-010	180.	-2.0147e-010	0.
2428.	2.0151e-010	180.	-2.0151e-010	0.
2432.	2.0157e-010	180.	-2.0157e-010	0.
2436.	2.0165e-010	180.	-2.0165e-010	0.
2440.	2.0176e-010	180.	-2.0176e-010	0.
2444.	2.0189e-010	180.	-2.0189e-010	0.
2448.	2.0203e-010	180.	-2.0203e-010	0.
2452.	2.022e-010	180.	-2.022e-010	0.
2456.	2.0239e-010	180.	-2.0239e-010	0.
2460.	2.0259e-010	180.	-2.0259e-010	0.
2464.	2.0282e-010	180.	-2.0282e-010	0.
2468.	2.0306e-010	180.	-2.0306e-010	0.
2472.	2.0332e-010	180.	-2.0332e-010	0.
2476.	2.036e-010	180.	-2.036e-010	0.
2480.	2.0389e-010	180.	-2.0389e-010	0.
2484.	2.0421e-010	180.	-2.0421e-010	0.
2488.	2.0454e-010	180.	-2.0454e-010	0.
2492.	2.0488e-010	180.	-2.0488e-010	0.
2496.	2.0525e-010	180.	-2.0525e-010	0.
2500.	2.0563e-010	180.	-2.0563e-010	0.
2504.	2.0602e-010	180.	-2.0602e-010	0.
2508.	2.0643e-010	180.	-2.0643e-010	0.
2512.	2.0686e-010	180.	-2.0686e-010	0.
2516.	2.073e-010	180.	-2.073e-010	0.
2520.	2.0776e-010	180.	-2.0776e-010	0.
2524.	2.0823e-010	180.	-2.0823e-010	0.
2528.	2.0872e-010	180.	-2.0872e-010	0.
2532.	2.0922e-010	180.	-2.0922e-010	0.
2536.	2.0974e-010	180.	-2.0974e-010	0.
2540.	2.1027e-010	180.	-2.1027e-010	0.
2544.	2.1082e-010	180.	-2.1082e-010	0.
2548.	2.1138e-010	180.	-2.1138e-010	0.
2552.	2.1196e-010	180.	-2.1196e-010	0.
2556.	2.1255e-010	180.	-2.1255e-010	0.
2560.	2.1315e-010	180.	-2.1315e-010	0.
2564.	2.1377e-010	180.	-2.1377e-010	0.
2568.	2.144e-010	180.	-2.144e-010	0.
2572.	2.1505e-010	180.	-2.1505e-010	0.
2576.	2.1571e-010	180.	-2.1571e-010	0.
2580.	2.1638e-010	180.	-2.1638e-010	0.
2584.	2.1707e-010	180.	-2.1707e-010	0.
2588.	2.1777e-010	180.	-2.1777e-010	0.
2592.	2.1849e-010	180.	-2.1849e-010	0.
2596.	2.1922e-010	180.	-2.1922e-010	0.
2600.	2.1997e-010	180.	-2.1997e-010	0.
2604.	2.2073e-010	180.	-2.2073e-010	0.
2608.	2.215e-010	180.	-2.215e-010	0.
2612.	2.2229e-010	180.	-2.2229e-010	0.
2616.	2.2309e-010	180.	-2.2309e-010	0.
2620.	2.239e-010	180.	-2.239e-010	0.
2624.	2.2473e-010	180.	-2.2473e-010	0.
2628.	2.2557e-010	180.	-2.2557e-010	0.
2632.	2.2643e-010	180.	-2.2643e-010	0.
2636.	2.273e-010	180.	-2.273e-010	0.
2640.	2.2819e-010	180.	-2.2819e-010	0.
2644.	2.2909e-010	180.	-2.2909e-010	0.
2648.	2.3001e-010	180.	-2.3001e-010	0.
2652.	2.3094e-010	180.	-2.3094e-010	0.
2656.	2.3188e-010	180.	-2.3188e-010	0.
2660.	2.3284e-010	180.	-2.3284e-010	0.
2664.	2.3382e-010	180.	-2.3382e-010	0.
2668.	2.3481e-010	180.	-2.3481e-010	0.
2672.	2.3581e-010	180.	-2.3581e-010	0.
2676.	2.3683e-010	180.	-2.3683e-010	0.
2680.	2.3787e-010	180.	-2.3787e-010	0.
2684.	2.3892e-010	180.	-2.3892e-010	0.
2688.	2.3998e-010	180.	-2.3998e-010	0.
2692.	2.4107e-010	180.	-2.4107e-010	0.
2696.	2.4216e-010	180.	-2.4216e-010	0.
2700.	2.4328e-010	180.	-2.4328e-010	0.
2704.	2.4441e-010	180.	-2.4441e-010	0.
2708.	2.4555e-010	180.	-2.4555e-010	0.
2712.	2.4672e-010	180.	-2.4672e-010	0.
2716.	2.4789e-010	180.	-2.4789e-010	0.
2720.	2.4909e-010	180.	-2.4909e-010	0.
2724.	2.503e-010	180.	-2.503e-010	0.
2728.	2.5153e-010	180.	-2.5153e-010	0.
2732.	2.5278e-010	180.	-2.5278e-010	0.
2736.	2.5405e-010	180.	-2.5405e-010	0.
2740.	2.5533e-010	180.	-2.5533e-010	0.
2744.	2.5663e-010	180.	-2.5663e-010	0.
2748.	2.5795e-010	180.	-2.5795e-010	0.
2752.	2.5929e-010	180.	-2.5929e-010	0.
2756.	2.6064e-010	180.	-2.6064e-010	0.
2760.	2.6202e-010	180.	-2.6202e-010	0.
2764.	2.6341e-010	180.	-2.6341e-010	0.
2768.	2.6482e-010	180.	-2.6482e-010	0.
2772.	2.6626e-010	180.	-2.6626e-010	0.
2776.	2.6771e-010	180.	-2.6771e-010	0.
2780.	2.6918e-010	180.	-2.6918e-010	0.
2784.	2.7068e-010	180.	-2.7068e-010	0.
2788.	2.7219e-010	180.	-2.7219e-010	0.
2792.	2.7373e-010	180.	-2.7373e-010	0.
2796.	2.7528e-010	180.	-2.7528e-010	0.
2800.	2.7686e-010	180.	-2.7686e-010	0.
2804.	2.7846e-010	180.	-2.7846e-010	0.
2808.	2.8008e-010	180.	-2.8008e-010	0.
2812.	2.8173e-010	180.	-2.8173e-010	0.
2816.	2.834e-010	180.	-2.834e-010	0.
2820.	2.8509e-010	180.	-2.8509e-010	0.
2824.	2.868e-010	180.	-2.868e-010	0.
2828.	2.8854e-010	180.	-2.8854e-010	0.
2832.	2.9031e-010	180.	-2.9031e-010	0.
2836.	2.921e-010	180.	-2.921e-010	0.
2840.	2.9391e-010	180.	-2.9391e-010	0.
2844.	2.9575e-010	180.	-2.9575e-010	0.
2848.	2.9762e-010	180.	-2.9762e-010	0.
2852.	2.9951e-010	180.	-2.9951e-010	0.
2856.	3.0143e-010	180.	-3.0143e-010	0.
2860.	3.0337e-010	180.	-3.0337e-010	0.
2864.	3.0535e-010	180.	-3.0535e-010	0.
2868.	3.0735e-010	180.	-3.0735e-010	0.
2872.	3.0938e-010	180.	-3.0938e-010	0.
2876.	3.1145e-010	180.	-3.1145e-010	0.
2880.	3.1354e-010	180.	-3.1354e-010	0.
2884.	3.1566e-010	180.	-3.1566e-010	0.
2888.	3.1781e-010	180.	-3.1781e-010	0.
2892.	3.2e-010	180.	-3.2e-010	0.
2896.	3.2222e-010	180.	-3.2222e-010	0.
2900.	3.2447e-010	180.	-3.2447e-010	0.
2904.	3.2675e-010	180.	-3.2675e-010	0.
2908.	3.2907e-010	180.	-3.2907e-010	0.
2912.	3.3142e-010	180.	-3.3142e-010	0.
2916.	3.3381e-010	180.	-3.3381e-010	0.
2920.	3.3624e-010	180.	-3.3624e-010	0.
2924.	3.387e-010	180.	-3.387e-010	0.
2928.	3.412e-010	180.	-3.412e-010	0.
2932.	3.4374e-010	180.	-3.4374e-010	0.
2936.	3.4632e-010	180.	-3.4632e-010	0.
2940.	3.4893e-010	180.	-3.4893e-010	0.
2944.	3.5159e-010	180.	-3.5159e-010	0.
2948.	3.5429e-010	180.	-3.5429e-010	0.
2952.	3.5704e-010	180.	-3.5704e-010	0.
2956.	3.5983e-010	180.	-3.5983e-010	0.
2960.	3.6266e-010	180.	-3.6266e-010	0.
2964.	3.6554e-010	180.	-3.6554e-010	0.
2968.	3.6846e-010	180.	-3.6846e-010	0.
2972.	3.7143e-010	180.	-3.7143e-010	0.
2976.	3.7445e-010	180.	-3.7445e-010	0.
2980.	3.7752e-010	180.	-3.7752e-010	0.
2984.	3.8065e-010	180.	-3.8065e-010	0.
2988.	3.8382e-010	180.	-3.8382e-010	0.
2992.	3.8705e-010	180.	-3.8705e-010	0.
2996.	3.9033e-010	180.	-3.9033e-010	0.
3000.	3.9367e-010	180.	-3.9367e-010	0.
3004.	3.9706e-010	180.	-3.9706e-010	0.
3008.	4.0051e-010	180.	-4.0051e-010	0.
3012.	4.0403e-010	180.	-4.0403e-010	0.
3016.	4.076e-010	180.	-4.076e-010	0.
3020.	4.1124e-010	180.	-4.1124e-010	0.
3024.	4.1494e-010	180.	-4.1494e-010	0.
3028.	4.1871e-010	180.	-4.1871e-010	0.
3032.	4.2255e-010	180.	-4.2255e-010	0.
3036.	4.2646e-010	180.	-4.2646e-010	0.
3040.	4.3044e-010	180.	-4.3044e-010	0.
3044.	4.3449e-010	180.	-4.3449e-010	0.
3048.	4.3862e-010	180.	-4.3862e-010	0.
3052.	4.4282e-010	180.	-4.4282e-010	0.
3056.	4.471e-010	180.	-4.471e-010	0.
3060.	4.5147e-010	180.	-4.5147e-010	0.
3064.	4.5592e-010	180.	-4.5592e-010	0.
3068.	4.6045e-010	180.	-4.6045e-010	0.
3072.	4.6508e-010	180.	-4.6508e-010	0.
3076.	4.6979e-010	180.	-4.6979e-010	0.
3080.	4.746e-010	180.	-4.746e-010	0.
3084.	4.7951e-010	180.	-4.7951e-010	0.
3088.	4.8451e-010	180.	-4.8451e-010	0.
3092.	4.8962e-010	180.	-4.8962e-010	0.
3096.	4.9483e-010	180.	-4.9483e-010	0.
3100.	5.0015e-010	180.	-5.0015e-010	0.
3104.	5.0558e-010	180.	-5.0558e-010	0.
3108.	5.1112e-010	180.	-5.1112e-010	0.
3112.	5.1679e-010	180.	-5.1679e-010	0.
3116.	5.2257e-010	180.	-5.2257e-010	0.
3120.	5.2849e-010	180.	-5.2849e-010	0.
3124.	5.3453e-010	180.	-5.3453e-010	0.
3128.	5.4071e-010	180.	-5.4071e-010	0.
3132.	5.4702e-010	180.	-5.4702e-010	0.
3136.	5.5348e-010	180.	-5.5348e-010	0.
3140.	5.6009e-010	180.	-5.6009e-010	0.
3144.	5.6685e-010	180.	-5.6685e-010	0.
3148.	5.7377e-010	180.	-5.7377e-010	0.
3152.	5.8085e-010	180.	-5.8085e-010	0.
3156.	5.881e-010	180.	-5.881e-010	0.
3160.	5.9553e-010	180.	-5.9553e-010	0.
3164.	6.0314e-010	180.	-6.0314e-010	0.
3168.	6.1094e-010	180.	-6.1094e-010	0.
3172.	6.1893e-010	180.	-6.1893e-010	0.
3176.	6.2713e-010	180.	-6.2713e-010	0.
3180.	6.3553e-010	180.	-6.3553e-010	0.
3184.	6.4416e-010	180.	-6.4416e-010	0.
3188.	6.5301e-010	180.	-6.5301e-010	0.
3192.	6.621e-010	180.	-6.621e-010	0.
3196.	6.7143e-010	180.	-6.7143e-010	0.
3200.	6.8102e-010	180.	-6.8102e-010	0.
3204.	6.9087e-010	180.	-6.9087e-010	0.
3208.	7.01e-010	180.	-7.01e-010	0.
3212.	7.1141e-010	180.	-7.1141e-010	0.
3216.	7.2213e-010	180.	-7.2213e-010	0.
3220.	7.3316e-010	180.	-7.3316e-010	0.
3224.	7.4451e-010	180.	-7.4451e-010	0.
3228.	7.5621e-010	180.	-7.5621e-010	0.
3232.	7.6827e-010	180.	-7.6827e-010	0.
3236.	7.8069e-010	180.	-7.8069e-010	0.
3240.	7.9351e-010	180.	-7.9351e-010	0.
3244.	8.0674e-010	180.	-8.0674e-010	0.
3248.	8.2039e-010	180.	-8.2039e-010	0.
3252.	8.345e-010	180.	-8.345e-010	0.
3256.	8.4907e-010	180.	-8.4907e-010	0.
3260.	8.6415e-010	180.	-8.6415e-010	0.
3264.	8.7974e-010	180.	-8.7974e-010	0.
3268.	8.9588e-010	180.	-8.9588e-010	0.
3272.	9.126e-010	180.	-9.126e-010	0.
3276.	9.2993e-010	180.	-9.2993e-010	0.
3280.	9.479e-010	180.	-9.479e-010	0.
3284.	9.6655e-010	180.	-9.6655e-010	0.
3288.	9.8591e-010	180.	-9.8591e-010	0.
3292.	1.006e-009	180.	-1.006e-009	0.
3296.	1.027e-009	180.	-1.027e-009	0.
3300.	1.0488e-009	180.	-1.0488e-009	0.
3304.	1.0714e-009	180.	-1.0714e-009	0.
3308.	1.0951e-009	180.	-1.0951e-009	0.
3312.	1.1198e-009	180.	-1.1198e-009	0.
3316.	1.1456e-009	180.	-1.1456e-009	0.
3320.	1.1725e-009	180.	-1.1725e-009	0.
3324.	1.2007e-009	180.	-1.2007e-009	0.
3328.	1.2302e-009	180.	-1.2302e-009	0.
3332.	1.2612e-009	180.	-1.2612e-009	0.
3336.	1.2937e-009	180.	-1.2937e-009	0.
3340.	1.3279e-009	180.	-1.3279e-009	0.
3344.	1.3639e-009	180.	-1.3639e-009	0.
3348.	1.4018e-009	180.	-1.4018e-009	0.
3352.	1.4419e-009	180.	-1.4419e-009	0.
3356.	1.4842e-009	180.	-1.4842e-009	0.
3360.	1.529e-009	180.	-1.529e-009	0.
3364.	1.5765e-009	180.	-1.5765e-009	0.
3368.	1.627e-009	180.	-1.627e-009	0.
3372.	1.6808e-009	180.	-1.6808e-009	0.
3376.	1.7382e-009	180.	-1.7382e-009	0.
3380.	1.7995e-009	180.	-1.7995e-009	0.
3384.	1.8653e-009	180.	-1.8653e-009	0.
3388.	1.9361e-009	180.	-1.9361e-009	0.
3392.	2.0123e-009	180.	-2.0123e-009	0.
3396.	2.0949e-009	180.	-2.0949e-009	0.
3400.	2.1846e-009	180.	-2.1846e-009	0.
3404.	2.2824e-009	180.	-2.2824e-009	0.
3408.	2.3896e-009	180.	-2.3896e-009	0.
3412.	2.5079e-009	180.	-2.5079e-009	0.
3416.	2.6394e-009	180.	-2.6394e-009	0.
3420.	2.787e-009	180.	-2.787e-009	0.
3424.	2.9549e-009	180.	-2.9549e-009	0.
3428.	3.1501e-009	180.	-3.1501e-009	0.
3432.	3.3854e-009	180.	-3.3854e-009	0.
3436.	3.6916e-009	180.	-3.6916e-009	0.
3440.	4.1802e-009	180.	-4.1802e-009	0.
3444.	6.1768e-009	180.	-6.1768e-009	0.
3448.	2.8022e-009	180.	-2.8022e-009	0.
3452.	3.9588e-009	180.	-3.9588e-009	0.
3456.	4.5659e-009	180.	-4.5659e-009	0.
3460.	5.1484e-009	180.	-5.1484e-009	0.
3464.	5.8027e-009	180.	-5.8027e-009	0.
3468.	6.5895e-009	180.	-6.5895e-009	0.
3472.	7.5804e-009	180.	-7.5804e-009	0.
3476.	8.8842e-009	180.	-8.8842e-009	0.
3480.	1.069e-008	180.	-1.069e-008	0.
3484.	1.3363e-008	180.	-1.3363e-008	0.
3488.	1.7732e-008	180.	-1.7732e-008	0.
3492.	2.611e-008	180.	-2.611e-008	0.
3496.	4.8251e-008	180.	-4.8251e-008	0.
3500.	2.3236e-007	180.	-2.3236e-007	0.
3504.	1.3451e-007	0.	1.3451e-007	0.
3508.	7.0692e-009	0.	7.0692e-009	0.
3512.	1.5012e-008	0.	1.5012e-008	0.
3516.	1.2504e-008	0.	1.2504e-008	0.
3520.	1.0379e-008	0.	1.0379e-008	0.
3524.	8.8108e-009	0.	8.8108e-009	0.
3528.	7.6381e-009	0.	7.6381e-009	0.
3532.	6.7357e-009	0.	6.7357e-009	0.
3536.	6.0225e-009	0.	6.0225e-009	0.
3540.	5.4456e-009	0.	5.4456e-009	0.
3544.	4.97e-009	0.	4.97e-009	0.
3548.	4.5713e-009	0.	4.5713e-009	0.
3552.	4.2324e-009	0.	4.2324e-009	0.
3556.	3.9409e-009	0.	3.9409e-009	0.
3560.	3.6875e-009	0.	3.6875e-009	0.
3564.	3.4652e-009	0.	3.4652e-009	0.
3568.	3.2688e-009	0.	3.2688e-009	0.
3572.	3.0938e-009	0.	3.0938e-009	0.
3576.	2.937e-009	0.	2.937e-009	0.
3580.	2.7958e-009	0.	2.7958e-009	0.
3584.	2.6678e-009	0.	2.6678e-009	0.
3588.	2.5514e-009	0.	2.5514e-009	0.
3592.	2.445e-009	0.	2.445e-009	0.
3596.	2.3474e-009	0.	2.3474e-009	0.
3600.	2.2576e-009	0.	2.2576e-009	0.
3604.	2.1746e-009	0.	2.1746e-009	0.
3608.	2.0977e-009	0.	2.0977e-009	0.
3612.	2.0263e-009	0.	2.0263e-009	0.
3616.	1.9598e-009	0.	1.9598e-009	0.
3620.	1.8977e-009	0.	1.8977e-009	0.
3624.	1.8396e-009	0.	1.8396e-009	0.
3628.	1.7851e-009	0.	1.7851e-009	0.
3632.	1.734e-009	0.	1.734e-009	0.
3636.	1.6858e-009	0.	1.6858e-009	0.
3640.	1.6403e-009	0.	1.6403e-009	0.
3644.	1.5974e-009	0.	1.5974e-009	0.
3648.	1.5568e-009	0.	1.5568e-009	0.
3652.	1.5183e-009	0.	1.5183e-009	0.
3656.	1.4819e-009	0.	1.4819e-009	0.
3660.	1.4472e-009	0.	1.4472e-009	0.
3664.	1.4142e-009	0.	1.4142e-009	0.
3668.	1.3828e-009	0.	1.3828e-009	0.
3672.	1.3529e-009	0.	1.3529e-009	0.
3676.	1.3243e-009	0.	1.3243e-009	0.
3680.	1.297e-009	0.	1.297e-009	0.
3684.	1.2709e-009	0.	1.2709e-009	0.
3688.	1.2459e-009	0.	1.2459e-009	0.
3692.	1.222e-009	0.	1.222e-009	0.
3696.	1.199e-009	0.	1.199e-009	0.
3700.	1.177e-009	0.	1.177e-009	0.
3704.	1.1558e-009	0.	1.1558e-009	0.
3708.	1.1354e-009	0.	1.1354e-009	0.
3712.	1.1159e-009	0.	1.1159e-009	0.
3716.	1.097e-009	0.	1.097e-009	0.
3720.	1.0789e-009	0.	1.0789e-009	0.
3724.	1.0614e-009	0.	1.0614e-009	0.
3728.	1.0445e-009	0.	1.0445e-009	0.
3732.	1.0282e-009	0.	1.0282e-009	0.
3736.	1.0125e-009	0.	1.0125e-009	0.
3740.	9.9725e-010	0.	9.9725e-010	0.
3744.	9.8256e-010	0.	9.8256e-010	0.
3748.	9.6834e-010	0.	9.6834e-010	0.
3752.	9.5458e-010	0.	9.5458e-010	0.
3756.	9.4126e-010	0.	9.4126e-010	0.
3760.	9.2835e-010	0.	9.2835e-010	0.
3764.	9.1584e-010	0.	9.1584e-010	0.
3768.	9.0371e-010	0.	9.0371e-010	0.
3772.	8.9194e-010	0.	8.9194e-010	0.
3776.	8.8053e-010	0.	8.8053e-010	0.
3780.	8.6944e-010	0.	8.6944e-010	0.
3784.	8.5867e-010	0.	8.5867e-010	0.
3788.	8.4821e-010	0.	8.4821e-010	0.
3792.	8.3804e-010	0.	8.3804e-010	0.
3796.	8.2816e-010	0.	8.2816e-010	0.
3800.	8.1854e-010	0.	8.1854e-010	0.
3804.	8.0918e-010	0.	8.0918e-010	0.
3808.	8.0007e-010	0.	8.0007e-010	0.
3812.	7.912e-010	0.	7.912e-010	0.
3816.	7.8257e-010	0.	7.8257e-010	0.
3820.	7.7415e-010	0.	7.7415e-010	0.
3824.	7.6595e-010	0.	7.6595e-010	0.
3828.	7.5796e-010	0.	7.5796e-010	0.
3832.	7.5016e-010	0.	7.5016e-010	0.
3836.	7.4256e-010	0.	7.4256e-010	0.
3840.	7.3514e-010	0.	7.3514e-010	0.
3844.	7.279e-010	0.	7.279e-010	0.
3848.	7.2083e-010	0.	7.2083e-010	0.
3852.	7.1393e-010	0.	7.1393e-010	0.
3856.	7.0719e-010	0.	7.0719e-010	0.
3860.	7.0061e-010	0.	7.0061e-010	0.
3864.	6.9418e-010	0.	6.9418e-010	0.
3868.	6.8789e-010	0.	6.8789e-010	0.
3872.	6.8175e-010	0.	6.8175e-010	0.
3876.	6.7574e-010	0.	6.7574e-010	0.
3880.	6.6986e-010	0.	6.6986e-010	0.
3884.	6.6412e-010	0.	6.6412e-010	0.
3888.	6.5849e-010	0.	6.5849e-010	0.
3892.	6.5299e-010	0.	6.5299e-010	0.
3896.	6.4761e-010	0.	6.4761e-010	0.
3900.	6.4234e-010	0.	6.4234e-010	0.
3904.	6.3718e-010	0.	6.3718e-010	0.
3908.	6.3212e-010	0.	6.3212e-010	0.
3912.	6.2718e-010	0.	6.2718e-010	0.
3916.	6.2233e-010	0.	6.2233e-010	0.
3920.	6.1758e-010	0.	6.1758e-010	0.
3924.	6.1293e-010	0.	6.1293e-010	0.
3928.	6.0836e-010	0.	6.0836e-010	0.
3932.	6.0389e-010	0.	6.0389e-010	0.
3936.	5.9951e-010	0.	5.9951e-010	0.
3940.	5.9522e-010	0.	5.9522e-010	0.
3944.	5.91e-010	0.	5.91e-010	0.
3948.	5.8687e-010	0.	5.8687e-010	0.
3952.	5.8282e-010	0.	5.8282e-010	0.
3956.	5.7884e-010	0.	5.7884e-010	0.
3960.	5.7494e-010	0.	5.7494e-010	0.
3964.	5.7111e-010	0.	5.7111e-010	0.
3968.	5.6736e-010	0.	5.6736e-010	0.
3972.	5.6367e-010	0.	5.6367e-010	0.
3976.	5.6005e-010	0.	5.6005e-010	0.
3980.	5.565e-010	0.	5.565e-010	0.
3984.	5.5301e-010	0.	5.5301e-010	0.
3988.	5.4958e-010	0.	5.4958e-010	0.
3992.	5.4622e-010	0.	5.4622e-010	0.
3996.	5.4292e-010	0.	5.4292e-010	0.
4000.	5.3967e-010	0.	5.3967e-010	0.
