é¸îgêî (Hz)	êUïù (m)	à ëääp (ìx)	é¿ïî (m)	ãïïî (m)
4.	7.8864e-013	180.	-7.8864e-013	0.
8.	7.8864e-013	180.	-7.8864e-013	0.
12.	7.8865e-013	180.	-7.8865e-013	0.
16.	7.8865e-013	180.	-7.8865e-013	0.
20.	7.8866e-013	180.	-7.8866e-013	0.
24.	7.8867e-013	180.	-7.8867e-013	0.
28.	7.8868e-013	180.	-7.8868e-013	0.
32.	7.8869e-013	180.	-7.8869e-013	0.
36.	7.887e-013	180.	-7.887e-013	0.
40.	7.8872e-013	180.	-7.8872e-013	0.
44.	7.8874e-013	180.	-7.8874e-013	0.
48.	7.8876e-013	180.	-7.8876e-013	0.
52.	7.8878e-013	180.	-7.8878e-013	0.
56.	7.888e-013	180.	-7.888e-013	0.
60.	7.8882e-013	180.	-7.8882e-013	0.
64.	7.8885e-013	180.	-7.8885e-013	0.
68.	7.8887e-013	180.	-7.8887e-013	0.
72.	7.889e-013	180.	-7.889e-013	0.
76.	7.8893e-013	180.	-7.8893e-013	0.
80.	7.8896e-013	180.	-7.8896e-013	0.
84.	7.89e-013	180.	-7.89e-013	0.
88.	7.8903e-013	180.	-7.8903e-013	0.
92.	7.8907e-013	180.	-7.8907e-013	0.
96.	7.8911e-013	180.	-7.8911e-013	0.
100.	7.8915e-013	180.	-7.8915e-013	0.
104.	7.8919e-013	180.	-7.8919e-013	0.
108.	7.8923e-013	180.	-7.8923e-013	0.
112.	7.8928e-013	180.	-7.8928e-013	0.
116.	7.8932e-013	180.	-7.8932e-013	0.
120.	7.8937e-013	180.	-7.8937e-013	0.
124.	7.8942e-013	180.	-7.8942e-013	0.
128.	7.8947e-013	180.	-7.8947e-013	0.
132.	7.8952e-013	180.	-7.8952e-013	0.
136.	7.8958e-013	180.	-7.8958e-013	0.
140.	7.8963e-013	180.	-7.8963e-013	0.
144.	7.8969e-013	180.	-7.8969e-013	0.
148.	7.8975e-013	180.	-7.8975e-013	0.
152.	7.8981e-013	180.	-7.8981e-013	0.
156.	7.8988e-013	180.	-7.8988e-013	0.
160.	7.8994e-013	180.	-7.8994e-013	0.
164.	7.9001e-013	180.	-7.9001e-013	0.
168.	7.9007e-013	180.	-7.9007e-013	0.
172.	7.9014e-013	180.	-7.9014e-013	0.
176.	7.9021e-013	180.	-7.9021e-013	0.
180.	7.9029e-013	180.	-7.9029e-013	0.
184.	7.9036e-013	180.	-7.9036e-013	0.
188.	7.9044e-013	180.	-7.9044e-013	0.
192.	7.9051e-013	180.	-7.9051e-013	0.
196.	7.9059e-013	180.	-7.9059e-013	0.
200.	7.9067e-013	180.	-7.9067e-013	0.
204.	7.9076e-013	180.	-7.9076e-013	0.
208.	7.9084e-013	180.	-7.9084e-013	0.
212.	7.9093e-013	180.	-7.9093e-013	0.
216.	7.9102e-013	180.	-7.9102e-013	0.
220.	7.911e-013	180.	-7.911e-013	0.
224.	7.912e-013	180.	-7.912e-013	0.
228.	7.9129e-013	180.	-7.9129e-013	0.
232.	7.9138e-013	180.	-7.9138e-013	0.
236.	7.9148e-013	180.	-7.9148e-013	0.
240.	7.9158e-013	180.	-7.9158e-013	0.
244.	7.9168e-013	180.	-7.9168e-013	0.
248.	7.9178e-013	180.	-7.9178e-013	0.
252.	7.9188e-013	180.	-7.9188e-013	0.
256.	7.9198e-013	180.	-7.9198e-013	0.
260.	7.9209e-013	180.	-7.9209e-013	0.
264.	7.922e-013	180.	-7.922e-013	0.
268.	7.9231e-013	180.	-7.9231e-013	0.
272.	7.9242e-013	180.	-7.9242e-013	0.
276.	7.9253e-013	180.	-7.9253e-013	0.
280.	7.9265e-013	180.	-7.9265e-013	0.
284.	7.9276e-013	180.	-7.9276e-013	0.
288.	7.9288e-013	180.	-7.9288e-013	0.
292.	7.93e-013	180.	-7.93e-013	0.
296.	7.9312e-013	180.	-7.9312e-013	0.
300.	7.9324e-013	180.	-7.9324e-013	0.
304.	7.9337e-013	180.	-7.9337e-013	0.
308.	7.935e-013	180.	-7.935e-013	0.
312.	7.9362e-013	180.	-7.9362e-013	0.
316.	7.9375e-013	180.	-7.9375e-013	0.
320.	7.9389e-013	180.	-7.9389e-013	0.
324.	7.9402e-013	180.	-7.9402e-013	0.
328.	7.9415e-013	180.	-7.9415e-013	0.
332.	7.9429e-013	180.	-7.9429e-013	0.
336.	7.9443e-013	180.	-7.9443e-013	0.
340.	7.9457e-013	180.	-7.9457e-013	0.
344.	7.9471e-013	180.	-7.9471e-013	0.
348.	7.9486e-013	180.	-7.9486e-013	0.
352.	7.95e-013	180.	-7.95e-013	0.
356.	7.9515e-013	180.	-7.9515e-013	0.
360.	7.953e-013	180.	-7.953e-013	0.
364.	7.9545e-013	180.	-7.9545e-013	0.
368.	7.956e-013	180.	-7.956e-013	0.
372.	7.9576e-013	180.	-7.9576e-013	0.
376.	7.9591e-013	180.	-7.9591e-013	0.
380.	7.9607e-013	180.	-7.9607e-013	0.
384.	7.9623e-013	180.	-7.9623e-013	0.
388.	7.9639e-013	180.	-7.9639e-013	0.
392.	7.9656e-013	180.	-7.9656e-013	0.
396.	7.9672e-013	180.	-7.9672e-013	0.
400.	7.9689e-013	180.	-7.9689e-013	0.
404.	7.9706e-013	180.	-7.9706e-013	0.
408.	7.9723e-013	180.	-7.9723e-013	0.
412.	7.974e-013	180.	-7.974e-013	0.
416.	7.9757e-013	180.	-7.9757e-013	0.
420.	7.9775e-013	180.	-7.9775e-013	0.
424.	7.9793e-013	180.	-7.9793e-013	0.
428.	7.9811e-013	180.	-7.9811e-013	0.
432.	7.9829e-013	180.	-7.9829e-013	0.
436.	7.9847e-013	180.	-7.9847e-013	0.
440.	7.9866e-013	180.	-7.9866e-013	0.
444.	7.9884e-013	180.	-7.9884e-013	0.
448.	7.9903e-013	180.	-7.9903e-013	0.
452.	7.9922e-013	180.	-7.9922e-013	0.
456.	7.9942e-013	180.	-7.9942e-013	0.
460.	7.9961e-013	180.	-7.9961e-013	0.
464.	7.9981e-013	180.	-7.9981e-013	0.
468.	8.0001e-013	180.	-8.0001e-013	0.
472.	8.0021e-013	180.	-8.0021e-013	0.
476.	8.0041e-013	180.	-8.0041e-013	0.
480.	8.0061e-013	180.	-8.0061e-013	0.
484.	8.0082e-013	180.	-8.0082e-013	0.
488.	8.0102e-013	180.	-8.0102e-013	0.
492.	8.0123e-013	180.	-8.0123e-013	0.
496.	8.0144e-013	180.	-8.0144e-013	0.
500.	8.0166e-013	180.	-8.0166e-013	0.
504.	8.0187e-013	180.	-8.0187e-013	0.
508.	8.0209e-013	180.	-8.0209e-013	0.
512.	8.0231e-013	180.	-8.0231e-013	0.
516.	8.0253e-013	180.	-8.0253e-013	0.
520.	8.0275e-013	180.	-8.0275e-013	0.
524.	8.0298e-013	180.	-8.0298e-013	0.
528.	8.032e-013	180.	-8.032e-013	0.
532.	8.0343e-013	180.	-8.0343e-013	0.
536.	8.0366e-013	180.	-8.0366e-013	0.
540.	8.039e-013	180.	-8.039e-013	0.
544.	8.0413e-013	180.	-8.0413e-013	0.
548.	8.0437e-013	180.	-8.0437e-013	0.
552.	8.0461e-013	180.	-8.0461e-013	0.
556.	8.0485e-013	180.	-8.0485e-013	0.
560.	8.0509e-013	180.	-8.0509e-013	0.
564.	8.0534e-013	180.	-8.0534e-013	0.
568.	8.0558e-013	180.	-8.0558e-013	0.
572.	8.0583e-013	180.	-8.0583e-013	0.
576.	8.0608e-013	180.	-8.0608e-013	0.
580.	8.0633e-013	180.	-8.0633e-013	0.
584.	8.0659e-013	180.	-8.0659e-013	0.
588.	8.0685e-013	180.	-8.0685e-013	0.
592.	8.071e-013	180.	-8.071e-013	0.
596.	8.0737e-013	180.	-8.0737e-013	0.
600.	8.0763e-013	180.	-8.0763e-013	0.
604.	8.0789e-013	180.	-8.0789e-013	0.
608.	8.0816e-013	180.	-8.0816e-013	0.
612.	8.0843e-013	180.	-8.0843e-013	0.
616.	8.087e-013	180.	-8.087e-013	0.
620.	8.0898e-013	180.	-8.0898e-013	0.
624.	8.0925e-013	180.	-8.0925e-013	0.
628.	8.0953e-013	180.	-8.0953e-013	0.
632.	8.0981e-013	180.	-8.0981e-013	0.
636.	8.1009e-013	180.	-8.1009e-013	0.
640.	8.1038e-013	180.	-8.1038e-013	0.
644.	8.1066e-013	180.	-8.1066e-013	0.
648.	8.1095e-013	180.	-8.1095e-013	0.
652.	8.1124e-013	180.	-8.1124e-013	0.
656.	8.1153e-013	180.	-8.1153e-013	0.
660.	8.1183e-013	180.	-8.1183e-013	0.
664.	8.1213e-013	180.	-8.1213e-013	0.
668.	8.1243e-013	180.	-8.1243e-013	0.
672.	8.1273e-013	180.	-8.1273e-013	0.
676.	8.1303e-013	180.	-8.1303e-013	0.
680.	8.1334e-013	180.	-8.1334e-013	0.
684.	8.1365e-013	180.	-8.1365e-013	0.
688.	8.1396e-013	180.	-8.1396e-013	0.
692.	8.1427e-013	180.	-8.1427e-013	0.
696.	8.1459e-013	180.	-8.1459e-013	0.
700.	8.1491e-013	180.	-8.1491e-013	0.
704.	8.1523e-013	180.	-8.1523e-013	0.
708.	8.1555e-013	180.	-8.1555e-013	0.
712.	8.1587e-013	180.	-8.1587e-013	0.
716.	8.162e-013	180.	-8.162e-013	0.
720.	8.1653e-013	180.	-8.1653e-013	0.
724.	8.1686e-013	180.	-8.1686e-013	0.
728.	8.172e-013	180.	-8.172e-013	0.
732.	8.1753e-013	180.	-8.1753e-013	0.
736.	8.1787e-013	180.	-8.1787e-013	0.
740.	8.1821e-013	180.	-8.1821e-013	0.
744.	8.1856e-013	180.	-8.1856e-013	0.
748.	8.189e-013	180.	-8.189e-013	0.
752.	8.1925e-013	180.	-8.1925e-013	0.
756.	8.196e-013	180.	-8.196e-013	0.
760.	8.1996e-013	180.	-8.1996e-013	0.
764.	8.2032e-013	180.	-8.2032e-013	0.
768.	8.2067e-013	180.	-8.2067e-013	0.
772.	8.2104e-013	180.	-8.2104e-013	0.
776.	8.214e-013	180.	-8.214e-013	0.
780.	8.2177e-013	180.	-8.2177e-013	0.
784.	8.2214e-013	180.	-8.2214e-013	0.
788.	8.2251e-013	180.	-8.2251e-013	0.
792.	8.2288e-013	180.	-8.2288e-013	0.
796.	8.2326e-013	180.	-8.2326e-013	0.
800.	8.2364e-013	180.	-8.2364e-013	0.
804.	8.2402e-013	180.	-8.2402e-013	0.
808.	8.2441e-013	180.	-8.2441e-013	0.
812.	8.248e-013	180.	-8.248e-013	0.
816.	8.2519e-013	180.	-8.2519e-013	0.
820.	8.2558e-013	180.	-8.2558e-013	0.
824.	8.2598e-013	180.	-8.2598e-013	0.
828.	8.2637e-013	180.	-8.2637e-013	0.
832.	8.2678e-013	180.	-8.2678e-013	0.
836.	8.2718e-013	180.	-8.2718e-013	0.
840.	8.2759e-013	180.	-8.2759e-013	0.
844.	8.28e-013	180.	-8.28e-013	0.
848.	8.2841e-013	180.	-8.2841e-013	0.
852.	8.2883e-013	180.	-8.2883e-013	0.
856.	8.2925e-013	180.	-8.2925e-013	0.
860.	8.2967e-013	180.	-8.2967e-013	0.
864.	8.3009e-013	180.	-8.3009e-013	0.
868.	8.3052e-013	180.	-8.3052e-013	0.
872.	8.3095e-013	180.	-8.3095e-013	0.
876.	8.3139e-013	180.	-8.3139e-013	0.
880.	8.3182e-013	180.	-8.3182e-013	0.
884.	8.3226e-013	180.	-8.3226e-013	0.
888.	8.3271e-013	180.	-8.3271e-013	0.
892.	8.3315e-013	180.	-8.3315e-013	0.
896.	8.336e-013	180.	-8.336e-013	0.
900.	8.3405e-013	180.	-8.3405e-013	0.
904.	8.3451e-013	180.	-8.3451e-013	0.
908.	8.3497e-013	180.	-8.3497e-013	0.
912.	8.3543e-013	180.	-8.3543e-013	0.
916.	8.359e-013	180.	-8.359e-013	0.
920.	8.3637e-013	180.	-8.3637e-013	0.
924.	8.3684e-013	180.	-8.3684e-013	0.
928.	8.3731e-013	180.	-8.3731e-013	0.
932.	8.3779e-013	180.	-8.3779e-013	0.
936.	8.3828e-013	180.	-8.3828e-013	0.
940.	8.3876e-013	180.	-8.3876e-013	0.
944.	8.3925e-013	180.	-8.3925e-013	0.
948.	8.3974e-013	180.	-8.3974e-013	0.
952.	8.4024e-013	180.	-8.4024e-013	0.
956.	8.4074e-013	180.	-8.4074e-013	0.
960.	8.4124e-013	180.	-8.4124e-013	0.
964.	8.4175e-013	180.	-8.4175e-013	0.
968.	8.4226e-013	180.	-8.4226e-013	0.
972.	8.4278e-013	180.	-8.4278e-013	0.
976.	8.433e-013	180.	-8.433e-013	0.
980.	8.4382e-013	180.	-8.4382e-013	0.
984.	8.4435e-013	180.	-8.4435e-013	0.
988.	8.4488e-013	180.	-8.4488e-013	0.
992.	8.4541e-013	180.	-8.4541e-013	0.
996.	8.4595e-013	180.	-8.4595e-013	0.
1000.	8.4649e-013	180.	-8.4649e-013	0.
1004.	8.4704e-013	180.	-8.4704e-013	0.
1008.	8.4759e-013	180.	-8.4759e-013	0.
1012.	8.4814e-013	180.	-8.4814e-013	0.
1016.	8.487e-013	180.	-8.487e-013	0.
1020.	8.4926e-013	180.	-8.4926e-013	0.
1024.	8.4983e-013	180.	-8.4983e-013	0.
1028.	8.504e-013	180.	-8.504e-013	0.
1032.	8.5098e-013	180.	-8.5098e-013	0.
1036.	8.5156e-013	180.	-8.5156e-013	0.
1040.	8.5214e-013	180.	-8.5214e-013	0.
1044.	8.5273e-013	180.	-8.5273e-013	0.
1048.	8.5333e-013	180.	-8.5333e-013	0.
1052.	8.5393e-013	180.	-8.5393e-013	0.
1056.	8.5453e-013	180.	-8.5453e-013	0.
1060.	8.5514e-013	180.	-8.5514e-013	0.
1064.	8.5575e-013	180.	-8.5575e-013	0.
1068.	8.5637e-013	180.	-8.5637e-013	0.
1072.	8.5699e-013	180.	-8.5699e-013	0.
1076.	8.5762e-013	180.	-8.5762e-013	0.
1080.	8.5826e-013	180.	-8.5826e-013	0.
1084.	8.5889e-013	180.	-8.5889e-013	0.
1088.	8.5954e-013	180.	-8.5954e-013	0.
1092.	8.6019e-013	180.	-8.6019e-013	0.
1096.	8.6084e-013	180.	-8.6084e-013	0.
1100.	8.615e-013	180.	-8.615e-013	0.
1104.	8.6217e-013	180.	-8.6217e-013	0.
1108.	8.6284e-013	180.	-8.6284e-013	0.
1112.	8.6352e-013	180.	-8.6352e-013	0.
1116.	8.642e-013	180.	-8.642e-013	0.
1120.	8.6489e-013	180.	-8.6489e-013	0.
1124.	8.6558e-013	180.	-8.6558e-013	0.
1128.	8.6628e-013	180.	-8.6628e-013	0.
1132.	8.6699e-013	180.	-8.6699e-013	0.
1136.	8.677e-013	180.	-8.677e-013	0.
1140.	8.6842e-013	180.	-8.6842e-013	0.
1144.	8.6915e-013	180.	-8.6915e-013	0.
1148.	8.6988e-013	180.	-8.6988e-013	0.
1152.	8.7062e-013	180.	-8.7062e-013	0.
1156.	8.7136e-013	180.	-8.7136e-013	0.
1160.	8.7212e-013	180.	-8.7212e-013	0.
1164.	8.7288e-013	180.	-8.7288e-013	0.
1168.	8.7364e-013	180.	-8.7364e-013	0.
1172.	8.7442e-013	180.	-8.7442e-013	0.
1176.	8.752e-013	180.	-8.752e-013	0.
1180.	8.7599e-013	180.	-8.7599e-013	0.
1184.	8.7678e-013	180.	-8.7678e-013	0.
1188.	8.7759e-013	180.	-8.7759e-013	0.
1192.	8.784e-013	180.	-8.784e-013	0.
1196.	8.7922e-013	180.	-8.7922e-013	0.
1200.	8.8005e-013	180.	-8.8005e-013	0.
1204.	8.8088e-013	180.	-8.8088e-013	0.
1208.	8.8173e-013	180.	-8.8173e-013	0.
1212.	8.8258e-013	180.	-8.8258e-013	0.
1216.	8.8344e-013	180.	-8.8344e-013	0.
1220.	8.8432e-013	180.	-8.8432e-013	0.
1224.	8.852e-013	180.	-8.852e-013	0.
1228.	8.8608e-013	180.	-8.8608e-013	0.
1232.	8.8698e-013	180.	-8.8698e-013	0.
1236.	8.8789e-013	180.	-8.8789e-013	0.
1240.	8.8881e-013	180.	-8.8881e-013	0.
1244.	8.8974e-013	180.	-8.8974e-013	0.
1248.	8.9068e-013	180.	-8.9068e-013	0.
1252.	8.9163e-013	180.	-8.9163e-013	0.
1256.	8.9259e-013	180.	-8.9259e-013	0.
1260.	8.9356e-013	180.	-8.9356e-013	0.
1264.	8.9454e-013	180.	-8.9454e-013	0.
1268.	8.9554e-013	180.	-8.9554e-013	0.
1272.	8.9654e-013	180.	-8.9654e-013	0.
1276.	8.9756e-013	180.	-8.9756e-013	0.
1280.	8.9859e-013	180.	-8.9859e-013	0.
1284.	8.9963e-013	180.	-8.9963e-013	0.
1288.	9.0068e-013	180.	-9.0068e-013	0.
1292.	9.0175e-013	180.	-9.0175e-013	0.
1296.	9.0283e-013	180.	-9.0283e-013	0.
1300.	9.0393e-013	180.	-9.0393e-013	0.
1304.	9.0503e-013	180.	-9.0503e-013	0.
1308.	9.0616e-013	180.	-9.0616e-013	0.
1312.	9.0729e-013	180.	-9.0729e-013	0.
1316.	9.0845e-013	180.	-9.0845e-013	0.
1320.	9.0961e-013	180.	-9.0961e-013	0.
1324.	9.108e-013	180.	-9.108e-013	0.
1328.	9.12e-013	180.	-9.12e-013	0.
1332.	9.1321e-013	180.	-9.1321e-013	0.
1336.	9.1445e-013	180.	-9.1445e-013	0.
1340.	9.157e-013	180.	-9.157e-013	0.
1344.	9.1697e-013	180.	-9.1697e-013	0.
1348.	9.1825e-013	180.	-9.1825e-013	0.
1352.	9.1956e-013	180.	-9.1956e-013	0.
1356.	9.2088e-013	180.	-9.2088e-013	0.
1360.	9.2223e-013	180.	-9.2223e-013	0.
1364.	9.2359e-013	180.	-9.2359e-013	0.
1368.	9.2498e-013	180.	-9.2498e-013	0.
1372.	9.2638e-013	180.	-9.2638e-013	0.
1376.	9.2781e-013	180.	-9.2781e-013	0.
1380.	9.2927e-013	180.	-9.2927e-013	0.
1384.	9.3074e-013	180.	-9.3074e-013	0.
1388.	9.3224e-013	180.	-9.3224e-013	0.
1392.	9.3377e-013	180.	-9.3377e-013	0.
1396.	9.3532e-013	180.	-9.3532e-013	0.
1400.	9.3689e-013	180.	-9.3689e-013	0.
1404.	9.385e-013	180.	-9.385e-013	0.
1408.	9.4013e-013	180.	-9.4013e-013	0.
1412.	9.4179e-013	180.	-9.4179e-013	0.
1416.	9.4348e-013	180.	-9.4348e-013	0.
1420.	9.452e-013	180.	-9.452e-013	0.
1424.	9.4695e-013	180.	-9.4695e-013	0.
1428.	9.4874e-013	180.	-9.4874e-013	0.
1432.	9.5056e-013	180.	-9.5056e-013	0.
1436.	9.5241e-013	180.	-9.5241e-013	0.
1440.	9.543e-013	180.	-9.543e-013	0.
1444.	9.5622e-013	180.	-9.5622e-013	0.
1448.	9.5819e-013	180.	-9.5819e-013	0.
1452.	9.6019e-013	180.	-9.6019e-013	0.
1456.	9.6224e-013	180.	-9.6224e-013	0.
1460.	9.6433e-013	180.	-9.6433e-013	0.
1464.	9.6646e-013	180.	-9.6646e-013	0.
1468.	9.6864e-013	180.	-9.6864e-013	0.
1472.	9.7086e-013	180.	-9.7086e-013	0.
1476.	9.7314e-013	180.	-9.7314e-013	0.
1480.	9.7546e-013	180.	-9.7546e-013	0.
1484.	9.7784e-013	180.	-9.7784e-013	0.
1488.	9.8027e-013	180.	-9.8027e-013	0.
1492.	9.8276e-013	180.	-9.8276e-013	0.
1496.	9.8531e-013	180.	-9.8531e-013	0.
1500.	9.8792e-013	180.	-9.8792e-013	0.
1504.	9.9059e-013	180.	-9.9059e-013	0.
1508.	9.9333e-013	180.	-9.9333e-013	0.
1512.	9.9614e-013	180.	-9.9614e-013	0.
1516.	9.9902e-013	180.	-9.9902e-013	0.
1520.	1.002e-012	180.	-1.002e-012	0.
1524.	1.005e-012	180.	-1.005e-012	0.
1528.	1.0081e-012	180.	-1.0081e-012	0.
1532.	1.0113e-012	180.	-1.0113e-012	0.
1536.	1.0146e-012	180.	-1.0146e-012	0.
1540.	1.018e-012	180.	-1.018e-012	0.
1544.	1.0214e-012	180.	-1.0214e-012	0.
1548.	1.025e-012	180.	-1.025e-012	0.
1552.	1.0287e-012	180.	-1.0287e-012	0.
1556.	1.0325e-012	180.	-1.0325e-012	0.
1560.	1.0364e-012	180.	-1.0364e-012	0.
1564.	1.0404e-012	180.	-1.0404e-012	0.
1568.	1.0445e-012	180.	-1.0445e-012	0.
1572.	1.0488e-012	180.	-1.0488e-012	0.
1576.	1.0532e-012	180.	-1.0532e-012	0.
1580.	1.0578e-012	180.	-1.0578e-012	0.
1584.	1.0625e-012	180.	-1.0625e-012	0.
1588.	1.0674e-012	180.	-1.0674e-012	0.
1592.	1.0724e-012	180.	-1.0724e-012	0.
1596.	1.0776e-012	180.	-1.0776e-012	0.
1600.	1.0831e-012	180.	-1.0831e-012	0.
1604.	1.0887e-012	180.	-1.0887e-012	0.
1608.	1.0945e-012	180.	-1.0945e-012	0.
1612.	1.1005e-012	180.	-1.1005e-012	0.
1616.	1.1067e-012	180.	-1.1067e-012	0.
1620.	1.1132e-012	180.	-1.1132e-012	0.
1624.	1.12e-012	180.	-1.12e-012	0.
1628.	1.127e-012	180.	-1.127e-012	0.
1632.	1.1344e-012	180.	-1.1344e-012	0.
1636.	1.142e-012	180.	-1.142e-012	0.
1640.	1.15e-012	180.	-1.15e-012	0.
1644.	1.1598e-012	180.	-1.1598e-012	0.
1648.	1.1841e-012	180.	-1.1841e-012	0.
1652.	1.2092e-012	180.	-1.2092e-012	0.
1656.	1.2352e-012	180.	-1.2352e-012	0.
1660.	1.2621e-012	180.	-1.2621e-012	0.
1664.	1.29e-012	180.	-1.29e-012	0.
1668.	1.319e-012	180.	-1.319e-012	0.
1672.	1.349e-012	180.	-1.349e-012	0.
1676.	1.3803e-012	180.	-1.3803e-012	0.
1680.	1.4127e-012	180.	-1.4127e-012	0.
1684.	1.4465e-012	180.	-1.4465e-012	0.
1688.	1.4817e-012	180.	-1.4817e-012	0.
1692.	1.5185e-012	180.	-1.5185e-012	0.
1696.	1.5568e-012	180.	-1.5568e-012	0.
1700.	1.5969e-012	180.	-1.5969e-012	0.
1704.	1.6388e-012	180.	-1.6388e-012	0.
1708.	1.6828e-012	180.	-1.6828e-012	0.
1712.	1.7289e-012	180.	-1.7289e-012	0.
1716.	1.7773e-012	180.	-1.7773e-012	0.
1720.	1.8283e-012	180.	-1.8283e-012	0.
1724.	1.882e-012	180.	-1.882e-012	0.
1728.	1.9388e-012	180.	-1.9388e-012	0.
1732.	1.9988e-012	180.	-1.9988e-012	0.
1736.	2.0624e-012	180.	-2.0624e-012	0.
1740.	2.1299e-012	180.	-2.1299e-012	0.
1744.	2.2018e-012	180.	-2.2018e-012	0.
1748.	2.2785e-012	180.	-2.2785e-012	0.
1752.	2.3606e-012	180.	-2.3606e-012	0.
1756.	2.4486e-012	180.	-2.4486e-012	0.
1760.	2.5434e-012	180.	-2.5434e-012	0.
1764.	2.6458e-012	180.	-2.6458e-012	0.
1768.	2.7567e-012	180.	-2.7567e-012	0.
1772.	2.8774e-012	180.	-2.8774e-012	0.
1776.	3.0113e-012	180.	-3.0113e-012	0.
1780.	3.1628e-012	180.	-3.1628e-012	0.
1784.	3.3303e-012	180.	-3.3303e-012	0.
1788.	3.5222e-012	180.	-3.5222e-012	0.
1792.	3.7382e-012	180.	-3.7382e-012	0.
1796.	3.9846e-012	180.	-3.9846e-012	0.
1800.	4.27e-012	180.	-4.27e-012	0.
1804.	4.5984e-012	180.	-4.5984e-012	0.
1808.	4.9869e-012	180.	-4.9869e-012	0.
1812.	5.4479e-012	180.	-5.4479e-012	0.
1816.	6.0016e-012	180.	-6.0016e-012	0.
1820.	6.6864e-012	180.	-6.6864e-012	0.
1824.	7.5499e-012	180.	-7.5499e-012	0.
1828.	8.6687e-012	180.	-8.6687e-012	0.
1832.	1.0178e-011	180.	-1.0178e-011	0.
1836.	1.2346e-011	180.	-1.2346e-011	0.
1840.	1.5698e-011	180.	-1.5698e-011	0.
1844.	2.1574e-011	180.	-2.1574e-011	0.
1848.	3.4594e-011	180.	-3.4594e-011	0.
1852.	8.8358e-011	180.	-8.8358e-011	0.
1856.	1.5611e-010	0.	1.5611e-010	0.
1860.	4.1145e-011	0.	4.1145e-011	0.
1864.	2.3584e-011	0.	2.3584e-011	0.
1868.	1.646e-011	0.	1.646e-011	0.
1872.	1.2592e-011	0.	1.2592e-011	0.
1876.	1.0173e-011	0.	1.0173e-011	0.
1880.	8.5093e-012	0.	8.5093e-012	0.
1884.	7.2905e-012	0.	7.2905e-012	0.
1888.	6.3566e-012	0.	6.3566e-012	0.
1892.	5.6162e-012	0.	5.6162e-012	0.
1896.	5.0246e-012	0.	5.0246e-012	0.
1900.	4.5321e-012	0.	4.5321e-012	0.
1904.	4.1145e-012	0.	4.1145e-012	0.
1908.	3.7547e-012	0.	3.7547e-012	0.
1912.	3.4515e-012	0.	3.4515e-012	0.
1916.	3.1839e-012	0.	3.1839e-012	0.
1920.	2.9452e-012	0.	2.9452e-012	0.
1924.	2.7386e-012	0.	2.7386e-012	0.
1928.	2.5547e-012	0.	2.5547e-012	0.
1932.	2.389e-012	0.	2.389e-012	0.
1936.	2.2474e-012	0.	2.2474e-012	0.
1940.	2.1182e-012	0.	2.1182e-012	0.
1944.	2.0116e-012	0.	2.0116e-012	0.
1948.	1.9202e-012	0.	1.9202e-012	0.
1952.	1.8461e-012	0.	1.8461e-012	0.
1956.	1.7942e-012	0.	1.7942e-012	0.
1960.	1.7682e-012	0.	1.7682e-012	0.
1964.	1.7721e-012	0.	1.7721e-012	0.
1968.	1.7884e-012	0.	1.7884e-012	0.
1972.	1.8117e-012	0.	1.8117e-012	0.
1976.	1.8421e-012	0.	1.8421e-012	0.
1980.	1.8801e-012	0.	1.8801e-012	0.
1984.	1.9261e-012	0.	1.9261e-012	0.
1988.	1.9804e-012	0.	1.9804e-012	0.
1992.	2.044e-012	0.	2.044e-012	0.
1996.	2.2412e-012	180.	-2.2412e-012	0.
2000.	2.481e-012	180.	-2.481e-012	0.
2004.	2.7391e-012	180.	-2.7391e-012	0.
2008.	3.0187e-012	180.	-3.0187e-012	0.
2012.	3.3239e-012	180.	-3.3239e-012	0.
2016.	3.6595e-012	180.	-3.6595e-012	0.
2020.	4.0315e-012	180.	-4.0315e-012	0.
2024.	4.4476e-012	180.	-4.4476e-012	0.
2028.	4.9172e-012	180.	-4.9172e-012	0.
2032.	5.4531e-012	180.	-5.4531e-012	0.
2036.	6.0718e-012	180.	-6.0718e-012	0.
2040.	6.7957e-012	180.	-6.7957e-012	0.
2044.	7.6562e-012	180.	-7.6562e-012	0.
2048.	8.6979e-012	180.	-8.6979e-012	0.
2052.	9.9874e-012	180.	-9.9874e-012	0.
2056.	1.1628e-011	180.	-1.1628e-011	0.
2060.	1.3788e-011	180.	-1.3788e-011	0.
2064.	1.6775e-011	180.	-1.6775e-011	0.
2068.	2.1198e-011	180.	-2.1198e-011	0.
2072.	2.8346e-011	180.	-2.8346e-011	0.
2076.	4.1875e-011	180.	-4.1875e-011	0.
2080.	7.7307e-011	180.	-7.7307e-011	0.
2084.	4.2787e-010	180.	-4.2787e-010	0.
2088.	1.3069e-010	0.	1.3069e-010	0.
2092.	5.7344e-011	0.	5.7344e-011	0.
2096.	3.724e-011	0.	3.724e-011	0.
2100.	2.7834e-011	0.	2.7834e-011	0.
2104.	2.2379e-011	0.	2.2379e-011	0.
2108.	1.8815e-011	0.	1.8815e-011	0.
2112.	1.6303e-011	0.	1.6303e-011	0.
2116.	1.4437e-011	0.	1.4437e-011	0.
2120.	1.2995e-011	0.	1.2995e-011	0.
2124.	1.1847e-011	0.	1.1847e-011	0.
2128.	1.0911e-011	0.	1.0911e-011	0.
2132.	1.0133e-011	0.	1.0133e-011	0.
2136.	9.4762e-012	0.	9.4762e-012	0.
2140.	8.9141e-012	0.	8.9141e-012	0.
2144.	8.4273e-012	0.	8.4273e-012	0.
2148.	8.0017e-012	0.	8.0017e-012	0.
2152.	7.6264e-012	0.	7.6264e-012	0.
2156.	7.2937e-012	0.	7.2937e-012	0.
2160.	7.0009e-012	0.	7.0009e-012	0.
2164.	6.7374e-012	0.	6.7374e-012	0.
2168.	6.499e-012	0.	6.499e-012	0.
2172.	6.2822e-012	0.	6.2822e-012	0.
2176.	6.0841e-012	0.	6.0841e-012	0.
2180.	5.9026e-012	0.	5.9026e-012	0.
2184.	5.7354e-012	0.	5.7354e-012	0.
2188.	5.5811e-012	0.	5.5811e-012	0.
2192.	5.4382e-012	0.	5.4382e-012	0.
2196.	5.3055e-012	0.	5.3055e-012	0.
2200.	5.1818e-012	0.	5.1818e-012	0.
2204.	5.0664e-012	0.	5.0664e-012	0.
2208.	4.9584e-012	0.	4.9584e-012	0.
2212.	4.8572e-012	0.	4.8572e-012	0.
2216.	4.7621e-012	0.	4.7621e-012	0.
2220.	4.6725e-012	0.	4.6725e-012	0.
2224.	4.5881e-012	0.	4.5881e-012	0.
2228.	4.5084e-012	0.	4.5084e-012	0.
2232.	4.4331e-012	0.	4.4331e-012	0.
2236.	4.3617e-012	0.	4.3617e-012	0.
2240.	4.294e-012	0.	4.294e-012	0.
2244.	4.2297e-012	0.	4.2297e-012	0.
2248.	4.1686e-012	0.	4.1686e-012	0.
2252.	4.1105e-012	0.	4.1105e-012	0.
2256.	4.0551e-012	0.	4.0551e-012	0.
2260.	4.0023e-012	0.	4.0023e-012	0.
2264.	3.9519e-012	0.	3.9519e-012	0.
2268.	3.9037e-012	0.	3.9037e-012	0.
2272.	3.8576e-012	0.	3.8576e-012	0.
2276.	3.8136e-012	0.	3.8136e-012	0.
2280.	3.7714e-012	0.	3.7714e-012	0.
2284.	3.7309e-012	0.	3.7309e-012	0.
2288.	3.6921e-012	0.	3.6921e-012	0.
2292.	3.6549e-012	0.	3.6549e-012	0.
2296.	3.6191e-012	0.	3.6191e-012	0.
2300.	3.5855e-012	0.	3.5855e-012	0.
2304.	3.5536e-012	0.	3.5536e-012	0.
2308.	3.523e-012	0.	3.523e-012	0.
2312.	3.4935e-012	0.	3.4935e-012	0.
2316.	3.4651e-012	0.	3.4651e-012	0.
2320.	3.4377e-012	0.	3.4377e-012	0.
2324.	3.4114e-012	0.	3.4114e-012	0.
2328.	3.386e-012	0.	3.386e-012	0.
2332.	3.3615e-012	0.	3.3615e-012	0.
2336.	3.3379e-012	0.	3.3379e-012	0.
2340.	3.3151e-012	0.	3.3151e-012	0.
2344.	3.2931e-012	0.	3.2931e-012	0.
2348.	3.2719e-012	0.	3.2719e-012	0.
2352.	3.2514e-012	0.	3.2514e-012	0.
2356.	3.2316e-012	0.	3.2316e-012	0.
2360.	3.2125e-012	0.	3.2125e-012	0.
2364.	3.194e-012	0.	3.194e-012	0.
2368.	3.1761e-012	0.	3.1761e-012	0.
2372.	3.1589e-012	0.	3.1589e-012	0.
2376.	3.1422e-012	0.	3.1422e-012	0.
2380.	3.1261e-012	0.	3.1261e-012	0.
2384.	3.1105e-012	0.	3.1105e-012	0.
2388.	3.0955e-012	0.	3.0955e-012	0.
2392.	3.0809e-012	0.	3.0809e-012	0.
2396.	3.0668e-012	0.	3.0668e-012	0.
2400.	3.0532e-012	0.	3.0532e-012	0.
2404.	3.04e-012	0.	3.04e-012	0.
2408.	3.0273e-012	0.	3.0273e-012	0.
2412.	3.015e-012	0.	3.015e-012	0.
2416.	3.0031e-012	0.	3.0031e-012	0.
2420.	2.9915e-012	0.	2.9915e-012	0.
2424.	2.9804e-012	0.	2.9804e-012	0.
2428.	2.9697e-012	0.	2.9697e-012	0.
2432.	2.9593e-012	0.	2.9593e-012	0.
2436.	2.9492e-012	0.	2.9492e-012	0.
2440.	2.9395e-012	0.	2.9395e-012	0.
2444.	2.9302e-012	0.	2.9302e-012	0.
2448.	2.9211e-012	0.	2.9211e-012	0.
2452.	2.9124e-012	0.	2.9124e-012	0.
2456.	2.904e-012	0.	2.904e-012	0.
2460.	2.8959e-012	0.	2.8959e-012	0.
2464.	2.888e-012	0.	2.888e-012	0.
2468.	2.8805e-012	0.	2.8805e-012	0.
2472.	2.8732e-012	0.	2.8732e-012	0.
2476.	2.8662e-012	0.	2.8662e-012	0.
2480.	2.8595e-012	0.	2.8595e-012	0.
2484.	2.853e-012	0.	2.853e-012	0.
2488.	2.8467e-012	0.	2.8467e-012	0.
2492.	2.8408e-012	0.	2.8408e-012	0.
2496.	2.835e-012	0.	2.835e-012	0.
2500.	2.8295e-012	0.	2.8295e-012	0.
2504.	2.8242e-012	0.	2.8242e-012	0.
2508.	2.8192e-012	0.	2.8192e-012	0.
2512.	2.8144e-012	0.	2.8144e-012	0.
2516.	2.8097e-012	0.	2.8097e-012	0.
2520.	2.8053e-012	0.	2.8053e-012	0.
2524.	2.8012e-012	0.	2.8012e-012	0.
2528.	2.7972e-012	0.	2.7972e-012	0.
2532.	2.7934e-012	0.	2.7934e-012	0.
2536.	2.7898e-012	0.	2.7898e-012	0.
2540.	2.7864e-012	0.	2.7864e-012	0.
2544.	2.7832e-012	0.	2.7832e-012	0.
2548.	2.7802e-012	0.	2.7802e-012	0.
2552.	2.7774e-012	0.	2.7774e-012	0.
2556.	2.7748e-012	0.	2.7748e-012	0.
2560.	2.7723e-012	0.	2.7723e-012	0.
2564.	2.7701e-012	0.	2.7701e-012	0.
2568.	2.768e-012	0.	2.768e-012	0.
2572.	2.7661e-012	0.	2.7661e-012	0.
2576.	2.7643e-012	0.	2.7643e-012	0.
2580.	2.7627e-012	0.	2.7627e-012	0.
2584.	2.7613e-012	0.	2.7613e-012	0.
2588.	2.7601e-012	0.	2.7601e-012	0.
2592.	2.759e-012	0.	2.759e-012	0.
2596.	2.758e-012	0.	2.758e-012	0.
2600.	2.7573e-012	0.	2.7573e-012	0.
2604.	2.7567e-012	0.	2.7567e-012	0.
2608.	2.7562e-012	0.	2.7562e-012	0.
2612.	2.7559e-012	0.	2.7559e-012	0.
2616.	2.7558e-012	0.	2.7558e-012	0.
2620.	2.7558e-012	0.	2.7558e-012	0.
2624.	2.756e-012	0.	2.756e-012	0.
2628.	2.7563e-012	0.	2.7563e-012	0.
2632.	2.7567e-012	0.	2.7567e-012	0.
2636.	2.7573e-012	0.	2.7573e-012	0.
2640.	2.7581e-012	0.	2.7581e-012	0.
2644.	2.759e-012	0.	2.759e-012	0.
2648.	2.7601e-012	0.	2.7601e-012	0.
2652.	2.7613e-012	0.	2.7613e-012	0.
2656.	2.7626e-012	0.	2.7626e-012	0.
2660.	2.7641e-012	0.	2.7641e-012	0.
2664.	2.7657e-012	0.	2.7657e-012	0.
2668.	2.7675e-012	0.	2.7675e-012	0.
2672.	2.7694e-012	0.	2.7694e-012	0.
2676.	2.7714e-012	0.	2.7714e-012	0.
2680.	2.7736e-012	0.	2.7736e-012	0.
2684.	2.776e-012	0.	2.776e-012	0.
2688.	2.7785e-012	0.	2.7785e-012	0.
2692.	2.7811e-012	0.	2.7811e-012	0.
2696.	2.7838e-012	0.	2.7838e-012	0.
2700.	2.7867e-012	0.	2.7867e-012	0.
2704.	2.7898e-012	0.	2.7898e-012	0.
2708.	2.7929e-012	0.	2.7929e-012	0.
2712.	2.7963e-012	0.	2.7963e-012	0.
2716.	2.7997e-012	0.	2.7997e-012	0.
2720.	2.8033e-012	0.	2.8033e-012	0.
2724.	2.8071e-012	0.	2.8071e-012	0.
2728.	2.811e-012	0.	2.811e-012	0.
2732.	2.815e-012	0.	2.815e-012	0.
2736.	2.8192e-012	0.	2.8192e-012	0.
2740.	2.8235e-012	0.	2.8235e-012	0.
2744.	2.8279e-012	0.	2.8279e-012	0.
2748.	2.8325e-012	0.	2.8325e-012	0.
2752.	2.8373e-012	0.	2.8373e-012	0.
2756.	2.8421e-012	0.	2.8421e-012	0.
2760.	2.8472e-012	0.	2.8472e-012	0.
2764.	2.8524e-012	0.	2.8524e-012	0.
2768.	2.8577e-012	0.	2.8577e-012	0.
2772.	2.8632e-012	0.	2.8632e-012	0.
2776.	2.8688e-012	0.	2.8688e-012	0.
2780.	2.8746e-012	0.	2.8746e-012	0.
2784.	2.8805e-012	0.	2.8805e-012	0.
2788.	2.8866e-012	0.	2.8866e-012	0.
2792.	2.8928e-012	0.	2.8928e-012	0.
2796.	2.8992e-012	0.	2.8992e-012	0.
2800.	2.9057e-012	0.	2.9057e-012	0.
2804.	2.9124e-012	0.	2.9124e-012	0.
2808.	2.9192e-012	0.	2.9192e-012	0.
2812.	2.9263e-012	0.	2.9263e-012	0.
2816.	2.9334e-012	0.	2.9334e-012	0.
2820.	2.9408e-012	0.	2.9408e-012	0.
2824.	2.9483e-012	0.	2.9483e-012	0.
2828.	2.9559e-012	0.	2.9559e-012	0.
2832.	2.9638e-012	0.	2.9638e-012	0.
2836.	2.9718e-012	0.	2.9718e-012	0.
2840.	2.98e-012	0.	2.98e-012	0.
2844.	2.9883e-012	0.	2.9883e-012	0.
2848.	2.9968e-012	0.	2.9968e-012	0.
2852.	3.0055e-012	0.	3.0055e-012	0.
2856.	3.0144e-012	0.	3.0144e-012	0.
2860.	3.0235e-012	0.	3.0235e-012	0.
2864.	3.0327e-012	0.	3.0327e-012	0.
2868.	3.0421e-012	0.	3.0421e-012	0.
2872.	3.0518e-012	0.	3.0518e-012	0.
2876.	3.0616e-012	0.	3.0616e-012	0.
2880.	3.0716e-012	0.	3.0716e-012	0.
2884.	3.0818e-012	0.	3.0818e-012	0.
2888.	3.0922e-012	0.	3.0922e-012	0.
2892.	3.1028e-012	0.	3.1028e-012	0.
2896.	3.1136e-012	0.	3.1136e-012	0.
2900.	3.1246e-012	0.	3.1246e-012	0.
2904.	3.1358e-012	0.	3.1358e-012	0.
2908.	3.1473e-012	0.	3.1473e-012	0.
2912.	3.1589e-012	0.	3.1589e-012	0.
2916.	3.1708e-012	0.	3.1708e-012	0.
2920.	3.1829e-012	0.	3.1829e-012	0.
2924.	3.1953e-012	0.	3.1953e-012	0.
2928.	3.2078e-012	0.	3.2078e-012	0.
2932.	3.2206e-012	0.	3.2206e-012	0.
2936.	3.2337e-012	0.	3.2337e-012	0.
2940.	3.247e-012	0.	3.247e-012	0.
2944.	3.2605e-012	0.	3.2605e-012	0.
2948.	3.2743e-012	0.	3.2743e-012	0.
2952.	3.2884e-012	0.	3.2884e-012	0.
2956.	3.3027e-012	0.	3.3027e-012	0.
2960.	3.3173e-012	0.	3.3173e-012	0.
2964.	3.3322e-012	0.	3.3322e-012	0.
2968.	3.3473e-012	0.	3.3473e-012	0.
2972.	3.3627e-012	0.	3.3627e-012	0.
2976.	3.3785e-012	0.	3.3785e-012	0.
2980.	3.3945e-012	0.	3.3945e-012	0.
2984.	3.4108e-012	0.	3.4108e-012	0.
2988.	3.4274e-012	0.	3.4274e-012	0.
2992.	3.4444e-012	0.	3.4444e-012	0.
2996.	3.4616e-012	0.	3.4616e-012	0.
3000.	3.4792e-012	0.	3.4792e-012	0.
3004.	3.4971e-012	0.	3.4971e-012	0.
3008.	3.5154e-012	0.	3.5154e-012	0.
3012.	3.534e-012	0.	3.534e-012	0.
3016.	3.553e-012	0.	3.553e-012	0.
3020.	3.5724e-012	0.	3.5724e-012	0.
3024.	3.5921e-012	0.	3.5921e-012	0.
3028.	3.6122e-012	0.	3.6122e-012	0.
3032.	3.6327e-012	0.	3.6327e-012	0.
3036.	3.6536e-012	0.	3.6536e-012	0.
3040.	3.6749e-012	0.	3.6749e-012	0.
3044.	3.6967e-012	0.	3.6967e-012	0.
3048.	3.7188e-012	0.	3.7188e-012	0.
3052.	3.7414e-012	0.	3.7414e-012	0.
3056.	3.7645e-012	0.	3.7645e-012	0.
3060.	3.7881e-012	0.	3.7881e-012	0.
3064.	3.8121e-012	0.	3.8121e-012	0.
3068.	3.8366e-012	0.	3.8366e-012	0.
3072.	3.8616e-012	0.	3.8616e-012	0.
3076.	3.8871e-012	0.	3.8871e-012	0.
3080.	3.9132e-012	0.	3.9132e-012	0.
3084.	3.9398e-012	0.	3.9398e-012	0.
3088.	3.967e-012	0.	3.967e-012	0.
3092.	3.9947e-012	0.	3.9947e-012	0.
3096.	4.0231e-012	0.	4.0231e-012	0.
3100.	4.052e-012	0.	4.052e-012	0.
3104.	4.0816e-012	0.	4.0816e-012	0.
3108.	4.1118e-012	0.	4.1118e-012	0.
3112.	4.1427e-012	0.	4.1427e-012	0.
3116.	4.1743e-012	0.	4.1743e-012	0.
3120.	4.2066e-012	0.	4.2066e-012	0.
3124.	4.2396e-012	0.	4.2396e-012	0.
3128.	4.2734e-012	0.	4.2734e-012	0.
3132.	4.3079e-012	0.	4.3079e-012	0.
3136.	4.3432e-012	0.	4.3432e-012	0.
3140.	4.3794e-012	0.	4.3794e-012	0.
3144.	4.4164e-012	0.	4.4164e-012	0.
3148.	4.4543e-012	0.	4.4543e-012	0.
3152.	4.4932e-012	0.	4.4932e-012	0.
3156.	4.5329e-012	0.	4.5329e-012	0.
3160.	4.5736e-012	0.	4.5736e-012	0.
3164.	4.6154e-012	0.	4.6154e-012	0.
3168.	4.6582e-012	0.	4.6582e-012	0.
3172.	4.702e-012	0.	4.702e-012	0.
3176.	4.747e-012	0.	4.747e-012	0.
3180.	4.7932e-012	0.	4.7932e-012	0.
3184.	4.8405e-012	0.	4.8405e-012	0.
3188.	4.8891e-012	0.	4.8891e-012	0.
3192.	4.939e-012	0.	4.939e-012	0.
3196.	4.9903e-012	0.	4.9903e-012	0.
3200.	5.0429e-012	0.	5.0429e-012	0.
3204.	5.097e-012	0.	5.097e-012	0.
3208.	5.1526e-012	0.	5.1526e-012	0.
3212.	5.2098e-012	0.	5.2098e-012	0.
3216.	5.2687e-012	0.	5.2687e-012	0.
3220.	5.3292e-012	0.	5.3292e-012	0.
3224.	5.3916e-012	0.	5.3916e-012	0.
3228.	5.4558e-012	0.	5.4558e-012	0.
3232.	5.5219e-012	0.	5.5219e-012	0.
3236.	5.5901e-012	0.	5.5901e-012	0.
3240.	5.6604e-012	0.	5.6604e-012	0.
3244.	5.7329e-012	0.	5.7329e-012	0.
3248.	5.8078e-012	0.	5.8078e-012	0.
3252.	5.8851e-012	0.	5.8851e-012	0.
3256.	5.965e-012	0.	5.965e-012	0.
3260.	6.0475e-012	0.	6.0475e-012	0.
3264.	6.1328e-012	0.	6.1328e-012	0.
3268.	6.2212e-012	0.	6.2212e-012	0.
3272.	6.3126e-012	0.	6.3126e-012	0.
3276.	6.4073e-012	0.	6.4073e-012	0.
3280.	6.5055e-012	0.	6.5055e-012	0.
3284.	6.6073e-012	0.	6.6073e-012	0.
3288.	6.713e-012	0.	6.713e-012	0.
3292.	6.8227e-012	0.	6.8227e-012	0.
3296.	6.9368e-012	0.	6.9368e-012	0.
3300.	7.0554e-012	0.	7.0554e-012	0.
3304.	7.1788e-012	0.	7.1788e-012	0.
3308.	7.3074e-012	0.	7.3074e-012	0.
3312.	7.4415e-012	0.	7.4415e-012	0.
3316.	7.5814e-012	0.	7.5814e-012	0.
3320.	7.7274e-012	0.	7.7274e-012	0.
3324.	7.8801e-012	0.	7.8801e-012	0.
3328.	8.0399e-012	0.	8.0399e-012	0.
3332.	8.2072e-012	0.	8.2072e-012	0.
3336.	8.3827e-012	0.	8.3827e-012	0.
3340.	8.5669e-012	0.	8.5669e-012	0.
3344.	8.7604e-012	0.	8.7604e-012	0.
3348.	8.9641e-012	0.	8.9641e-012	0.
3352.	9.1788e-012	0.	9.1788e-012	0.
3356.	9.4052e-012	0.	9.4052e-012	0.
3360.	9.6445e-012	0.	9.6445e-012	0.
3364.	9.8978e-012	0.	9.8978e-012	0.
3368.	1.0166e-011	0.	1.0166e-011	0.
3372.	1.0451e-011	0.	1.0451e-011	0.
3376.	1.0755e-011	0.	1.0755e-011	0.
3380.	1.1078e-011	0.	1.1078e-011	0.
3384.	1.1424e-011	0.	1.1424e-011	0.
3388.	1.1793e-011	0.	1.1793e-011	0.
3392.	1.219e-011	0.	1.219e-011	0.
3396.	1.2618e-011	0.	1.2618e-011	0.
3400.	1.3079e-011	0.	1.3079e-011	0.
3404.	1.3579e-011	0.	1.3579e-011	0.
3408.	1.4121e-011	0.	1.4121e-011	0.
3412.	1.4713e-011	0.	1.4713e-011	0.
3416.	1.5362e-011	0.	1.5362e-011	0.
3420.	1.6075e-011	0.	1.6075e-011	0.
3424.	1.6866e-011	0.	1.6866e-011	0.
3428.	1.775e-011	0.	1.775e-011	0.
3432.	1.8747e-011	0.	1.8747e-011	0.
3436.	1.9899e-011	0.	1.9899e-011	0.
3440.	2.1317e-011	0.	2.1317e-011	0.
3444.	2.4342e-011	0.	2.4342e-011	0.
3448.	2.2913e-011	0.	2.2913e-011	0.
3452.	2.5248e-011	0.	2.5248e-011	0.
3456.	2.753e-011	0.	2.753e-011	0.
3460.	3.0149e-011	0.	3.0149e-011	0.
3464.	3.3281e-011	0.	3.3281e-011	0.
3468.	3.713e-011	0.	3.713e-011	0.
3472.	4.1996e-011	0.	4.1996e-011	0.
3476.	4.8358e-011	0.	4.8358e-011	0.
3480.	5.7045e-011	0.	5.7045e-011	0.
3484.	6.9634e-011	0.	6.9634e-011	0.
3488.	8.9566e-011	0.	8.9566e-011	0.
3492.	1.2608e-010	0.	1.2608e-010	0.
3496.	2.1812e-010	0.	2.1812e-010	0.
3500.	9.2663e-010	0.	9.2663e-010	0.
3504.	4.8673e-010	180.	-4.8673e-010	0.
3508.	3.5477e-010	180.	-3.5477e-010	0.
3512.	1.4363e-010	180.	-1.4363e-010	0.
3516.	9.5073e-011	180.	-9.5073e-011	0.
3520.	7.1672e-011	180.	-7.1672e-011	0.
3524.	5.7774e-011	180.	-5.7774e-011	0.
3528.	4.8393e-011	180.	-4.8393e-011	0.
3532.	4.162e-011	180.	-4.162e-011	0.
3536.	3.6496e-011	180.	-3.6496e-011	0.
3540.	3.2481e-011	180.	-3.2481e-011	0.
3544.	2.9249e-011	180.	-2.9249e-011	0.
3548.	2.6591e-011	180.	-2.6591e-011	0.
3552.	2.4366e-011	180.	-2.4366e-011	0.
3556.	2.2476e-011	180.	-2.2476e-011	0.
3560.	2.0851e-011	180.	-2.0851e-011	0.
3564.	1.9438e-011	180.	-1.9438e-011	0.
3568.	1.8199e-011	180.	-1.8199e-011	0.
3572.	1.7102e-011	180.	-1.7102e-011	0.
3576.	1.6126e-011	180.	-1.6126e-011	0.
3580.	1.5251e-011	180.	-1.5251e-011	0.
3584.	1.4462e-011	180.	-1.4462e-011	0.
3588.	1.3747e-011	180.	-1.3747e-011	0.
3592.	1.3096e-011	180.	-1.3096e-011	0.
3596.	1.25e-011	180.	-1.25e-011	0.
3600.	1.1954e-011	180.	-1.1954e-011	0.
3604.	1.1451e-011	180.	-1.1451e-011	0.
3608.	1.0986e-011	180.	-1.0986e-011	0.
3612.	1.0555e-011	180.	-1.0555e-011	0.
3616.	1.0155e-011	180.	-1.0155e-011	0.
3620.	9.782e-012	180.	-9.782e-012	0.
3624.	9.4335e-012	180.	-9.4335e-012	0.
3628.	9.1072e-012	180.	-9.1072e-012	0.
3632.	8.8012e-012	180.	-8.8012e-012	0.
3636.	8.5135e-012	180.	-8.5135e-012	0.
3640.	8.2425e-012	180.	-8.2425e-012	0.
3644.	7.9869e-012	180.	-7.9869e-012	0.
3648.	7.7454e-012	180.	-7.7454e-012	0.
3652.	7.5168e-012	180.	-7.5168e-012	0.
3656.	7.3001e-012	180.	-7.3001e-012	0.
3660.	7.0944e-012	180.	-7.0944e-012	0.
3664.	6.8989e-012	180.	-6.8989e-012	0.
3668.	6.7129e-012	180.	-6.7129e-012	0.
3672.	6.5357e-012	180.	-6.5357e-012	0.
3676.	6.3666e-012	180.	-6.3666e-012	0.
3680.	6.2052e-012	180.	-6.2052e-012	0.
3684.	6.0509e-012	180.	-6.0509e-012	0.
3688.	5.9032e-012	180.	-5.9032e-012	0.
3692.	5.7618e-012	180.	-5.7618e-012	0.
3696.	5.6262e-012	180.	-5.6262e-012	0.
3700.	5.4962e-012	180.	-5.4962e-012	0.
3704.	5.3712e-012	180.	-5.3712e-012	0.
3708.	5.2512e-012	180.	-5.2512e-012	0.
3712.	5.1357e-012	180.	-5.1357e-012	0.
3716.	5.0245e-012	180.	-5.0245e-012	0.
3720.	4.9175e-012	180.	-4.9175e-012	0.
3724.	4.8143e-012	180.	-4.8143e-012	0.
3728.	4.7147e-012	180.	-4.7147e-012	0.
3732.	4.6186e-012	180.	-4.6186e-012	0.
3736.	4.5259e-012	180.	-4.5259e-012	0.
3740.	4.4362e-012	180.	-4.4362e-012	0.
3744.	4.3495e-012	180.	-4.3495e-012	0.
3748.	4.2656e-012	180.	-4.2656e-012	0.
3752.	4.1844e-012	180.	-4.1844e-012	0.
3756.	4.1058e-012	180.	-4.1058e-012	0.
3760.	4.0296e-012	180.	-4.0296e-012	0.
3764.	3.9557e-012	180.	-3.9557e-012	0.
3768.	3.884e-012	180.	-3.884e-012	0.
3772.	3.8145e-012	180.	-3.8145e-012	0.
3776.	3.747e-012	180.	-3.747e-012	0.
3780.	3.6815e-012	180.	-3.6815e-012	0.
3784.	3.6177e-012	180.	-3.6177e-012	0.
3788.	3.5558e-012	180.	-3.5558e-012	0.
3792.	3.4956e-012	180.	-3.4956e-012	0.
3796.	3.437e-012	180.	-3.437e-012	0.
3800.	3.38e-012	180.	-3.38e-012	0.
3804.	3.3245e-012	180.	-3.3245e-012	0.
3808.	3.2704e-012	180.	-3.2704e-012	0.
3812.	3.2187e-012	180.	-3.2187e-012	0.
3816.	3.1688e-012	180.	-3.1688e-012	0.
3820.	3.1202e-012	180.	-3.1202e-012	0.
3824.	3.0729e-012	180.	-3.0729e-012	0.
3828.	3.0266e-012	180.	-3.0266e-012	0.
3832.	2.9816e-012	180.	-2.9816e-012	0.
3836.	2.9376e-012	180.	-2.9376e-012	0.
3840.	2.8946e-012	180.	-2.8946e-012	0.
3844.	2.8527e-012	180.	-2.8527e-012	0.
3848.	2.8117e-012	180.	-2.8117e-012	0.
3852.	2.7717e-012	180.	-2.7717e-012	0.
3856.	2.7325e-012	180.	-2.7325e-012	0.
3860.	2.6943e-012	180.	-2.6943e-012	0.
3864.	2.6569e-012	180.	-2.6569e-012	0.
3868.	2.6203e-012	180.	-2.6203e-012	0.
3872.	2.5845e-012	180.	-2.5845e-012	0.
3876.	2.5495e-012	180.	-2.5495e-012	0.
3880.	2.5152e-012	180.	-2.5152e-012	0.
3884.	2.4816e-012	180.	-2.4816e-012	0.
3888.	2.4488e-012	180.	-2.4488e-012	0.
3892.	2.4166e-012	180.	-2.4166e-012	0.
3896.	2.3851e-012	180.	-2.3851e-012	0.
3900.	2.3542e-012	180.	-2.3542e-012	0.
3904.	2.3239e-012	180.	-2.3239e-012	0.
3908.	2.2942e-012	180.	-2.2942e-012	0.
3912.	2.2651e-012	180.	-2.2651e-012	0.
3916.	2.2366e-012	180.	-2.2366e-012	0.
3920.	2.2086e-012	180.	-2.2086e-012	0.
3924.	2.1812e-012	180.	-2.1812e-012	0.
3928.	2.1542e-012	180.	-2.1542e-012	0.
3932.	2.1278e-012	180.	-2.1278e-012	0.
3936.	2.1019e-012	180.	-2.1019e-012	0.
3940.	2.0764e-012	180.	-2.0764e-012	0.
3944.	2.0514e-012	180.	-2.0514e-012	0.
3948.	2.0269e-012	180.	-2.0269e-012	0.
3952.	2.0028e-012	180.	-2.0028e-012	0.
3956.	1.9791e-012	180.	-1.9791e-012	0.
3960.	1.9558e-012	180.	-1.9558e-012	0.
3964.	1.933e-012	180.	-1.933e-012	0.
3968.	1.9105e-012	180.	-1.9105e-012	0.
3972.	1.8884e-012	180.	-1.8884e-012	0.
3976.	1.8667e-012	180.	-1.8667e-012	0.
3980.	1.8454e-012	180.	-1.8454e-012	0.
3984.	1.8244e-012	180.	-1.8244e-012	0.
3988.	1.8038e-012	180.	-1.8038e-012	0.
3992.	1.7835e-012	180.	-1.7835e-012	0.
3996.	1.7636e-012	180.	-1.7636e-012	0.
4000.	1.7452e-012	180.	-1.7452e-012	0.
