節点番号	X 座標 (mm)	Y 座標 (mm)	Z 座標 (mm)	各方向での変形量 (mm)
80	0.	-66.5	-8.1439e-015	0.
81	0.	-66.26	-5.6396	0.
82	0.	-65.543	-11.239	0.
83	0.	-64.354	-16.757	0.
84	0.	-62.701	-22.154	0.
85	0.	-60.597	-27.391	0.
86	0.	-58.055	-32.432	0.
87	0.	-55.096	-37.238	0.
88	0.	-51.739	-41.777	0.
89	0.	-48.01	-46.014	0.
90	0.	-43.935	-49.92	0.
91	0.	-39.543	-53.466	0.
92	0.	-34.866	-56.627	0.
93	0.	-29.939	-59.38	0.
94	0.	-24.795	-61.705	0.
95	0.	-19.473	-63.585	0.
96	0.	-14.01	-65.007	0.
97	0.	-8.4467	-65.961	0.
98	0.	-2.8223	-66.44	0.
99	0.	2.8223	-66.44	0.
100	0.	8.4467	-65.961	0.
101	0.	14.01	-65.007	0.
102	0.	19.473	-63.585	0.
103	0.	24.795	-61.705	0.
104	0.	29.939	-59.38	0.
105	0.	34.866	-56.627	0.
106	0.	39.543	-53.466	0.
107	0.	43.935	-49.92	0.
108	0.	48.01	-46.014	0.
109	0.	51.739	-41.777	0.
110	0.	55.096	-37.238	0.
111	0.	58.055	-32.432	0.
112	0.	60.597	-27.391	0.
113	0.	62.701	-22.154	0.
114	0.	64.354	-16.757	0.
115	0.	65.543	-11.239	0.
116	0.	66.26	-5.6396	0.
117	0.	66.5	-1.9429e-013	0.
118	0.	66.26	5.6396	0.
119	0.	65.543	11.239	0.
120	0.	64.354	16.757	0.
121	0.	62.701	22.154	0.
122	0.	60.597	27.391	0.
123	0.	58.055	32.432	0.
124	0.	55.096	37.238	0.
125	0.	51.739	41.777	0.
126	0.	48.01	46.014	0.
127	0.	43.935	49.92	0.
128	0.	39.543	53.466	0.
129	0.	34.866	56.627	0.
130	0.	29.939	59.38	0.
131	0.	24.795	61.705	0.
132	0.	19.473	63.585	0.
133	0.	14.01	65.007	0.
134	0.	8.4467	65.961	0.
135	0.	2.8223	66.44	0.
136	0.	-2.8223	66.44	0.
137	0.	-8.4467	65.961	0.
138	0.	-14.01	65.007	0.
139	0.	-19.473	63.585	0.
140	0.	-24.795	61.705	0.
141	0.	-29.939	59.38	0.
142	0.	-34.866	56.627	0.
143	0.	-39.543	53.466	0.
144	0.	-43.935	49.92	0.
145	0.	-48.01	46.014	0.
146	0.	-51.739	41.777	0.
147	0.	-55.096	37.238	0.
148	0.	-58.055	32.432	0.
149	0.	-60.597	27.391	0.
150	0.	-62.701	22.154	0.
151	0.	-64.354	16.757	0.
152	0.	-66.26	5.6396	0.
153	0.	-65.543	11.239	0.
154	16.875	-66.26	5.6396	-5.7029
155	16.875	-65.543	11.239	-5.6612
156	16.875	-64.354	16.757	-5.5783
157	16.875	-62.701	22.154	-5.4549
158	16.875	-60.597	27.391	-5.292
159	16.875	-58.055	32.432	-5.0906
160	16.875	-55.096	37.238	-4.8523
161	16.875	-51.739	41.777	-4.5788
162	16.875	-48.01	46.014	-4.2719
163	16.875	-43.935	49.92	-3.9341
164	16.875	-39.543	53.466	-3.5678
165	16.875	-34.866	56.627	-3.1759
166	16.875	-29.939	59.38	-2.7619
167	16.875	-24.795	61.705	-2.3293
168	16.875	-19.473	63.585	-1.8822
169	16.875	-14.01	65.007	-1.4243
170	16.875	-8.4467	65.961	-0.95901
171	16.875	-2.8223	66.44	-0.48898
172	16.875	2.8223	66.44	-2.0793e-002
173	16.875	8.4467	65.961	0.46689
174	16.875	14.01	65.007	0.95155
175	16.875	19.473	63.585	1.4278
176	16.875	24.795	61.705	1.8935
177	16.875	29.939	59.38	2.3445
178	16.875	34.866	56.627	2.7772
179	16.875	39.543	53.466	3.1885
180	16.875	43.935	49.92	3.5754
181	16.875	48.01	46.014	3.9353
182	16.875	51.739	41.777	4.2659
183	16.875	55.096	37.238	4.5655
184	16.875	58.055	32.432	4.833
185	16.875	60.597	27.391	5.0681
186	16.875	62.701	22.154	5.271
187	16.875	64.354	16.757	5.4404
188	16.875	65.543	11.239	5.5718
189	16.875	66.26	5.6396	5.6502
190	16.875	66.5	-1.9429e-013	5.6953
191	16.875	66.26	-5.6396	5.7297
192	16.875	65.543	-11.239	5.6805
193	16.875	64.354	-16.757	5.598
194	16.875	62.701	-22.154	5.4703
195	16.875	60.597	-27.391	5.3023
196	16.875	58.055	-32.432	5.0961
197	16.875	55.096	-37.238	4.8535
198	16.875	51.739	-41.777	4.5763
199	16.875	48.01	-46.014	4.2664
200	16.875	43.935	-49.92	3.9262
201	16.875	39.543	-53.466	3.5582
202	16.875	34.866	-56.627	3.1655
203	16.875	29.939	-59.38	2.7513
204	16.875	24.795	-61.705	2.3193
205	16.875	19.473	-63.585	1.8734
206	16.875	14.01	-65.007	1.4173
207	16.875	8.4467	-65.961	0.95421
208	16.875	2.8223	-66.44	0.48671
209	16.875	-2.8223	-66.44	2.1508e-002
210	16.875	-8.4467	-65.961	-0.46219
211	16.875	-14.01	-65.007	-0.9409
212	16.875	-19.473	-63.585	-1.4086
213	16.875	-24.795	-61.705	-1.8606
214	16.875	-29.939	-59.38	-2.3161
215	16.875	-34.866	-56.627	-2.7281
216	16.875	-39.543	-53.466	-3.1454
217	16.875	-43.935	-49.92	-3.5434
218	16.875	-48.01	-46.014	-3.9142
219	16.875	-51.739	-41.777	-4.2564
220	16.875	-55.096	-37.238	-4.5675
221	16.875	-58.055	-32.432	-4.8448
222	16.875	-60.597	-27.391	-5.0862
223	16.875	-62.701	-22.154	-5.2899
224	16.875	-64.354	-16.757	-5.4544
225	16.875	-65.543	-11.239	-5.5785
226	16.875	-66.26	-5.6396	-5.6616
227	33.75	-66.26	5.6396	-12.531
228	33.75	-65.543	11.239	-12.44
229	33.75	-64.354	16.757	-12.26
230	33.75	-62.701	22.154	-11.992
231	33.75	-60.597	27.391	-11.638
232	33.75	-58.055	32.432	-11.201
233	33.75	-55.096	37.238	-10.684
234	33.75	-51.739	41.777	-10.089
235	33.75	-48.01	46.014	-9.4219
236	33.75	-43.935	49.92	-8.6866
237	33.75	-39.543	53.466	-7.8884
238	33.75	-34.866	56.627	-7.0331
239	33.75	-29.939	59.38	-6.1269
240	33.75	-24.795	61.705	-5.1766
241	33.75	-19.473	63.585	-4.1895
242	33.75	-14.01	65.007	-3.1728
243	33.75	-8.4467	65.961	-2.1338
244	33.75	-2.8223	66.44	-1.0785
245	33.75	2.8223	66.44	-1.9114e-002
246	33.75	8.4467	65.961	1.0431
247	33.75	14.01	65.007	2.0964
248	33.75	19.473	63.585	3.1371
249	33.75	24.795	61.705	4.1552
250	33.75	29.939	59.38	5.1424
251	33.75	34.866	56.627	6.0913
252	33.75	39.543	53.466	6.9949
253	33.75	43.935	49.92	7.847
254	33.75	48.01	46.014	8.6418
255	33.75	51.739	41.777	9.3744
256	33.75	55.096	37.238	10.04
257	33.75	58.055	32.432	10.635
258	33.75	60.597	27.391	11.156
259	33.75	62.701	22.154	11.6
260	33.75	64.354	16.757	11.966
261	33.75	65.543	11.239	12.251
262	33.75	66.26	5.6396	12.44
263	33.75	66.5	-1.9429e-013	12.532
264	33.75	66.26	-5.6396	12.563
265	33.75	65.543	-11.239	12.479
266	33.75	64.354	-16.757	12.298
267	33.75	62.701	-22.154	12.023
268	33.75	60.597	-27.391	11.662
269	33.75	58.055	-32.432	11.216
270	33.75	55.096	-37.238	10.689
271	33.75	51.739	-41.777	10.085
272	33.75	48.01	-46.014	9.41
273	33.75	43.935	-49.92	8.668
274	33.75	39.543	-53.466	7.8649
275	33.75	34.866	-56.627	7.0068
276	33.75	29.939	-59.38	6.1002
277	33.75	24.795	-61.705	5.1519
278	33.75	19.473	-63.585	4.1688
279	33.75	14.01	-65.007	3.1578
280	33.75	8.4467	-65.961	2.1259
281	33.75	2.8223	-66.44	1.0783
282	33.75	-2.8223	-66.44	2.6702e-002
283	33.75	-8.4467	-65.961	-1.0283
284	33.75	-14.01	-65.007	-2.0753
285	33.75	-19.473	-63.585	-3.1122
286	33.75	-24.795	-61.705	-4.1236
287	33.75	-29.939	-59.38	-5.1241
288	33.75	-34.866	-56.627	-6.0681
289	33.75	-39.543	-53.466	-6.9742
290	33.75	-43.935	-49.92	-7.8357
291	33.75	-48.01	-46.014	-8.642
292	33.75	-51.739	-41.777	-9.3869
293	33.75	-55.096	-37.238	-10.064
294	33.75	-58.055	-32.432	-10.667
295	33.75	-60.597	-27.391	-11.192
296	33.75	-62.701	-22.154	-11.635
297	33.75	-64.354	-16.757	-11.992
298	33.75	-65.543	-11.239	-12.262
299	33.75	-66.26	-5.6396	-12.442
300	50.625	-66.26	5.6396	-17.934
301	50.625	-65.543	11.239	-17.803
302	50.625	-64.354	16.757	-17.546
303	50.625	-62.701	22.154	-17.163
304	50.625	-60.597	27.391	-16.658
305	50.625	-58.055	32.432	-16.034
306	50.625	-55.096	37.238	-15.296
307	50.625	-51.739	41.777	-14.448
308	50.625	-48.01	46.014	-13.496
309	50.625	-43.935	49.92	-12.446
310	50.625	-39.543	53.466	-11.306
311	50.625	-34.866	56.627	-10.084
312	50.625	-29.939	59.38	-8.7888
313	50.625	-24.795	61.705	-7.4288
314	50.625	-19.473	63.585	-6.0145
315	50.625	-14.01	65.007	-4.5561
316	50.625	-8.4467	65.961	-3.0645
317	50.625	-2.8223	66.44	-1.55
318	50.625	2.8223	66.44	-2.6312e-002
319	50.625	8.4467	65.961	1.4984
320	50.625	14.01	65.007	3.0104
321	50.625	19.473	63.585	4.4999
322	50.625	24.795	61.705	5.9553
323	50.625	29.939	59.38	7.3662
324	50.625	34.866	56.627	8.7226
325	50.625	39.543	53.466	10.015
326	50.625	43.935	49.92	11.235
327	50.625	48.01	46.014	12.373
328	50.625	51.739	41.777	13.424
329	50.625	55.096	37.238	14.38
330	50.625	58.055	32.432	15.236
331	50.625	60.597	27.391	15.985
332	50.625	62.701	22.154	16.622
333	50.625	64.354	16.757	17.142
334	50.625	65.543	11.239	17.542
335	50.625	66.26	5.6396	17.809
336	50.625	66.5	-1.9429e-013	17.939
337	50.625	66.26	-5.6396	17.968
338	50.625	65.543	-11.239	17.844
339	50.625	64.354	-16.757	17.589
340	50.625	62.701	-22.154	17.204
341	50.625	60.597	-27.391	16.693
342	50.625	58.055	-32.432	16.058
343	50.625	55.096	-37.238	15.307
344	50.625	51.739	-41.777	14.445
345	50.625	48.01	-46.014	13.48
346	50.625	43.935	-49.92	12.419
347	50.625	39.543	-53.466	11.271
348	50.625	34.866	-56.627	10.044
349	50.625	29.939	-59.38	8.7476
350	50.625	24.795	-61.705	7.3912
351	50.625	19.473	-63.585	5.9842
352	50.625	14.01	-65.007	4.5362
353	50.625	8.4467	-65.961	3.057
354	50.625	2.8223	-66.44	1.5557
355	50.625	-2.8223	-66.44	4.4485e-002
356	50.625	-8.4467	-65.961	-1.4697
357	50.625	-14.01	-65.007	-2.9739
358	50.625	-19.473	-63.585	-4.4605
359	50.625	-24.795	-61.705	-5.9141
360	50.625	-29.939	-59.38	-7.3438
361	50.625	-34.866	-56.627	-8.7035
362	50.625	-39.543	-53.466	-10.001
363	50.625	-43.935	-49.92	-11.235
364	50.625	-48.01	-46.014	-12.388
365	50.625	-51.739	-41.777	-13.452
366	50.625	-55.096	-37.238	-14.418
367	50.625	-58.055	-32.432	-15.278
368	50.625	-60.597	-27.391	-16.027
369	50.625	-62.701	-22.154	-16.658
370	50.625	-64.354	-16.757	-17.167
371	50.625	-65.543	-11.239	-17.551
372	50.625	-66.26	-5.6396	-17.808
373	67.5	-66.26	5.6396	-23.038
374	67.5	-65.543	11.239	-22.87
375	67.5	-64.354	16.757	-22.539
376	67.5	-62.701	22.154	-22.049
377	67.5	-60.597	27.391	-21.401
378	67.5	-58.055	32.432	-20.602
379	67.5	-55.096	37.238	-19.655
380	67.5	-51.739	41.777	-18.568
381	67.5	-48.01	46.014	-17.348
382	67.5	-43.935	49.92	-16.002
383	67.5	-39.543	53.466	-14.539
384	67.5	-34.866	56.627	-12.97
385	67.5	-29.939	59.38	-11.305
386	67.5	-24.795	61.705	-9.5569
387	67.5	-19.473	63.585	-7.7378
388	67.5	-14.01	65.007	-5.8612
389	67.5	-8.4467	65.961	-3.9417
390	67.5	-2.8223	66.44	-1.9933
391	67.5	2.8223	66.44	-3.186e-002
392	67.5	8.4467	65.961	1.9295
393	67.5	14.01	65.007	3.8745
394	67.5	19.473	63.585	5.7895
395	67.5	24.795	61.705	7.6601
396	67.5	29.939	59.38	9.473
397	67.5	34.866	56.627	11.216
398	67.5	39.543	53.466	12.876
399	67.5	43.935	49.92	14.443
400	67.5	48.01	46.014	15.906
401	67.5	51.739	41.777	17.257
402	67.5	55.096	37.238	18.485
403	67.5	58.055	32.432	19.583
404	67.5	60.597	27.391	20.544
405	67.5	62.701	22.154	21.36
406	67.5	64.354	16.757	22.025
407	67.5	65.543	11.239	22.534
408	67.5	66.26	5.6396	22.879
409	67.5	66.5	-1.9429e-013	23.049
410	67.5	66.26	-5.6396	23.076
411	67.5	65.543	-11.239	22.918
412	67.5	64.354	-16.757	22.594
413	67.5	62.701	-22.154	22.102
414	67.5	60.597	-27.391	21.447
415	67.5	58.055	-32.432	20.636
416	67.5	55.096	-37.238	19.673
417	67.5	51.739	-41.777	18.568
418	67.5	48.01	-46.014	17.33
419	67.5	43.935	-49.92	15.968
420	67.5	39.543	-53.466	14.493
421	67.5	34.866	-56.627	12.917
422	67.5	29.939	-59.38	11.251
423	67.5	24.795	-61.705	9.5077
424	67.5	19.473	-63.585	7.6989
425	67.5	14.01	-65.007	5.8371
426	67.5	8.4467	-65.961	3.935
427	67.5	2.8223	-66.44	2.0051
428	67.5	-2.8223	-66.44	6.0587e-002
429	67.5	-8.4467	-65.961	-1.887
430	67.5	-14.01	-65.007	-3.8226
431	67.5	-19.473	-63.585	-5.7346
432	67.5	-24.795	-61.705	-7.6051
433	67.5	-29.939	-59.38	-9.4358
434	67.5	-34.866	-56.627	-11.189
435	67.5	-39.543	-53.466	-12.86
436	67.5	-43.935	-49.92	-14.447
437	67.5	-48.01	-46.014	-15.929
438	67.5	-51.739	-41.777	-17.295
439	67.5	-55.096	-37.238	-18.535
440	67.5	-58.055	-32.432	-19.639
441	67.5	-60.597	-27.391	-20.598
442	67.5	-62.701	-22.154	-21.407
443	67.5	-64.354	-16.757	-22.059
444	67.5	-65.543	-11.239	-22.551
445	67.5	-66.26	-5.6396	-22.878
446	84.375	-66.26	5.6396	-27.931
447	84.375	-65.543	11.239	-27.728
448	84.375	-64.354	16.757	-27.327
449	84.375	-62.701	22.154	-26.733
450	84.375	-60.597	27.391	-25.95
451	84.375	-58.055	32.432	-24.983
452	84.375	-55.096	37.238	-23.838
453	84.375	-51.739	41.777	-22.522
454	84.375	-48.01	46.014	-21.045
455	84.375	-43.935	49.92	-19.415
456	84.375	-39.543	53.466	-17.643
457	84.375	-34.866	56.627	-15.741
458	84.375	-29.939	59.38	-13.722
459	84.375	-24.795	61.705	-11.602
460	84.375	-19.473	63.585	-9.394
461	84.375	-14.01	65.007	-7.1161
462	84.375	-8.4467	65.961	-4.7854
463	84.375	-2.8223	66.44	-2.4194
464	84.375	2.8223	66.44	-3.7478e-002
465	84.375	8.4467	65.961	2.3433
466	84.375	14.01	65.007	4.7041
467	84.375	19.473	63.585	7.0279
468	84.375	24.795	61.705	9.2975
469	84.375	29.939	59.38	11.497
470	84.375	34.866	56.627	13.61
471	84.375	39.543	53.466	15.624
472	84.375	43.935	49.92	17.524
473	84.375	48.01	46.014	19.298
474	84.375	51.739	41.777	20.935
475	84.375	55.096	37.238	22.424
476	84.375	58.055	32.432	23.755
477	84.375	60.597	27.391	24.918
478	84.375	62.701	22.154	25.906
479	84.375	64.354	16.757	26.71
480	84.375	65.543	11.239	27.324
481	84.375	66.26	5.6396	27.742
482	84.375	66.5	-1.9429e-013	27.95
483	84.375	66.26	-5.6396	27.975
484	84.375	65.543	-11.239	27.785
485	84.375	64.354	-16.757	27.392
486	84.375	62.701	-22.154	26.798
487	84.375	60.597	-27.391	26.007
488	84.375	58.055	-32.432	25.025
489	84.375	55.096	-37.238	23.861
490	84.375	51.739	-41.777	22.523
491	84.375	48.01	-46.014	21.024
492	84.375	43.935	-49.92	19.374
493	84.375	39.543	-53.466	17.587
494	84.375	34.866	-56.627	15.676
495	84.375	29.939	-59.38	13.656
496	84.375	24.795	-61.705	11.542
497	84.375	19.473	-63.585	9.3473
498	84.375	14.01	-65.007	7.088
499	84.375	8.4467	-65.961	4.7792
500	84.375	2.8223	-66.44	2.4363
501	84.375	-2.8223	-66.44	7.5493e-002
502	84.375	-8.4467	-65.961	-2.2884
503	84.375	-14.01	-65.007	-4.6382
504	84.375	-19.473	-63.585	-6.9587
505	84.375	-24.795	-61.705	-9.2304
506	84.375	-29.939	-59.38	-11.447
507	84.375	-34.866	-56.627	-13.576
508	84.375	-39.543	-53.466	-15.607
509	84.375	-43.935	-49.92	-17.532
510	84.375	-48.01	-46.014	-19.328
511	84.375	-51.739	-41.777	-20.984
512	84.375	-55.096	-37.238	-22.486
513	84.375	-58.055	-32.432	-23.823
514	84.375	-60.597	-27.391	-24.985
515	84.375	-62.701	-22.154	-25.963
516	84.375	-64.354	-16.757	-26.751
517	84.375	-65.543	-11.239	-27.345
518	84.375	-66.26	-5.6396	-27.74
519	101.25	-66.26	5.6396	-32.341
520	101.25	-65.543	11.239	-32.105
521	101.25	-64.354	16.757	-31.642
522	101.25	-62.701	22.154	-30.955
523	101.25	-60.597	27.391	-30.05
524	101.25	-58.055	32.432	-28.932
525	101.25	-55.096	37.238	-27.608
526	101.25	-51.739	41.777	-26.088
527	101.25	-48.01	46.014	-24.379
528	101.25	-43.935	49.92	-22.493
529	101.25	-39.543	53.466	-20.443
530	101.25	-34.866	56.627	-18.241
531	101.25	-29.939	59.38	-15.904
532	101.25	-24.795	61.705	-13.447
533	101.25	-19.473	63.585	-10.889
534	101.25	-14.01	65.007	-8.2491
535	101.25	-8.4467	65.961	-5.5476
536	101.25	-2.8223	66.44	-2.8049
537	101.25	2.8223	66.44	-4.3822e-002
538	101.25	8.4467	65.961	2.716
539	101.25	14.01	65.007	5.4525
540	101.25	19.473	63.585	8.1457
541	101.25	24.795	61.705	10.776
542	101.25	29.939	59.38	13.324
543	101.25	34.866	56.627	15.772
544	101.25	39.543	53.466	18.104
545	101.25	43.935	49.92	20.304
546	101.25	48.01	46.014	22.358
547	101.25	51.739	41.777	24.253
548	101.25	55.096	37.238	25.976
549	101.25	58.055	32.432	27.515
550	101.25	60.597	27.391	28.86
551	101.25	62.701	22.154	30.002
552	101.25	64.354	16.757	30.931
553	101.25	65.543	11.239	31.64
554	101.25	66.26	5.6396	32.123
555	101.25	66.5	-1.9429e-013	32.367
556	101.25	66.26	-5.6396	32.391
557	101.25	65.543	-11.239	32.172
558	101.25	64.354	-16.757	31.718
559	101.25	62.701	-22.154	31.031
560	101.25	60.597	-27.391	30.117
561	101.25	58.055	-32.432	28.982
562	101.25	55.096	-37.238	27.636
563	101.25	51.739	-41.777	26.09
564	101.25	48.01	-46.014	24.355
565	101.25	43.935	-49.92	22.446
566	101.25	39.543	-53.466	20.377
567	101.25	34.866	-56.627	18.165
568	101.25	29.939	-59.38	15.826
569	101.25	24.795	-61.705	13.377
570	101.25	19.473	-63.585	10.835
571	101.25	14.01	-65.007	8.2172
572	101.25	8.4467	-65.961	5.5418
573	101.25	2.8223	-66.44	2.8264
574	101.25	-2.8223	-66.44	9.0208e-002
575	101.25	-8.4467	-65.961	-2.6498
576	101.25	-14.01	-65.007	-5.3736
577	101.25	-19.473	-63.585	-8.0632
578	101.25	-24.795	-61.705	-10.697
579	101.25	-29.939	-59.38	-13.263
580	101.25	-34.866	-56.627	-15.731
581	101.25	-39.543	-53.466	-18.086
582	101.25	-43.935	-49.92	-20.315
583	101.25	-48.01	-46.014	-22.395
584	101.25	-51.739	-41.777	-24.312
585	101.25	-55.096	-37.238	-26.05
586	101.25	-58.055	-32.432	-27.597
587	101.25	-60.597	-27.391	-28.94
588	101.25	-62.701	-22.154	-30.071
589	101.25	-64.354	-16.757	-30.981
590	101.25	-65.543	-11.239	-31.666
591	101.25	-66.26	-5.6396	-32.122
592	118.13	-66.26	5.6396	-36.078
593	118.13	-65.543	11.239	-35.815
594	118.13	-64.354	16.757	-35.298
595	118.13	-62.701	22.154	-34.533
596	118.13	-60.597	27.391	-33.525
597	118.13	-58.055	32.432	-32.28
598	118.13	-55.096	37.238	-30.805
599	118.13	-51.739	41.777	-29.111
600	118.13	-48.01	46.014	-27.207
601	118.13	-43.935	49.92	-25.105
602	118.13	-39.543	53.466	-22.819
603	118.13	-34.866	56.627	-20.363
604	118.13	-29.939	59.38	-17.755
605	118.13	-24.795	61.705	-15.014
606	118.13	-19.473	63.585	-12.158
607	118.13	-14.01	65.007	-9.2112
608	118.13	-8.4467	65.961	-6.1946
609	118.13	-2.8223	66.44	-3.1318
610	118.13	2.8223	66.44	-4.8985e-002
611	118.13	8.4467	65.961	3.0329
612	118.13	14.01	65.007	6.0884
613	118.13	19.473	63.585	9.0952
614	118.13	24.795	61.705	12.031
615	118.13	29.939	59.38	14.875
616	118.13	34.866	56.627	17.607
617	118.13	39.543	53.466	20.209
618	118.13	43.935	49.92	22.663
619	118.13	48.01	46.014	24.954
620	118.13	51.739	41.777	27.067
621	118.13	55.096	37.238	28.987
622	118.13	58.055	32.432	30.703
623	118.13	60.597	27.391	32.202
624	118.13	62.701	22.154	33.474
625	118.13	64.354	16.757	34.509
626	118.13	65.543	11.239	35.298
627	118.13	66.26	5.6396	35.836
628	118.13	66.5	-1.9429e-013	36.108
629	118.13	66.26	-5.6396	36.135
630	118.13	65.543	-11.239	35.891
631	118.13	64.354	-16.757	35.385
632	118.13	62.701	-22.154	34.621
633	118.13	60.597	-27.391	33.602
634	118.13	58.055	-32.432	32.338
635	118.13	55.096	-37.238	30.838
636	118.13	51.739	-41.777	29.114
637	118.13	48.01	-46.014	27.18
638	118.13	43.935	-49.92	25.051
639	118.13	39.543	-53.466	22.744
640	118.13	34.866	-56.627	20.277
641	118.13	29.939	-59.38	17.667
642	118.13	24.795	-61.705	14.934
643	118.13	19.473	-63.585	12.097
644	118.13	14.01	-65.007	9.1754
645	118.13	8.4467	-65.961	6.189
646	118.13	2.8223	-66.44	3.1576
647	118.13	-2.8223	-66.44	0.10325
648	118.13	-8.4467	-65.961	-2.9559
649	118.13	-14.01	-65.007	-5.9969
650	118.13	-19.473	-63.585	-8.9998
651	118.13	-24.795	-61.705	-11.941
652	118.13	-29.939	-59.38	-14.804
653	118.13	-34.866	-56.627	-17.559
654	118.13	-39.543	-53.466	-20.189
655	118.13	-43.935	-49.92	-22.676
656	118.13	-48.01	-46.014	-24.997
657	118.13	-51.739	-41.777	-27.136
658	118.13	-55.096	-37.238	-29.074
659	118.13	-58.055	-32.432	-30.798
660	118.13	-60.597	-27.391	-32.295
661	118.13	-62.701	-22.154	-33.554
662	118.13	-64.354	-16.757	-34.568
663	118.13	-65.543	-11.239	-35.33
664	118.13	-66.26	-5.6396	-35.837
665	135.	-66.26	5.6396	-39.313
666	16.875	-66.5	-8.1439e-015	-5.7031
667	33.75	-66.5	-8.1439e-015	-12.532
668	50.625	-66.5	-8.1439e-015	-17.935
669	67.5	-66.5	-8.1439e-015	-23.041
670	84.375	-66.5	-8.1439e-015	-27.936
671	101.25	-66.5	-8.1439e-015	-32.347
672	118.13	-66.5	-8.1439e-015	-36.086
673	135.	-66.5	-8.1439e-015	-39.323
674	135.	-66.26	-5.6396	-39.054
675	135.	-65.543	-11.239	-38.505
676	135.	-64.354	-16.757	-37.677
677	135.	-62.701	-22.154	-36.575
678	135.	-60.597	-27.391	-35.206
679	135.	-58.055	-32.432	-33.576
680	135.	-55.096	-37.238	-31.699
681	135.	-51.739	-41.777	-29.586
682	135.	-48.01	-46.014	-27.256
683	135.	-43.935	-49.92	-24.725
684	135.	-39.543	-53.466	-22.012
685	135.	-34.866	-56.627	-19.142
686	135.	-29.939	-59.38	-16.139
687	135.	-24.795	-61.705	-13.016
688	135.	-19.473	-63.585	-9.8082
689	135.	-14.01	-65.007	-6.5333
690	135.	-8.4467	-65.961	-3.2172
691	135.	-2.8223	-66.44	0.11771
692	135.	2.8223	-66.44	3.4462
693	135.	8.4467	-65.961	6.7502
694	135.	14.01	-65.007	10.005
695	135.	19.473	-63.585	13.189
696	135.	24.795	-61.705	16.281
697	135.	29.939	-59.38	19.259
698	135.	34.866	-56.627	22.103
699	135.	39.543	-53.466	24.792
700	135.	43.935	-49.92	27.307
701	135.	48.01	-46.014	29.627
702	135.	51.739	-41.777	31.735
703	135.	55.096	-37.238	33.614
704	135.	58.055	-32.432	35.248
705	135.	60.597	-27.391	36.626
706	135.	62.701	-22.154	37.735
707	135.	64.354	-16.757	38.567
708	135.	65.543	-11.239	39.117
709	135.	66.26	-5.6396	39.382
710	135.	66.5	-1.9429e-013	39.352
711	135.	66.26	5.6396	39.053
712	135.	65.543	11.239	38.467
713	135.	64.354	16.757	37.606
714	135.	62.701	22.154	36.479
715	135.	60.597	27.391	35.093
716	135.	58.055	32.432	33.461
717	135.	55.096	37.238	31.593
718	135.	51.739	41.777	29.502
719	135.	48.01	46.014	27.202
720	135.	43.935	49.92	24.708
721	135.	39.543	53.466	22.035
722	135.	34.866	56.627	19.2
723	135.	29.939	59.38	16.223
724	135.	24.795	61.705	13.123
725	135.	19.473	63.585	9.9221
726	135.	14.01	65.007	6.6428
727	135.	8.4467	65.961	3.3097
728	135.	2.8223	66.44	-5.222e-002
729	135.	-2.8223	66.44	-3.4147
730	135.	-8.4467	65.961	-6.7564
731	135.	-14.01	65.007	-10.048
732	135.	-19.473	63.585	-13.262
733	135.	-24.795	61.705	-16.376
734	135.	-29.939	59.38	-19.365
735	135.	-34.866	56.627	-22.207
736	135.	-39.543	53.466	-24.882
737	135.	-43.935	49.92	-27.371
738	135.	-48.01	46.014	-29.659
739	135.	-51.739	41.777	-31.731
740	135.	-55.096	37.238	-33.574
741	135.	-58.055	32.432	-35.177
742	135.	-60.597	27.391	-36.532
743	135.	-62.701	22.154	-37.629
744	135.	-64.354	16.757	-38.462
745	135.	-65.543	11.239	-39.025
1554	0.	-66.44	-2.8223	0.
1555	0.	-66.44	2.8223	0.
1556	8.4375	-66.5	-8.1439e-015	-2.1342
1557	0.	-65.961	-8.4467	0.
1558	8.4375	-66.26	-5.6396	-2.1186
1559	0.	-65.007	-14.01	0.
1560	8.4375	-65.543	-11.239	-2.0874
1561	0.	-63.585	-19.473	0.
1562	8.4375	-64.354	-16.757	-2.0409
1563	0.	-61.705	-24.795	0.
1564	8.4375	-62.701	-22.154	-1.9793
1565	0.	-59.38	-29.939	0.
1566	8.4375	-60.597	-27.391	-1.903
1567	0.	-56.627	-34.866	0.
1568	8.4375	-58.055	-32.432	-1.8126
1569	0.	-53.466	-39.543	0.
1570	8.4375	-55.096	-37.238	-1.7088
1571	0.	-49.92	-43.935	0.
1572	8.4375	-51.739	-41.777	-1.5928
1573	0.	-46.014	-48.01	0.
1574	8.4375	-48.01	-46.014	-1.4655
1575	0.	-41.777	-51.739	0.
1576	8.4375	-43.935	-49.92	-1.3279
1577	0.	-37.238	-55.096	0.
1578	8.4375	-39.543	-53.466	-1.1797
1579	0.	-32.432	-58.055	0.
1580	8.4375	-34.866	-56.627	-1.017
1581	0.	-27.391	-60.597	0.
1582	8.4375	-29.939	-59.38	-0.83732
1583	0.	-22.154	-62.701	0.
1584	8.4375	-24.795	-61.705	-0.68784
1585	0.	-16.757	-64.354	0.
1586	8.4375	-19.473	-63.585	-0.52454
1587	0.	-11.239	-65.543	0.
1588	8.4375	-14.01	-65.007	-0.35208
1589	0.	-5.6396	-66.26	0.
1590	8.4375	-8.4467	-65.961	-0.17689
1591	0.	4.072e-015	-66.5	0.
1592	8.4375	-2.8223	-66.44	2.4595e-003
1593	0.	5.6396	-66.26	0.
1594	8.4375	2.8223	-66.44	0.18909
1595	0.	11.239	-65.543	0.
1596	8.4375	8.4467	-65.961	0.36383
1597	0.	16.757	-64.354	0.
1598	8.4375	14.01	-65.007	0.53462
1599	0.	22.154	-62.701	0.
1600	8.4375	19.473	-63.585	0.7031
1601	0.	27.391	-60.597	0.
1602	8.4375	24.795	-61.705	0.86862
1603	0.	32.432	-58.055	0.
1604	8.4375	29.939	-59.38	1.0296
1605	0.	37.238	-55.096	0.
1606	8.4375	34.866	-56.627	1.1843
1607	0.	41.777	-51.739	0.
1608	8.4375	39.543	-53.466	1.3311
1609	0.	46.014	-48.01	0.
1610	8.4375	43.935	-49.92	1.4687
1611	0.	49.92	-43.935	0.
1612	8.4375	48.01	-46.014	1.596
1613	0.	53.466	-39.543	0.
1614	8.4375	51.739	-41.777	1.7119
1615	0.	56.627	-34.866	0.
1616	8.4375	55.096	-37.238	1.8157
1617	0.	59.38	-29.939	0.
1618	8.4375	58.055	-32.432	1.9066
1619	0.	61.705	-24.795	0.
1620	8.4375	60.597	-27.391	1.984
1621	0.	63.585	-19.473	0.
1622	8.4375	62.701	-22.154	2.0472
1623	0.	65.007	-14.01	0.
1624	8.4375	64.354	-16.757	2.0947
1625	0.	65.961	-8.4467	0.
1626	8.4375	65.543	-11.239	2.1225
1627	0.	66.44	-2.8223	0.
1628	8.4375	66.26	-5.6396	2.116
1629	0.	66.44	2.8223	0.
1630	8.4375	66.5	-1.9429e-013	2.1399
1631	0.	65.961	8.4467	0.
1632	8.4375	66.26	5.6396	2.1454
1633	0.	65.007	14.01	0.
1634	8.4375	65.543	11.239	2.1064
1635	0.	63.585	19.473	0.
1636	8.4375	64.354	16.757	2.0455
1637	0.	61.705	24.795	0.
1638	8.4375	62.701	22.154	1.9743
1639	0.	59.38	29.939	0.
1640	8.4375	60.597	27.391	1.8945
1641	0.	56.627	34.866	0.
1642	8.4375	58.055	32.432	1.8053
1643	0.	53.466	39.543	0.
1644	8.4375	55.096	37.238	1.7053
1645	0.	49.92	43.935	0.
1646	8.4375	51.739	41.777	1.5938
1647	0.	46.014	48.01	0.
1648	8.4375	48.01	46.014	1.4706
1649	0.	41.777	51.739	0.
1650	8.4375	43.935	49.92	1.3364
1651	0.	37.238	55.096	0.
1652	8.4375	39.543	53.466	1.192
1653	0.	32.432	58.055	0.
1654	8.4375	34.866	56.627	1.0383
1655	0.	27.391	60.597	0.
1656	8.4375	29.939	59.38	0.87653
1657	0.	22.154	62.701	0.
1658	8.4375	24.795	61.705	0.70781
1659	0.	16.757	64.354	0.
1660	8.4375	19.473	63.585	0.53364
1661	0.	11.239	65.543	0.
1662	8.4375	14.01	65.007	0.35574
1663	0.	5.6396	66.26	0.
1664	8.4375	8.4467	65.961	0.17804
1665	0.	3.7322e-013	66.5	0.
1666	8.4375	2.8223	66.44	-2.6549e-003
1667	0.	-5.6396	66.26	0.
1668	8.4375	-2.8223	66.44	-0.19027
1669	0.	-11.239	65.543	0.
1670	8.4375	-8.4467	65.961	-0.36571
1671	0.	-16.757	64.354	0.
1672	8.4375	-14.01	65.007	-0.53711
1673	0.	-22.154	62.701	0.
1674	8.4375	-19.473	63.585	-0.70609
1675	0.	-27.391	60.597	0.
1676	8.4375	-24.795	61.705	-0.87197
1677	0.	-32.432	58.055	0.
1678	8.4375	-29.939	59.38	-1.0331
1679	0.	-37.238	55.096	0.
1680	8.4375	-34.866	56.627	-1.1877
1681	0.	-41.777	51.739	0.
1682	8.4375	-39.543	53.466	-1.3343
1683	0.	-46.014	48.01	0.
1684	8.4375	-43.935	49.92	-1.4714
1685	0.	-49.92	43.935	0.
1686	8.4375	-48.01	46.014	-1.5979
1687	0.	-53.466	39.543	0.
1688	8.4375	-51.739	41.777	-1.7129
1689	0.	-56.627	34.866	0.
1690	8.4375	-55.096	37.238	-1.8154
1691	0.	-59.38	29.939	0.
1692	8.4375	-58.055	32.432	-1.9047
1693	0.	-61.705	24.795	0.
1694	8.4375	-60.597	27.391	-1.9801
1695	0.	-63.585	19.473	0.
1696	8.4375	-62.701	22.154	-2.0412
1697	0.	-65.007	14.01	0.
1698	8.4375	-64.354	16.757	-2.0875
1699	0.	-65.961	8.4467	0.
1700	8.4375	-66.26	5.6396	-2.1341
1701	8.4375	-65.543	11.239	-2.1185
1702	16.875	-65.961	8.4467	-5.6869
1703	25.313	-66.26	5.6396	-9.4
1704	16.875	-66.44	2.8223	-5.7079
1706	16.875	-65.007	14.01	-5.6245
1707	25.313	-65.543	11.239	-9.3316
1709	16.875	-63.585	19.473	-5.5213
1710	25.313	-64.354	16.757	-9.196
1712	16.875	-61.705	24.795	-5.378
1713	25.313	-62.701	22.154	-8.994
1715	16.875	-59.38	29.939	-5.1957
1716	25.313	-60.597	27.391	-8.7273
1718	16.875	-56.627	34.866	-4.9757
1719	25.313	-58.055	32.432	-8.3977
1721	16.875	-53.466	39.543	-4.7195
1722	25.313	-55.096	37.238	-8.0076
1724	16.875	-49.92	43.935	-4.4291
1725	25.313	-51.739	41.777	-7.5596
1727	16.875	-46.014	48.01	-4.1065
1728	25.313	-48.01	46.014	-7.0569
1730	16.875	-41.777	51.739	-3.754
1731	25.313	-43.935	49.92	-6.5031
1733	16.875	-37.238	55.096	-3.3746
1734	25.313	-39.543	53.466	-5.9022
1736	16.875	-32.432	58.055	-2.9712
1737	25.313	-34.866	56.627	-5.2587
1739	16.875	-27.391	60.597	-2.5475
1740	25.313	-29.939	59.38	-4.5776
1742	16.875	-22.154	62.701	-2.1071
1743	25.313	-24.795	61.705	-3.8642
1745	16.875	-16.757	64.354	-1.6541
1746	25.313	-19.473	63.585	-3.1244
1748	16.875	-11.239	65.543	-1.1923
1749	25.313	-14.01	65.007	-2.3645
1751	16.875	-5.6396	66.26	-0.72456
1752	25.313	-8.4467	65.961	-1.5907
1754	16.875	3.4369e-013	66.5	-0.25642
1755	25.313	-2.8223	66.44	-0.80863
1757	16.875	5.6396	66.26	0.22264
1758	25.313	2.8223	66.44	-1.8274e-002
1760	16.875	11.239	65.543	0.70968
1761	25.313	8.4467	65.961	0.77443
1763	16.875	16.757	64.354	1.1907
1764	25.313	14.01	65.007	1.5687
1766	16.875	22.154	62.701	1.6621
1767	25.313	19.473	63.585	2.3519
1769	16.875	27.391	60.597	2.1209
1770	25.313	24.795	61.705	3.1174
1772	16.875	32.432	58.055	2.5632
1773	25.313	29.939	59.38	3.8592
1775	16.875	37.238	55.096	2.9855
1776	25.313	34.866	56.627	4.5716
1778	16.875	41.777	51.739	3.385
1779	25.313	39.543	53.466	5.2495
1781	16.875	46.014	48.01	3.7587
1782	25.313	43.935	49.92	5.8882
1784	16.875	49.92	43.935	4.1041
1785	25.313	48.01	46.014	6.4831
1787	16.875	53.466	39.543	4.4194
1788	25.313	51.739	41.777	7.0305
1790	16.875	56.627	34.866	4.703
1791	25.313	55.096	37.238	7.5269
1793	16.875	59.38	29.939	4.9542
1794	25.313	58.055	32.432	7.9695
1796	16.875	61.705	24.795	5.1731
1797	25.313	60.597	27.391	8.356
1799	16.875	63.585	19.473	5.3593
1800	25.313	62.701	22.154	8.6854
1802	16.875	65.007	14.01	5.5101
1803	25.313	64.354	16.757	8.9581
1805	16.875	65.961	8.4467	5.6172
1806	25.313	65.543	11.239	9.1769
1808	16.875	66.44	2.8223	5.6786
1809	25.313	66.26	5.6396	9.347
1811	16.875	66.44	-2.8223	5.7168
1812	25.313	66.5	-1.9429e-013	9.4525
1813	16.875	65.961	-8.4467	5.7107
1814	25.313	66.26	-5.6396	9.4509
1816	16.875	65.007	-14.01	5.6446
1817	25.313	65.543	-11.239	9.3731
1819	16.875	63.585	-19.473	5.539
1820	25.313	64.354	-16.757	9.2276
1822	16.875	61.705	-24.795	5.3908
1823	25.313	62.701	-22.154	9.0183
1825	16.875	59.38	-29.939	5.2035
1826	25.313	60.597	-27.391	8.7442
1828	16.875	56.627	-34.866	4.9789
1829	25.313	58.055	-32.432	8.4074
1831	16.875	53.466	-39.543	4.7188
1832	25.313	55.096	-37.238	8.0104
1834	16.875	49.92	-43.935	4.425
1835	25.313	51.739	-41.777	7.556
1837	16.875	46.014	-48.01	4.0997
1838	25.313	48.01	-46.014	7.0478
1840	16.875	41.777	-51.739	3.7452
1841	25.313	43.935	-49.92	6.4896
1843	16.875	37.238	-55.096	3.3645
1844	25.313	39.543	-53.466	5.8855
1846	16.875	32.432	-58.055	2.9606
1847	25.313	34.866	-56.627	5.2403
1849	16.875	27.391	-60.597	2.5371
1850	25.313	29.939	-59.38	4.5589
1852	16.875	22.154	-62.701	2.0977
1853	25.313	24.795	-61.705	3.8467
1855	16.875	16.757	-64.354	1.6462
1856	25.313	19.473	-63.585	3.1095
1858	16.875	11.239	-65.543	1.1863
1859	25.313	14.01	-65.007	2.3532
1861	16.875	5.6396	-66.26	0.72099
1862	25.312	8.4467	-65.961	1.5838
1864	16.875	1.8838e-014	-66.5	0.25554
1865	25.313	2.8223	-66.44	0.8067
1867	16.875	-5.6396	-66.26	-0.22011
1868	25.313	-2.8223	-66.44	2.1775e-002
1870	16.875	-11.239	-65.543	-0.70233
1871	25.313	-8.4467	-65.961	-0.76503
1873	16.875	-16.757	-64.354	-1.1763
1874	25.313	-14.01	-65.007	-1.5531
1876	16.875	-22.154	-62.701	-1.6366
1877	25.312	-19.473	-63.585	-2.3302
1879	16.875	-27.391	-60.597	-2.0897
1880	25.312	-24.795	-61.705	-3.0935
1882	16.875	-32.432	-58.055	-2.5225
1883	25.313	-29.939	-59.38	-3.8248
1885	16.875	-37.238	-55.096	-2.9392
1886	25.313	-34.866	-56.627	-4.5361
1888	16.875	-41.777	-51.739	-3.3473
1889	25.313	-39.543	-53.466	-5.2139
1891	16.875	-46.014	-48.01	-3.7319
1892	25.312	-43.935	-49.92	-5.86
1894	16.875	-49.92	-43.935	-4.0888
1895	25.312	-48.01	-46.014	-6.4678
1897	16.875	-53.466	-39.543	-4.4157
1898	25.313	-51.739	-41.777	-7.0296
1900	16.875	-56.627	-34.866	-4.7102
1901	25.313	-55.096	-37.238	-7.5399
1903	16.875	-59.38	-29.939	-4.9698
1904	25.312	-58.055	-32.432	-7.9947
1906	16.875	-61.705	-24.795	-5.1926
1907	25.313	-60.597	-27.391	-8.3903
1909	16.875	-63.585	-19.473	-5.3768
1910	25.313	-62.701	-22.154	-8.7239
1912	16.875	-65.007	-14.01	-5.5212
1913	25.313	-64.354	-16.757	-8.9932
1915	16.875	-65.961	-8.4467	-5.6249
1916	25.313	-65.543	-11.239	-9.1964
1918	25.313	-66.26	-5.6396	-9.3324
1919	16.875	-66.44	-2.8223	-5.6872
1921	33.75	-65.961	8.4467	-12.498
1922	42.188	-66.26	5.6396	-15.384
1923	33.75	-66.44	2.8223	-12.543
1925	33.75	-65.007	14.01	-12.362
1926	42.188	-65.543	11.239	-15.272
1928	33.75	-63.585	19.473	-12.138
1929	42.188	-64.354	16.757	-15.051
1931	33.75	-61.705	24.795	-11.826
1932	42.188	-62.701	22.154	-14.723
1934	33.75	-59.38	29.939	-11.431
1935	42.188	-60.597	27.391	-14.289
1937	33.75	-56.627	34.866	-10.953
1938	42.188	-58.055	32.432	-13.753
1940	33.75	-53.466	39.543	-10.396
1941	42.188	-55.096	37.238	-13.119
1943	33.75	-49.92	43.935	-9.7648
1944	42.188	-51.739	41.777	-12.391
1946	33.75	-46.014	48.01	-9.0629
1947	42.188	-48.01	46.014	-11.573
1949	33.75	-41.777	51.739	-8.2954
1950	42.188	-43.935	49.92	-10.672
1952	33.75	-37.238	55.096	-7.4679
1953	42.188	-39.543	53.466	-9.6941
1955	33.75	-32.432	58.055	-6.5862
1956	42.188	-34.866	56.627	-8.6455
1958	33.75	-27.391	60.597	-5.6571
1959	42.188	-29.939	59.38	-7.5341
1961	33.75	-22.154	62.701	-4.6874
1962	42.188	-24.795	61.705	-6.368
1964	33.75	-16.757	64.354	-3.6845
1965	42.188	-19.473	63.585	-5.1556
1967	33.75	-11.239	65.543	-2.6556
1968	42.188	-14.01	65.007	-3.9056
1970	33.75	-5.6396	66.26	-1.6077
1971	42.188	-8.4467	65.961	-2.6272
1973	33.75	3.4369e-013	66.5	-0.54887
1974	42.188	-2.8223	66.44	-1.3298
1976	33.75	5.6396	66.26	0.51224
1977	42.188	2.8223	66.44	-2.2245e-002
1979	33.75	11.239	65.543	1.5709
1980	42.188	8.4467	65.961	1.283
1982	33.75	16.757	64.354	2.6192
1983	42.188	14.01	65.007	2.5789
1985	33.75	22.154	62.701	3.6497
1986	42.188	19.473	63.585	3.8555
1988	33.75	27.391	60.597	4.6533
1989	42.188	24.795	61.705	5.1039
1991	33.75	32.432	58.055	5.6223
1992	42.188	29.939	59.38	6.3145
1994	33.75	37.238	55.096	6.5494
1995	42.188	34.866	56.627	7.4784
1997	33.75	41.777	51.739	7.4281
1998	42.188	39.543	53.466	8.5871
2000	33.75	46.014	48.01	8.2523
2001	42.188	43.935	49.92	9.6332
2003	33.75	49.92	43.935	9.0166
2004	42.188	48.01	46.014	10.61
2006	33.75	53.466	39.543	9.7162
2007	42.188	51.739	41.777	11.511
2009	33.75	56.627	34.866	10.347
2010	42.188	55.096	37.238	12.33
2012	33.75	59.38	29.939	10.905
2013	42.188	58.055	32.432	13.063
2015	33.75	61.705	24.795	11.388
2016	42.188	60.597	27.391	13.706
2018	33.75	63.585	19.473	11.794
2019	42.188	62.701	22.154	14.252
2021	33.75	65.007	14.01	12.119
2022	42.188	64.354	16.757	14.699
2024	33.75	65.961	8.4467	12.356
2025	42.188	65.543	11.239	15.041
2027	33.75	66.44	2.8223	12.498
2028	42.188	66.26	5.6396	15.279
2030	33.75	66.44	-2.8223	12.561
2031	42.188	66.5	-1.9429e-013	15.411
2032	33.75	65.961	-8.4467	12.534
2033	42.188	66.26	-5.6396	15.41
2035	33.75	65.007	-14.01	12.4
2036	42.188	65.543	-11.239	15.307
2038	33.75	63.585	-19.473	12.172
2039	42.188	64.354	-16.757	15.09
2041	33.75	61.705	-24.795	11.854
2042	42.188	62.701	-22.154	14.759
2044	33.75	59.38	-29.939	11.449
2045	42.188	60.597	-27.391	14.318
2047	33.75	56.627	-34.866	10.962
2048	42.188	58.055	-32.432	13.773
2050	33.75	53.466	-39.543	10.397
2051	42.188	55.096	-37.238	13.127
2053	33.75	49.92	-43.935	9.7568
2054	42.188	51.739	-41.777	12.388
2056	33.75	46.014	-48.01	9.0474
2057	42.188	48.01	-46.014	11.559
2059	33.75	41.777	-51.739	8.274
2060	42.188	43.935	-49.92	10.649
2062	33.75	37.238	-55.096	7.4426
2063	42.188	39.543	-53.466	9.6642
2065	33.75	32.432	-58.055	6.5594
2066	42.188	34.866	-56.627	8.6119
2068	33.75	27.391	-60.597	5.6311
2069	42.188	29.939	-59.38	7.5
2071	33.75	22.154	-62.701	4.6645
2072	42.188	24.795	-61.705	6.3365
2074	33.75	16.757	-64.354	3.6665
2075	42.188	19.473	-63.585	5.1298
2077	33.75	11.239	-65.543	2.6441
2078	42.188	14.01	-65.007	3.8879
2080	33.75	5.6396	-66.26	1.6035
2081	42.188	8.4467	-65.961	2.6192
2083	33.75	1.8838e-014	-66.5	0.55259
2084	42.188	2.8223	-66.44	1.3323
2086	33.75	-5.6396	-66.26	-0.50096
2087	42.188	-2.8223	-66.44	3.4884e-002
2089	33.75	-11.239	-65.543	-1.5528
2090	42.188	-8.4467	-65.961	-1.2614
2092	33.75	-16.757	-64.354	-2.5959
2093	42.188	-14.01	-65.007	-2.5505
2095	33.75	-22.154	-62.701	-3.621
2096	42.188	-19.473	-63.585	-3.8225
2098	33.75	-27.391	-60.597	-4.6284
2099	42.188	-24.795	-61.705	-5.0712
2101	33.75	-32.432	-58.055	-5.6014
2102	42.188	-29.939	-59.38	-6.2771
2104	33.75	-37.238	-55.096	-6.5269
2105	42.188	-34.866	-56.627	-7.4516
2107	33.75	-41.777	-51.739	-7.4114
2108	42.188	-39.543	-53.466	-8.5736
2110	33.75	-46.014	-48.01	-8.2464
2111	42.187	-43.935	-49.92	-9.6316
2113	33.75	-49.92	-43.935	-9.0229
2114	42.188	-48.01	-46.014	-10.621
2116	33.75	-53.466	-39.543	-9.7347
2117	42.188	-51.739	-41.777	-11.534
2119	33.75	-56.627	-34.866	-10.375
2120	42.188	-55.096	-37.238	-12.363
2122	33.75	-59.38	-29.939	-10.94
2123	42.187	-58.055	-32.432	-13.101
2125	33.75	-61.705	-24.795	-11.424
2126	42.187	-60.597	-27.391	-13.744
2128	33.75	-63.585	-19.473	-11.825
2129	42.188	-62.701	-22.154	-14.287
2131	33.75	-65.007	-14.01	-12.138
2132	42.188	-64.354	-16.757	-14.724
2134	33.75	-65.961	-8.4467	-12.363
2135	42.188	-65.543	-11.239	-15.054
2137	42.188	-66.26	-5.6396	-15.275
2138	33.75	-66.44	-2.8223	-12.499
2140	50.625	-65.961	8.4467	-17.885
2141	59.063	-66.26	5.6396	-20.53
2142	50.625	-66.44	2.8223	-17.951
2144	50.625	-65.007	14.01	-17.69
2145	59.063	-65.543	11.239	-20.381
2147	50.625	-63.585	19.473	-17.37
2148	59.063	-64.354	16.757	-20.086
2150	50.625	-61.705	24.795	-16.926
2151	59.063	-62.701	22.154	-19.648
2153	50.625	-59.38	29.939	-16.361
2154	59.063	-60.597	27.391	-19.071
2156	50.625	-56.627	34.866	-15.679
2157	59.063	-58.055	32.432	-18.357
2159	50.625	-53.466	39.543	-14.885
2160	59.063	-55.096	37.238	-17.513
2162	50.625	-49.92	43.935	-13.984
2163	59.063	-51.739	41.777	-16.543
2165	50.625	-46.014	48.01	-12.983
2166	59.063	-48.01	46.014	-15.455
2168	50.625	-41.777	51.739	-11.887
2169	59.063	-43.935	49.92	-14.254
2171	50.625	-37.238	55.096	-10.705
2172	59.063	-39.543	53.466	-12.95
2174	50.625	-32.432	58.055	-9.4452
2175	59.063	-34.866	56.627	-11.551
2177	50.625	-27.391	60.597	-8.1163
2178	59.063	-29.939	59.38	-10.068
2180	50.625	-22.154	62.701	-6.7279
2181	59.063	-24.795	61.705	-8.5107
2183	50.625	-16.757	64.354	-5.2902
2184	59.063	-19.473	63.585	-6.8906
2186	50.625	-11.239	65.543	-3.8139
2187	59.063	-14.01	65.007	-5.2197
2189	50.625	-5.6396	66.26	-2.3094
2190	59.063	-8.4467	65.961	-3.5106
2192	50.625	3.4369e-013	66.5	-0.78872
2193	59.063	-2.8223	66.44	-1.776
2195	50.625	5.6396	66.26	0.73687
2196	59.063	2.8223	66.44	-2.8739e-002
2198	50.625	11.239	65.543	2.2566
2199	59.063	8.4467	65.961	1.7172
2201	50.625	16.757	64.354	3.7587
2202	59.063	14.01	65.007	3.4498
2204	50.625	22.154	62.701	5.2325
2205	59.063	19.473	63.585	5.1555
2207	50.625	27.391	60.597	6.6669
2208	59.063	24.795	61.705	6.822
2210	50.625	32.432	58.055	8.0518
2211	59.063	29.939	59.38	8.4373
2213	50.625	37.238	55.096	9.3773
2214	59.063	34.866	56.627	9.99
2216	50.625	41.777	51.739	10.634
2217	59.063	39.543	53.466	11.469
2219	50.625	46.014	48.01	11.815
2220	59.063	43.935	49.92	12.866
2222	50.625	49.92	43.935	12.91
2223	59.063	48.01	46.014	14.17
2225	50.625	53.466	39.543	13.914
2226	59.063	51.739	41.777	15.373
2228	50.625	56.627	34.866	14.821
2229	59.063	55.096	37.238	16.467
2231	50.625	59.38	29.939	15.624
2232	59.063	58.055	32.432	17.446
2234	50.625	61.705	24.795	16.317
2235	59.063	60.597	27.391	18.303
2237	50.625	63.585	19.473	16.897
2238	59.063	62.701	22.154	19.031
2240	50.625	65.007	14.01	17.358
2241	59.063	64.354	16.757	19.625
2243	50.625	65.961	8.4467	17.692
2244	59.063	65.543	11.239	20.079
2246	50.625	66.44	2.8223	17.89
2247	59.063	66.26	5.6396	20.39
2249	50.625	66.44	-2.8223	17.969
2250	59.063	66.5	-1.9429e-013	20.561
2251	50.625	65.961	-8.4467	17.922
2252	59.063	66.26	-5.6396	20.565
2254	50.625	65.007	-14.01	17.733
2255	59.063	65.543	-11.239	20.426
2257	50.625	63.585	-19.473	17.413
2258	59.063	64.354	-16.757	20.135
2260	50.625	61.705	-24.795	16.964
2261	59.063	62.701	-22.154	19.696
2263	50.625	59.38	-29.939	16.391
2264	59.063	60.597	-27.391	19.111
2266	50.625	56.627	-34.866	15.697
2267	59.063	58.055	-32.432	18.387
2269	50.625	53.466	-39.543	14.89
2270	59.063	55.096	-37.238	17.528
2272	50.625	49.92	-43.935	13.975
2273	59.063	51.739	-41.777	16.542
2275	50.625	46.014	-48.01	12.961
2276	59.063	48.01	-46.014	15.438
2278	50.625	41.777	-51.739	11.855
2279	59.063	43.935	-49.92	14.224
2281	50.625	37.238	-55.096	10.667
2282	59.063	39.543	-53.466	12.909
2284	50.625	32.432	-58.055	9.4039
2285	59.063	34.866	-56.627	11.505
2287	50.625	27.391	-60.597	8.0764
2288	59.063	29.939	-59.38	10.02
2290	50.625	22.154	-62.701	6.6935
2291	59.063	24.795	-61.705	8.4671
2293	50.625	16.757	-64.354	5.2648
2294	59.063	19.473	-63.585	6.8559
2296	50.625	11.239	-65.543	3.8
2297	59.063	14.01	-65.007	5.1977
2299	50.625	5.6396	-66.26	2.3085
2300	59.063	8.4467	-65.961	3.5035
2302	50.625	1.8838e-014	-66.5	0.80087
2303	59.063	2.8223	-66.44	1.7848
2305	50.625	-5.6396	-66.26	-0.71312
2306	59.063	-2.8223	-66.44	5.2369e-002
2308	50.625	-11.239	-65.543	-2.2236
2309	59.063	-8.4467	-65.961	-1.6814
2311	50.625	-16.757	-64.354	-3.7203
2312	59.063	-14.01	-65.007	-3.4058
2314	50.625	-22.154	-62.701	-5.1917
2315	59.063	-19.473	-63.585	-5.1077
2317	50.625	-27.391	-60.597	-6.6345
2318	59.063	-24.795	-61.705	-6.7773
2320	50.625	-32.432	-58.055	-8.0303
2321	59.063	-29.939	-59.38	-8.3934
2323	50.625	-37.238	-55.096	-9.3609
2324	59.063	-34.866	-56.627	-9.959
2326	50.625	-41.777	-51.739	-10.628
2327	59.063	-39.543	-53.466	-11.456
2329	50.625	-46.014	-48.01	-11.822
2330	59.063	-43.935	-49.92	-12.868
2332	50.625	-49.92	-43.935	-12.931
2333	59.063	-48.01	-46.014	-14.188
2335	50.625	-53.466	-39.543	-13.947
2336	59.063	-51.739	-41.777	-15.406
2338	50.625	-56.627	-34.866	-14.861
2339	59.063	-55.096	-37.238	-16.511
2341	50.625	-59.38	-29.939	-15.667
2342	59.063	-58.055	-32.432	-17.496
2344	50.625	-61.705	-24.795	-16.358
2345	59.062	-60.597	-27.391	-18.352
2347	50.625	-63.585	-19.473	-16.928
2348	59.063	-62.701	-22.154	-19.074
2350	50.625	-65.007	-14.01	-17.375
2351	59.063	-64.354	-16.757	-19.656
2353	50.625	-65.961	-8.4467	-17.696
2354	59.063	-65.543	-11.239	-20.095
2356	59.063	-66.26	-5.6396	-20.387
2357	50.625	-66.44	-2.8223	-17.888
2359	67.5	-65.961	8.4467	-22.974
2360	75.938	-66.26	5.6396	-25.549
2361	67.5	-66.44	2.8223	-23.06
2363	67.5	-65.007	14.01	-22.725
2364	75.938	-65.543	11.239	-25.363
2366	67.5	-63.585	19.473	-22.314
2367	75.938	-64.354	16.757	-24.996
2369	67.5	-61.705	24.795	-21.744
2370	75.938	-62.701	22.154	-24.453
2372	67.5	-59.38	29.939	-21.02
2373	75.938	-60.597	27.391	-23.735
2375	67.5	-56.627	34.866	-20.147
2376	75.938	-58.055	32.432	-22.85
2378	67.5	-53.466	39.543	-19.129
2379	75.938	-55.096	37.238	-21.801
2381	67.5	-49.92	43.935	-17.974
2382	75.938	-51.739	41.777	-20.597
2384	67.5	-46.014	48.01	-16.69
2385	75.938	-48.01	46.014	-19.245
2387	67.5	-41.777	51.739	-15.284
2388	75.938	-43.935	49.92	-17.753
2390	67.5	-37.238	55.096	-13.767
2391	75.938	-39.543	53.466	-16.131
2393	67.5	-32.432	58.055	-12.149
2394	75.938	-34.866	56.627	-14.392
2396	67.5	-27.391	60.597	-10.441
2397	75.938	-29.939	59.38	-12.545
2399	67.5	-22.154	62.701	-8.6554
2400	75.938	-24.795	61.705	-10.606
2402	67.5	-16.757	64.354	-6.8058
2403	75.938	-19.473	63.585	-8.5875
2405	67.5	-11.239	65.543	-4.9059
2406	75.938	-14.01	65.007	-6.5052
2408	67.5	-5.6396	66.26	-2.9702
2409	75.938	-8.4467	65.961	-4.3746
2411	67.5	3.4369e-013	66.5	-1.0133
2412	75.938	-2.8223	66.44	-2.2121
2414	67.5	5.6396	66.26	0.94981
2415	75.938	2.8223	66.44	-3.4221e-002
2417	67.5	11.239	65.543	2.9049
2418	75.938	8.4467	65.961	2.1417
2420	67.5	16.757	64.354	4.8367
2421	75.938	14.01	65.007	4.3001
2423	67.5	22.154	62.701	6.7312
2424	75.938	19.473	63.585	6.4246
2426	67.5	27.391	60.597	8.5746
2427	75.938	24.795	61.705	8.4998
2429	67.5	32.432	58.055	10.354
2430	75.938	29.939	59.38	10.511
2432	67.5	37.238	55.096	12.057
2433	75.938	34.866	56.627	12.444
2435	67.5	41.777	51.739	13.672
2436	75.938	39.543	53.466	14.285
2438	67.5	46.014	48.01	15.188
2439	75.938	43.935	49.92	16.023
2441	67.5	49.92	43.935	16.596
2442	75.938	48.01	46.014	17.646
2444	67.5	53.466	39.543	17.887
2445	75.938	51.739	41.777	19.144
2447	67.5	56.627	34.866	19.051
2448	75.938	55.096	37.238	20.506
2450	67.5	59.38	29.939	20.081
2451	75.938	58.055	32.432	21.723
2453	67.5	61.705	24.795	20.971
2454	75.938	60.597	27.391	22.788
2456	67.5	63.585	19.473	21.712
2457	75.938	62.701	22.154	23.692
2459	67.5	65.007	14.01	22.299
2460	75.938	64.354	16.757	24.429
2462	67.5	65.961	8.4467	22.727
2463	75.938	65.543	11.239	24.991
2465	67.5	66.44	2.8223	22.985
2466	75.938	66.26	5.6396	25.374
2468	67.5	66.44	-2.8223	23.084
2469	75.938	66.5	-1.9429e-013	25.58
2470	67.5	65.961	-8.4467	23.018
2471	75.938	66.26	-5.6396	25.588
2473	67.5	65.007	-14.01	22.777
2474	75.938	65.543	-11.239	25.416
2476	67.5	63.585	-19.473	22.368
2477	75.938	64.354	-16.757	25.056
2479	67.5	61.705	-24.795	21.795
2480	75.938	62.701	-22.154	24.511
2482	67.5	59.38	-29.939	21.061
2483	75.938	60.597	-27.391	23.787
2485	67.5	56.627	-34.866	20.173
2486	75.938	58.055	-32.432	22.888
2488	67.5	53.466	-39.543	19.138
2489	75.938	55.096	-37.238	21.822
2491	67.5	49.92	-43.935	17.965
2492	75.938	51.739	-41.777	20.598
2494	67.5	46.014	-48.01	16.663
2495	75.938	48.01	-46.014	19.225
2497	67.5	41.777	-51.739	15.244
2498	75.938	43.935	-49.92	17.715
2500	67.5	37.238	-55.096	13.717
2501	75.938	39.543	-53.466	16.08
2503	67.5	32.432	-58.055	12.094
2504	75.938	34.866	-56.627	14.333
2506	67.5	27.391	-60.597	10.388
2507	75.938	29.939	-59.38	12.485
2509	67.5	22.154	-62.701	8.6107
2510	75.938	24.795	-61.705	10.551
2512	67.5	16.757	-64.354	6.7739
2513	75.938	19.473	-63.585	8.5446
2515	67.5	11.239	-65.543	4.8903
2516	75.938	14.01	-65.007	6.479
2518	67.5	5.6396	-66.26	2.9728
2519	75.938	8.4467	-65.961	4.3683
2521	67.5	1.8838e-014	-66.5	1.0339
2522	75.938	2.8223	-66.44	2.2265
2524	67.5	-5.6396	-66.26	-0.91371
2525	75.938	-2.8223	-66.44	6.7742e-002
2527	67.5	-11.239	-65.543	-2.857
2528	75.938	-8.4467	-65.961	-2.0928
2530	67.5	-16.757	-64.354	-4.7825
2531	75.938	-14.01	-65.007	-4.2411
2533	67.5	-22.154	-62.701	-6.6755
2534	75.938	-19.473	-63.585	-6.3617
2536	67.5	-27.391	-60.597	-8.5279
2537	75.938	-24.795	-61.705	-8.4412
2539	67.5	-32.432	-58.055	-10.321
2540	75.938	-29.939	-59.38	-10.458
2542	67.5	-37.238	-55.096	-12.035
2543	75.938	-34.866	-56.627	-12.408
2545	67.5	-41.777	-51.739	-13.666
2546	75.938	-39.543	-53.466	-14.271
2548	67.5	-46.014	-48.01	-15.201
2549	75.938	-43.935	-49.92	-16.029
2551	67.5	-49.92	-43.935	-16.627
2552	75.938	-48.01	-46.014	-17.673
2554	67.5	-53.466	-39.543	-17.931
2555	75.938	-51.739	-41.777	-19.187
2557	67.5	-56.627	-34.866	-19.104
2558	75.938	-55.096	-37.238	-20.562
2560	67.5	-59.38	-29.939	-20.137
2561	75.938	-58.055	-32.432	-21.785
2563	67.5	-61.705	-24.795	-21.022
2564	75.938	-60.597	-27.391	-22.849
2566	67.5	-63.585	-19.473	-21.753
2567	75.938	-62.701	-22.154	-23.745
2569	67.5	-65.007	-14.01	-22.325
2570	75.938	-64.354	-16.757	-24.467
2572	67.5	-65.961	-8.4467	-22.735
2573	75.938	-65.543	-11.239	-25.011
2575	75.938	-66.26	-5.6396	-25.373
2576	67.5	-66.44	-2.8223	-22.98
2578	84.375	-65.961	8.4467	-27.854
2579	92.813	-66.26	5.6396	-30.226
2580	84.375	-66.44	2.8223	-27.959
2582	84.375	-65.007	14.01	-27.552
2583	92.813	-65.543	11.239	-30.006
2585	84.375	-63.585	19.473	-27.054
2586	92.813	-64.354	16.757	-29.572
2588	84.375	-61.705	24.795	-26.365
2589	92.813	-62.701	22.154	-28.93
2591	84.375	-59.38	29.939	-25.489
2592	92.813	-60.597	27.391	-28.083
2594	84.375	-56.627	34.866	-24.432
2595	92.813	-58.055	32.432	-27.038
2597	84.375	-53.466	39.543	-23.201
2598	92.813	-55.096	37.238	-25.8
2600	84.375	-49.92	43.935	-21.803
2601	92.813	-51.739	41.777	-24.377
2603	84.375	-46.014	48.01	-20.248
2604	92.813	-48.01	46.014	-22.779
2606	84.375	-41.777	51.739	-18.546
2607	92.813	-43.935	49.92	-21.016
2609	84.375	-37.238	55.096	-16.707
2610	92.813	-39.543	53.466	-19.099
2612	84.375	-32.432	58.055	-14.745
2613	92.813	-34.866	56.627	-17.042
2615	84.375	-27.391	60.597	-12.674
2616	92.813	-29.939	59.38	-14.857
2618	84.375	-22.154	62.701	-10.508
2619	92.813	-24.795	61.705	-12.562
2621	84.375	-16.757	64.354	-8.2628
2622	92.813	-19.473	63.585	-10.172
2624	84.375	-11.239	65.543	-5.9562
2625	92.813	-14.01	65.007	-7.7057
2627	84.375	-5.6396	66.26	-3.6057
2628	92.813	-8.4467	65.961	-5.1821
2630	84.375	3.4369e-013	66.5	-1.2292
2631	92.813	-2.8223	66.44	-2.6203
2633	84.375	5.6396	66.26	1.1542
2634	92.813	2.8223	66.44	-4.0415e-002
2636	84.375	11.239	65.543	3.5273
2637	92.813	8.4467	65.961	2.537
2639	84.375	16.757	64.354	5.8718
2640	92.813	14.01	65.007	5.0933
2642	84.375	22.154	62.701	8.1705
2643	92.813	19.473	63.585	7.6092
2645	84.375	27.391	60.597	10.407
2646	92.813	24.795	61.705	10.066
2648	84.375	32.432	58.055	12.565
2649	92.813	29.939	59.38	12.447
2651	84.375	37.238	55.096	14.63
2652	92.813	34.866	56.627	14.735
2654	84.375	41.777	51.739	16.589
2655	92.813	39.543	53.466	16.914
2657	84.375	46.014	48.01	18.428
2658	92.813	43.935	49.92	18.97
2660	84.375	49.92	43.935	20.135
2661	92.813	48.01	46.014	20.89
2663	84.375	53.466	39.543	21.699
2664	92.813	51.739	41.777	22.661
2666	84.375	56.627	34.866	23.11
2667	92.813	55.096	37.238	24.272
2669	84.375	59.38	29.939	24.358
2670	92.813	58.055	32.432	25.711
2672	84.375	61.705	24.795	25.435
2673	92.813	60.597	27.391	26.969
2675	84.375	63.585	19.473	26.331
2676	92.813	62.701	22.154	28.037
2678	84.375	65.007	14.01	27.041
2679	92.813	64.354	16.757	28.906
2681	84.375	65.961	8.4467	27.558
2682	92.813	65.543	11.239	29.57
2684	84.375	66.44	2.8223	27.871
2685	92.813	66.26	5.6396	30.021
2687	84.375	66.44	-2.8223	27.988
2688	92.813	66.5	-1.9429e-013	30.261
2689	84.375	65.961	-8.4467	27.905
2690	92.813	66.26	-5.6396	30.272
2692	84.375	65.007	-14.01	27.614
2693	92.813	65.543	-11.239	30.068
2695	84.375	63.585	-19.473	27.12
2696	92.813	64.354	-16.757	29.643
2698	84.375	61.705	-24.795	26.427
2699	92.813	62.701	-22.154	29.
2701	84.375	59.38	-29.939	25.539
2702	92.813	60.597	-27.391	28.145
2704	84.375	56.627	-34.866	24.465
2705	92.813	58.055	-32.432	27.084
2707	84.375	53.466	-39.543	23.213
2708	92.813	55.096	-37.238	25.825
2710	84.375	49.92	-43.935	21.793
2711	92.813	51.739	-41.777	24.379
2713	84.375	46.014	-48.01	20.217
2714	92.813	48.01	-46.014	22.757
2716	84.375	41.777	-51.739	18.497
2717	92.813	43.935	-49.92	20.972
2719	84.375	37.238	-55.096	16.646
2720	92.813	39.543	-53.466	19.039
2722	84.375	32.432	-58.055	14.679
2723	92.813	34.866	-56.627	16.971
2725	84.375	27.391	-60.597	12.61
2726	92.813	29.939	-59.38	14.785
2728	84.375	22.154	-62.701	10.454
2729	92.813	24.795	-61.705	12.497
2731	84.375	16.757	-64.354	8.2248
2732	92.813	19.473	-63.585	10.121
2734	84.375	11.239	-65.543	5.9388
2735	92.813	14.01	-65.007	7.6756
2737	84.375	5.6396	-66.26	3.6111
2738	92.813	8.4467	-65.961	5.1761
2740	84.375	1.8838e-014	-66.5	1.2572
2741	92.813	2.8223	-66.44	2.6395
2743	84.375	-5.6396	-66.26	-1.1072
2744	92.813	-2.8223	-66.44	8.2729e-002
2746	84.375	-11.239	-65.543	-3.466
2747	92.813	-8.4467	-65.961	-2.4763
2749	84.375	-16.757	-64.354	-5.8032
2750	92.813	-14.01	-65.007	-5.0209
2752	84.375	-22.154	-62.701	-8.1014
2753	92.813	-19.473	-63.585	-7.5327
2755	84.375	-27.391	-60.597	-10.348
2756	92.813	-24.795	-61.705	-9.9952
2758	84.375	-32.432	-58.055	-12.523
2759	92.813	-29.939	-59.38	-12.386
2761	84.375	-37.238	-55.096	-14.605
2762	92.813	-34.866	-56.627	-14.694
2764	84.375	-41.777	-51.739	-16.584
2765	92.813	-39.543	-53.466	-16.898
2767	84.375	-46.014	-48.01	-18.447
2768	92.813	-43.935	-49.92	-18.979
2770	84.375	-49.92	-43.935	-20.175
2771	92.813	-48.01	-46.014	-20.924
2773	84.375	-53.466	-39.543	-21.755
2774	92.813	-51.739	-41.777	-22.715
2776	84.375	-56.627	-34.866	-23.176
2777	92.813	-55.096	-37.238	-24.34
2779	84.375	-59.38	-29.939	-24.426
2780	92.813	-58.055	-32.432	-25.786
2782	84.375	-61.705	-24.795	-25.497
2783	92.813	-60.597	-27.391	-27.043
2785	84.375	-63.585	-19.473	-26.381
2786	92.813	-62.701	-22.154	-28.1
2788	84.375	-65.007	-14.01	-27.073
2789	92.813	-64.354	-16.757	-28.952
2791	84.375	-65.961	-8.4467	-27.567
2792	92.813	-65.543	-11.239	-29.593
2794	92.813	-66.26	-5.6396	-30.02
2795	84.375	-66.44	-2.8223	-27.863
2797	101.25	-65.961	8.4467	-32.252
2798	109.69	-66.26	5.6396	-34.304
2799	101.25	-66.44	2.8223	-32.373
2801	101.25	-65.007	14.01	-31.902
2802	109.69	-65.543	11.239	-34.054
2804	101.25	-63.585	19.473	-31.326
2805	109.69	-64.354	16.757	-33.562
2807	101.25	-61.705	24.795	-30.529
2808	109.69	-62.701	22.154	-32.834
2810	101.25	-59.38	29.939	-29.517
2811	109.69	-60.597	27.391	-31.875
2813	101.25	-56.627	34.866	-28.295
2814	109.69	-58.055	32.432	-30.69
2816	101.25	-53.466	39.543	-26.872
2817	109.69	-55.096	37.238	-29.287
2819	101.25	-49.92	43.935	-25.256
2820	109.69	-51.739	41.777	-27.675
2822	101.25	-46.014	48.01	-23.457
2823	109.69	-48.01	46.014	-25.864
2825	101.25	-41.777	51.739	-21.488
2826	109.69	-43.935	49.92	-23.865
2828	101.25	-37.238	55.096	-19.36
2829	109.69	-39.543	53.466	-21.69
2831	101.25	-32.432	58.055	-17.088
2832	109.69	-34.866	56.627	-19.355
2834	101.25	-27.391	60.597	-14.689
2835	109.69	-29.939	59.38	-16.876
2837	101.25	-22.154	62.701	-12.179
2838	109.69	-24.795	61.705	-14.269
2840	101.25	-16.757	64.354	-9.5781
2841	109.69	-19.473	63.585	-11.555
2843	101.25	-11.239	65.543	-6.9048
2844	109.69	-14.01	65.007	-8.7543
2846	101.25	-5.6396	66.26	-4.1801
2847	109.69	-8.4467	65.961	-5.8875
2849	101.25	3.4369e-013	66.5	-1.4253
2850	109.69	-2.8223	66.44	-2.9774
2852	101.25	5.6396	66.26	1.3376
2853	109.69	2.8223	66.44	-4.6246e-002
2855	101.25	11.239	65.543	4.0884
2856	109.69	8.4467	65.961	2.882
2858	101.25	16.757	64.354	6.8057
2859	109.69	14.01	65.007	5.7861
2861	101.25	22.154	62.701	9.4697
2862	109.69	19.473	63.585	8.6439
2864	101.25	27.391	60.597	12.061
2865	109.69	24.795	61.705	11.434
2867	101.25	32.432	58.055	14.561
2868	109.69	29.939	59.38	14.138
2870	101.25	37.238	55.096	16.954
2871	109.69	34.866	56.627	16.735
2873	101.25	41.777	51.739	19.222
2874	109.69	39.543	53.466	19.209
2876	101.25	46.014	48.01	21.35
2877	109.69	43.935	49.92	21.543
2879	101.25	49.92	43.935	23.326
2880	109.69	48.01	46.014	23.721
2882	101.25	53.466	39.543	25.137
2883	109.69	51.739	41.777	25.731
2885	101.25	56.627	34.866	26.769
2886	109.69	55.096	37.238	27.557
2888	101.25	59.38	29.939	28.213
2889	109.69	58.055	32.432	29.189
2891	101.25	61.705	24.795	29.457
2892	109.69	60.597	27.391	30.615
2894	101.25	63.585	19.473	30.494
2895	109.69	62.701	22.154	31.825
2897	101.25	65.007	14.01	31.313
2898	109.69	64.354	16.757	32.81
2900	101.25	65.961	8.4467	31.911
2901	109.69	65.543	11.239	33.562
2903	101.25	66.44	2.8223	32.273
2904	109.69	66.26	5.6396	34.073
2906	101.25	66.44	-2.8223	32.408
2907	109.69	66.5	-1.9429e-013	34.344
2908	101.25	65.961	-8.4467	32.311
2909	109.69	66.26	-5.6396	34.357
2911	101.25	65.007	-14.01	31.974
2912	109.69	65.543	-11.239	34.125
2914	101.25	63.585	-19.473	31.403
2915	109.69	64.354	-16.757	33.643
2917	101.25	61.705	-24.795	30.602
2918	109.69	62.701	-22.154	32.916
2920	101.25	59.38	-29.939	29.577
2921	109.69	60.597	-27.391	31.947
2923	101.25	56.627	-34.866	28.335
2924	109.69	58.055	-32.432	30.745
2926	101.25	53.466	-39.543	26.887
2927	109.69	55.096	-37.238	29.318
2929	101.25	49.92	-43.935	25.245
2930	109.69	51.739	-41.777	27.678
2932	101.25	46.014	-48.01	23.421
2933	109.69	48.01	-46.014	25.839
2935	101.25	41.777	-51.739	21.431
2936	109.69	43.935	-49.92	23.814
2938	101.25	37.238	-55.096	19.288
2939	109.69	39.543	-53.466	21.62
2941	101.25	32.432	-58.055	17.011
2942	109.69	34.866	-56.627	19.274
2944	101.25	27.391	-60.597	14.614
2945	109.69	29.939	-59.38	16.793
2947	101.25	22.154	-62.701	12.117
2948	109.69	24.795	-61.705	14.195
2950	101.25	16.757	-64.354	9.5344
2951	109.69	19.473	-63.585	11.498
2953	101.25	11.239	-65.543	6.8856
2954	109.69	14.01	-65.007	8.7205
2956	101.25	5.6396	-66.26	4.188
2957	109.69	8.4467	-65.961	5.8818
2959	101.25	1.8838e-014	-66.5	1.4598
2960	109.69	2.8223	-66.44	3.0009
2962	101.25	-5.6396	-66.26	-1.2805
2963	109.69	-2.8223	-66.44	9.6604e-002
2965	101.25	-11.239	-65.543	-4.0148
2966	109.69	-8.4467	-65.961	-2.8105
2968	101.25	-16.757	-64.354	-6.7239
2969	109.69	-14.01	-65.007	-5.7012
2971	101.25	-22.154	-62.701	-9.3881
2972	109.69	-19.473	-63.585	-8.5546
2974	101.25	-27.391	-60.597	-11.991
2975	109.69	-24.795	-61.705	-11.352
2977	101.25	-32.432	-58.055	-14.51
2978	109.69	-29.939	-59.38	-14.068
2980	101.25	-37.238	-55.096	-16.924
2981	109.69	-34.866	-56.627	-16.689
2983	101.25	-41.777	-51.739	-19.218
2984	109.69	-39.543	-53.466	-19.192
2986	101.25	-46.014	-48.01	-21.375
2987	109.69	-43.935	-49.92	-21.555
2989	101.25	-49.92	-43.935	-23.375
2990	109.69	-48.01	-46.014	-23.762
2992	101.25	-53.466	-39.543	-25.204
2993	109.69	-51.739	-41.777	-25.795
2995	101.25	-56.627	-34.866	-26.848
2996	109.69	-55.096	-37.238	-27.638
2998	101.25	-59.38	-29.939	-28.294
2999	109.69	-58.055	-32.432	-29.278
3001	101.25	-61.705	-24.795	-29.532
3002	109.69	-60.597	-27.391	-30.701
3004	101.25	-63.585	-19.473	-30.554
3005	109.69	-62.701	-22.154	-31.9
3007	101.25	-65.007	-14.01	-31.352
3008	109.69	-64.354	-16.757	-32.865
3010	101.25	-65.961	-8.4467	-31.923
3011	109.69	-65.543	-11.239	-33.59
3013	109.69	-66.26	-5.6396	-34.073
3014	101.25	-66.44	-2.8223	-32.263
3016	118.13	-65.961	8.4467	-35.978
3017	126.56	-66.26	5.6396	-37.736
3018	118.13	-66.44	2.8223	-36.114
3020	118.13	-65.007	14.01	-35.588
3021	126.56	-65.543	11.239	-37.46
3023	118.13	-63.585	19.473	-34.947
3024	126.56	-64.354	16.757	-36.92
3026	118.13	-61.705	24.795	-34.059
3027	126.56	-62.701	22.154	-36.12
3029	118.13	-59.38	29.939	-32.931
3030	126.56	-60.597	27.391	-35.066
3032	118.13	-56.627	34.866	-31.57
3033	126.56	-58.055	32.432	-33.765
3035	118.13	-53.466	39.543	-29.985
3036	126.56	-55.096	37.238	-32.224
3038	118.13	-49.92	43.935	-28.184
3039	126.56	-51.739	41.777	-30.453
3041	118.13	-46.014	48.01	-26.18
3042	126.56	-48.01	46.014	-28.462
3044	118.13	-41.777	51.739	-23.984
3045	126.56	-43.935	49.92	-26.265
3047	118.13	-37.238	55.096	-21.611
3048	126.56	-39.543	53.466	-23.874
3050	118.13	-32.432	58.055	-19.077
3051	126.56	-34.866	56.627	-21.306
3053	118.13	-27.391	60.597	-16.4
3054	126.56	-29.939	59.38	-18.578
3056	118.13	-22.154	62.701	-13.599
3057	126.56	-24.795	61.705	-15.71
3059	118.13	-16.757	64.354	-10.695
3060	126.56	-19.473	63.585	-12.723
3062	118.13	-11.239	65.543	-7.7101
3063	126.56	-14.01	65.007	-9.6393
3065	118.13	-5.6396	66.26	-4.6675
3066	126.56	-8.4467	65.961	-6.4828
3068	118.13	3.4369e-013	66.5	-1.5915
3069	126.56	-2.8223	66.44	-3.2784
3071	118.13	5.6396	66.26	1.4937
3072	126.56	2.8223	66.44	-5.0291e-002
3074	118.13	11.239	65.543	4.5653
3075	126.56	8.4467	65.961	3.1738
3077	118.13	16.757	64.354	7.5992
3078	126.56	14.01	65.007	6.3713
3080	118.13	22.154	62.701	10.573
3081	126.56	19.473	63.585	9.5174
3083	118.13	27.391	60.597	13.466
3084	126.56	24.795	61.705	12.589
3086	118.13	32.432	58.055	16.256
3087	126.56	29.939	59.38	15.564
3089	118.13	37.238	55.096	18.925
3090	126.56	34.866	56.627	18.422
3092	118.13	41.777	51.739	21.456
3093	126.56	39.543	53.466	21.144
3095	118.13	46.014	48.01	23.83
3096	126.56	43.935	49.92	23.71
3098	118.13	49.92	43.935	26.034
3099	126.56	48.01	46.014	26.106
3101	118.13	53.466	39.543	28.052
3102	126.56	51.739	41.777	28.315
3104	118.13	56.627	34.866	29.872
3105	126.56	55.096	37.238	30.323
3107	118.13	59.38	29.939	31.48
3108	126.56	58.055	32.432	32.117
3110	118.13	61.705	24.795	32.867
3111	126.56	60.597	27.391	33.684
3113	118.13	63.585	19.473	34.022
3114	126.56	62.701	22.154	35.014
3116	118.13	65.007	14.01	34.935
3117	126.56	64.354	16.757	36.096
3119	118.13	65.961	8.4467	35.599
3120	126.56	65.543	11.239	36.922
3122	118.13	66.44	2.8223	36.004
3123	126.56	66.26	5.6396	37.484
3125	118.13	66.44	-2.8223	36.154
3126	126.56	66.5	-1.9429e-013	37.782
3127	118.13	65.961	-8.4467	36.045
3128	126.56	66.26	-5.6396	37.797
3130	118.13	65.007	-14.01	35.671
3131	126.56	65.543	-11.239	37.543
3133	118.13	63.585	-19.473	35.035
3134	126.56	64.354	-16.757	37.014
3136	118.13	61.705	-24.795	34.143
3137	126.56	62.701	-22.154	36.215
3139	118.13	59.38	-29.939	33.
3140	126.56	60.597	-27.391	35.15
3142	118.13	56.627	-34.866	31.617
3143	126.56	58.055	-32.432	33.828
3145	118.13	53.466	-39.543	30.003
3146	126.56	55.096	-37.238	32.259
3148	118.13	49.92	-43.935	28.172
3149	126.56	51.739	-41.777	30.456
3151	118.13	46.014	-48.01	26.139
3152	126.56	48.01	-46.014	28.434
3154	118.13	41.777	-51.739	23.919
3155	126.56	43.935	-49.92	26.207
3157	118.13	37.238	-55.096	21.529
3158	126.56	39.543	-53.466	23.794
3160	118.13	32.432	-58.055	18.988
3161	126.56	34.866	-56.627	21.213
3163	118.13	27.391	-60.597	16.315
3164	126.56	29.939	-59.38	18.484
3166	118.13	22.154	-62.701	13.527
3167	126.56	24.795	-61.705	15.625
3169	118.13	16.757	-64.354	10.646
3170	126.56	19.473	-63.585	12.657
3172	118.13	11.239	-65.543	7.689
3173	126.56	14.01	-65.007	9.601
3175	118.13	5.6396	-66.26	4.6776
3176	126.56	8.4467	-65.961	6.4771
3178	118.13	1.8838e-014	-66.5	1.6321
3179	126.56	2.8223	-66.44	3.3063
3181	118.13	-5.6396	-66.26	-1.4272
3182	126.56	-2.8223	-66.44	0.10918
3184	118.13	-11.239	-65.543	-4.48
3185	126.56	-8.4467	-65.961	-3.0907
3187	118.13	-16.757	-64.354	-7.5045
3188	126.56	-14.01	-65.007	-6.2729
3190	118.13	-22.154	-62.701	-10.479
3191	126.56	-19.473	-63.585	-9.4142
3193	118.13	-27.391	-60.597	-13.384
3194	126.56	-24.795	-61.705	-12.493
3196	118.13	-32.432	-58.055	-16.196
3197	126.56	-29.939	-59.38	-15.484
3199	118.13	-37.238	-55.096	-18.891
3200	126.56	-34.866	-56.627	-18.37
3202	118.13	-41.777	-51.739	-21.452
3203	126.56	-39.543	-53.466	-21.124
3205	118.13	-46.014	-48.01	-23.859
3206	126.56	-43.935	-49.92	-23.725
3208	118.13	-49.92	-43.935	-26.091
3209	126.56	-48.01	-46.014	-26.154
3211	118.13	-53.466	-39.543	-28.131
3212	126.56	-51.739	-41.777	-28.39
3214	118.13	-56.627	-34.866	-29.964
3215	126.56	-55.096	-37.238	-30.417
3217	118.13	-59.38	-29.939	-31.575
3218	126.56	-58.055	-32.432	-32.22
3220	118.13	-61.705	-24.795	-32.955
3221	126.56	-60.597	-27.391	-33.785
3223	118.13	-63.585	-19.473	-34.092
3224	126.56	-62.701	-22.154	-35.101
3226	118.13	-65.007	-14.01	-34.98
3227	126.56	-64.354	-16.757	-36.16
3229	118.13	-65.961	-8.4467	-35.615
3230	126.56	-65.543	-11.239	-36.956
3232	118.13	-66.44	-2.8223	-35.994
3233	126.56	-66.26	-5.6396	-37.485
3235	135.	-66.44	2.8223	-39.353
3236	135.	-65.961	8.4467	-39.203
3238	25.313	-66.5	-8.1439e-015	-9.4003
3240	42.188	-66.5	-8.1439e-015	-15.385
3242	59.063	-66.5	-8.1439e-015	-20.533
3244	75.938	-66.5	-8.1439e-015	-25.553
3246	92.813	-66.5	-8.1439e-015	-30.231
3248	109.69	-66.5	-8.1439e-015	-34.311
3250	126.56	-66.5	-8.1439e-015	-37.745
3252	135.	-66.44	-2.8223	-39.224
3254	135.	-65.961	-8.4467	-38.814
3256	135.	-65.007	-14.01	-38.125
3258	135.	-63.585	-19.473	-37.16
3260	135.	-61.705	-24.795	-35.923
3262	135.	-59.38	-29.939	-34.423
3264	135.	-56.627	-34.866	-32.668
3266	135.	-53.466	-39.543	-30.671
3268	135.	-49.92	-43.935	-28.447
3270	135.	-46.014	-48.01	-26.014
3272	135.	-41.777	-51.739	-23.389
3274	135.	-37.238	-55.096	-20.596
3276	135.	-32.432	-58.055	-17.656
3278	135.	-27.391	-60.597	-14.59
3280	135.	-22.154	-62.701	-11.422
3282	135.	-16.757	-64.354	-8.1774
3284	135.	-11.239	-65.543	-4.879
3286	135.	-5.6396	-66.26	-1.5506
3288	135.	4.072e-015	-66.5	1.7838
3290	135.	5.6396	-66.26	5.1029
3292	135.	11.239	-65.543	8.385
3294	135.	16.757	-64.354	11.607
3296	135.	22.154	-62.701	14.748
3298	135.	27.391	-60.597	17.785
3300	135.	32.432	-58.055	20.699
3302	135.	37.238	-55.096	23.468
3304	135.	41.777	-51.739	26.073
3306	135.	46.014	-48.01	28.492
3308	135.	49.92	-43.935	30.708
3310	135.	53.466	-39.543	32.704
3312	135.	56.627	-34.866	34.462
3314	135.	59.38	-29.939	35.97
3316	135.	61.705	-24.795	37.214
3318	135.	63.585	-19.473	38.186
3320	135.	65.007	-14.01	38.878
3322	135.	65.961	-8.4467	39.285
3324	135.	66.44	-2.8223	39.402
3326	135.	66.44	2.8223	39.237
3327	135.	65.961	8.4467	38.795
3329	135.	65.007	14.01	38.07
3331	135.	63.585	19.473	37.075
3333	135.	61.705	24.795	35.818
3335	135.	59.38	29.939	34.307
3337	135.	56.627	34.866	32.556
3339	135.	53.466	39.543	30.575
3341	135.	49.92	43.935	28.378
3343	135.	46.014	48.01	25.978
3345	135.	41.777	51.739	23.393
3347	135.	37.238	55.096	20.636
3349	135.	32.432	58.055	17.728
3351	135.	27.391	60.597	14.687
3353	135.	22.154	62.701	11.534
3355	135.	16.757	64.354	8.2907
3357	135.	11.239	65.543	4.9814
3359	135.	5.6396	66.26	1.6306
3361	135.	3.7322e-013	66.5	-1.7345
3363	135.	-5.6396	66.26	-5.0902
3365	135.	-11.239	65.543	-8.4098
3367	135.	-16.757	64.354	-11.666
3369	135.	-22.154	62.701	-14.833
3371	135.	-27.391	60.597	-17.887
3373	135.	-32.432	58.055	-20.805
3375	135.	-37.238	55.096	-23.566
3377	135.	-41.777	51.739	-26.15
3379	135.	-46.014	48.01	-28.541
3381	135.	-49.92	43.935	-30.722
3383	135.	-53.466	39.543	-32.681
3385	135.	-56.627	34.866	-34.406
3387	135.	-59.38	29.939	-35.886
3389	135.	-61.705	24.795	-37.113
3391	135.	-63.585	19.473	-38.079
3393	135.	-65.007	14.01	-38.777
