節点番号	X 座標 (mm)	Y 座標 (mm)	Z 座標 (mm)	各方向での変形量 (mm)
80	0.	-66.5	-8.1439e-015	0.
81	0.	-66.26	-5.6396	0.
82	0.	-65.543	-11.239	0.
83	0.	-64.354	-16.757	0.
84	0.	-62.701	-22.154	0.
85	0.	-60.597	-27.391	0.
86	0.	-58.055	-32.432	0.
87	0.	-55.096	-37.238	0.
88	0.	-51.739	-41.777	0.
89	0.	-48.01	-46.014	0.
90	0.	-43.935	-49.92	0.
91	0.	-39.543	-53.466	0.
92	0.	-34.866	-56.627	0.
93	0.	-29.939	-59.38	0.
94	0.	-24.795	-61.705	0.
95	0.	-19.473	-63.585	0.
96	0.	-14.01	-65.007	0.
97	0.	-8.4467	-65.961	0.
98	0.	-2.8223	-66.44	0.
99	0.	2.8223	-66.44	0.
100	0.	8.4467	-65.961	0.
101	0.	14.01	-65.007	0.
102	0.	19.473	-63.585	0.
103	0.	24.795	-61.705	0.
104	0.	29.939	-59.38	0.
105	0.	34.866	-56.627	0.
106	0.	39.543	-53.466	0.
107	0.	43.935	-49.92	0.
108	0.	48.01	-46.014	0.
109	0.	51.739	-41.777	0.
110	0.	55.096	-37.238	0.
111	0.	58.055	-32.432	0.
112	0.	60.597	-27.391	0.
113	0.	62.701	-22.154	0.
114	0.	64.354	-16.757	0.
115	0.	65.543	-11.239	0.
116	0.	66.26	-5.6396	0.
117	0.	66.5	-1.9429e-013	0.
118	0.	66.26	5.6396	0.
119	0.	65.543	11.239	0.
120	0.	64.354	16.757	0.
121	0.	62.701	22.154	0.
122	0.	60.597	27.391	0.
123	0.	58.055	32.432	0.
124	0.	55.096	37.238	0.
125	0.	51.739	41.777	0.
126	0.	48.01	46.014	0.
127	0.	43.935	49.92	0.
128	0.	39.543	53.466	0.
129	0.	34.866	56.627	0.
130	0.	29.939	59.38	0.
131	0.	24.795	61.705	0.
132	0.	19.473	63.585	0.
133	0.	14.01	65.007	0.
134	0.	8.4467	65.961	0.
135	0.	2.8223	66.44	0.
136	0.	-2.8223	66.44	0.
137	0.	-8.4467	65.961	0.
138	0.	-14.01	65.007	0.
139	0.	-19.473	63.585	0.
140	0.	-24.795	61.705	0.
141	0.	-29.939	59.38	0.
142	0.	-34.866	56.627	0.
143	0.	-39.543	53.466	0.
144	0.	-43.935	49.92	0.
145	0.	-48.01	46.014	0.
146	0.	-51.739	41.777	0.
147	0.	-55.096	37.238	0.
148	0.	-58.055	32.432	0.
149	0.	-60.597	27.391	0.
150	0.	-62.701	22.154	0.
151	0.	-64.354	16.757	0.
152	0.	-66.26	5.6396	0.
153	0.	-65.543	11.239	0.
154	16.875	-66.26	5.6396	-2.2031
155	16.875	-65.543	11.239	-1.4636
156	16.875	-64.354	16.757	-0.62926
157	16.875	-62.701	22.154	0.24548
158	16.875	-60.597	27.391	1.1037
159	16.875	-58.055	32.432	1.8894
160	16.875	-55.096	37.238	2.5518
161	16.875	-51.739	41.777	3.0477
162	16.875	-48.01	46.014	3.3453
163	16.875	-43.935	49.92	3.4257
164	16.875	-39.543	53.466	3.2841
165	16.875	-34.866	56.627	2.9303
166	16.875	-29.939	59.38	2.3881
167	16.875	-24.795	61.705	1.6929
168	16.875	-19.473	63.585	0.8905
169	16.875	-14.01	65.007	3.2985e-002
170	16.875	-8.4467	65.961	-0.8219
171	16.875	-2.8223	66.44	-1.6189
172	16.875	2.8223	66.44	-2.3359
173	16.875	8.4467	65.961	-2.8862
174	16.875	14.01	65.007	-3.2672
175	16.875	19.473	63.585	-3.4305
176	16.875	24.795	61.705	-3.369
177	16.875	29.939	59.38	-3.0872
178	16.875	34.866	56.627	-2.6043
179	16.875	39.543	53.466	-1.9527
180	16.875	43.935	49.92	-1.1754
181	16.875	48.01	46.014	-0.32331
182	16.875	51.739	41.777	0.54801
183	16.875	55.096	37.238	1.3821
184	16.875	58.055	32.432	2.1256
185	16.875	60.597	27.391	2.7316
186	16.875	62.701	22.154	3.1627
187	16.875	64.354	16.757	3.392
188	16.875	65.543	11.239	3.4048
189	16.875	66.26	5.6396	3.1914
190	16.875	66.5	-1.9429e-013	2.7923
191	16.875	66.26	-5.6396	2.2141
192	16.875	65.543	-11.239	1.4709
193	16.875	64.354	-16.757	0.63682
194	16.875	62.701	-22.154	-0.23982
195	16.875	60.597	-27.391	-1.1003
196	16.875	58.055	-32.432	-1.8881
197	16.875	55.096	-37.238	-2.552
198	16.875	51.739	-41.777	-3.0491
199	16.875	48.01	-46.014	-3.3475
200	16.875	43.935	-49.92	-3.4285
201	16.875	39.543	-53.466	-3.2873
202	16.875	34.866	-56.627	-2.9338
203	16.875	29.939	-59.38	-2.3917
204	16.875	24.795	-61.705	-1.6966
205	16.875	19.473	-63.585	-0.89423
206	16.875	14.01	-65.007	-3.6687e-002
207	16.875	8.4467	-65.961	0.81825
208	16.875	2.8223	-66.44	1.6153
209	16.875	-2.8223	-66.44	2.332
210	16.875	-8.4467	-65.961	2.8817
211	16.875	-14.01	-65.007	3.2612
212	16.875	-19.473	-63.585	3.422
213	16.875	-24.795	-61.705	3.3548
214	16.875	-29.939	-59.38	3.0831
215	16.875	-34.866	-56.627	2.6022
216	16.875	-39.543	-53.466	1.9657
217	16.875	-43.935	-49.92	1.2031
218	16.875	-48.01	-46.014	0.3577
219	16.875	-51.739	-41.777	-0.51332
220	16.875	-55.096	-37.238	-1.3532
221	16.875	-58.055	-32.432	-2.1068
222	16.875	-60.597	-27.391	-2.725
223	16.875	-62.701	-22.154	-3.1671
224	16.875	-64.354	-16.757	-3.4041
225	16.875	-65.543	-11.239	-3.4203
226	16.875	-66.26	-5.6396	-3.2144
227	33.75	-66.26	5.6396	-6.1008
228	33.75	-65.543	11.239	-4.0612
229	33.75	-64.354	16.757	-1.7593
230	33.75	-62.701	22.154	0.65638
231	33.75	-60.597	27.391	3.0298
232	33.75	-58.055	32.432	5.2079
233	33.75	-55.096	37.238	7.05
234	33.75	-51.739	41.777	8.4372
235	33.75	-48.01	46.014	9.2797
236	33.75	-43.935	49.92	9.5231
237	33.75	-39.543	53.466	9.1517
238	33.75	-34.866	56.627	8.1894
239	33.75	-29.939	59.38	6.6982
240	33.75	-24.795	61.705	4.7742
241	33.75	-19.473	63.585	2.5415
242	33.75	-14.01	65.007	0.14208
243	33.75	-8.4467	65.961	-2.2665
244	33.75	-2.8223	66.44	-4.5352
245	33.75	2.8223	66.44	-6.5123
246	33.75	8.4467	65.961	-8.0432
247	33.75	14.01	65.007	-9.0722
248	33.75	19.473	63.585	-9.5135
249	33.75	24.795	61.705	-9.3426
250	33.75	29.939	59.38	-8.569
251	33.75	34.866	56.627	-7.2424
252	33.75	39.543	53.466	-5.4481
253	33.75	43.935	49.92	-3.3021
254	33.75	48.01	46.014	-0.94282
255	33.75	51.739	41.777	1.4772
256	33.75	55.096	37.238	3.8016
257	33.75	58.055	32.432	5.8805
258	33.75	60.597	27.391	7.5793
259	33.75	62.701	22.154	8.7895
260	33.75	64.354	16.757	9.4314
261	33.75	65.543	11.239	9.4676
262	33.75	66.26	5.6396	8.8752
263	33.75	66.5	-1.9429e-013	7.7342
264	33.75	66.26	-5.6396	6.0992
265	33.75	65.543	-11.239	4.0662
266	33.75	64.354	-16.757	1.7661
267	33.75	62.701	-22.154	-0.65064
268	33.75	60.597	-27.391	-3.026
269	33.75	58.055	-32.432	-5.2062
270	33.75	55.096	-37.238	-7.0503
271	33.75	51.739	-41.777	-8.4394
272	33.75	48.01	-46.014	-9.2836
273	33.75	43.935	-49.92	-9.5285
274	33.75	39.543	-53.466	-9.1584
275	33.75	34.866	-56.627	-8.1971
276	33.75	29.939	-59.38	-6.7067
277	33.75	24.795	-61.705	-4.7833
278	33.75	19.473	-63.585	-2.5509
279	33.75	14.01	-65.007	-0.15165
280	33.75	8.4467	-65.961	2.257
281	33.75	2.8223	-66.44	4.5261
282	33.75	-2.8223	-66.44	6.5038
283	33.75	-8.4467	-65.961	8.0359
284	33.75	-14.01	-65.007	9.0667
285	33.75	-19.473	-63.585	9.5117
286	33.75	-24.795	-61.705	9.3423
287	33.75	-29.939	-59.38	8.5849
288	33.75	-34.866	-56.627	7.2586
289	33.75	-39.543	-53.466	5.4594
290	33.75	-43.935	-49.92	3.316
291	33.75	-48.01	-46.014	0.95811
292	33.75	-51.739	-41.777	-1.4601
293	33.75	-55.096	-37.238	-3.7839
294	33.75	-58.055	-32.432	-5.8637
295	33.75	-60.597	-27.391	-7.5652
296	33.75	-62.701	-22.154	-8.7786
297	33.75	-64.354	-16.757	-9.4257
298	33.75	-65.543	-11.239	-9.4645
299	33.75	-66.26	-5.6396	-8.8925
300	50.625	-66.26	5.6396	-10.744
301	50.625	-65.543	11.239	-7.1553
302	50.625	-64.354	16.757	-3.1048
303	50.625	-62.701	22.154	1.1465
304	50.625	-60.597	27.391	5.3246
305	50.625	-58.055	32.432	9.1604
306	50.625	-55.096	37.238	12.406
307	50.625	-51.739	41.777	14.853
308	50.625	-48.01	46.014	16.342
309	50.625	-43.935	49.92	16.778
310	50.625	-39.543	53.466	16.13
311	50.625	-34.866	56.627	14.441
312	50.625	-29.939	59.38	11.818
313	50.625	-24.795	61.705	8.4289
314	50.625	-19.473	63.585	4.4931
315	50.625	-14.01	65.007	0.262
316	50.625	-8.4467	65.961	-3.9861
317	50.625	-2.8223	66.44	-7.9883
318	50.625	2.8223	66.44	-11.463
319	50.625	8.4467	65.961	-14.172
320	50.625	14.01	65.007	-15.981
321	50.625	19.473	63.585	-16.759
322	50.625	24.795	61.705	-16.459
323	50.625	29.939	59.38	-15.098
324	50.625	34.866	56.627	-12.764
325	50.625	39.543	53.466	-9.6065
326	50.625	43.935	49.92	-5.8288
327	50.625	48.01	46.014	-1.674
328	50.625	51.739	41.777	2.5902
329	50.625	55.096	37.238	6.6887
330	50.625	58.055	32.432	10.357
331	50.625	60.597	27.391	13.357
332	50.625	62.701	22.154	15.494
333	50.625	64.354	16.757	16.626
334	50.625	65.543	11.239	16.687
335	50.625	66.26	5.6396	15.641
336	50.625	66.5	-1.9429e-013	13.628
337	50.625	66.26	-5.6396	10.732
338	50.625	65.543	-11.239	7.1491
339	50.625	64.354	-16.757	3.102
340	50.625	62.701	-22.154	-1.1467
341	50.625	60.597	-27.391	-5.3238
342	50.625	58.055	-32.432	-9.1598
343	50.625	55.096	-37.238	-12.407
344	50.625	51.739	-41.777	-14.855
345	50.625	48.01	-46.014	-16.347
346	50.625	43.935	-49.92	-16.784
347	50.625	39.543	-53.466	-16.139
348	50.625	34.866	-56.627	-14.452
349	50.625	29.939	-59.38	-11.83
350	50.625	24.795	-61.705	-8.4427
351	50.625	19.473	-63.585	-4.5078
352	50.625	14.01	-65.007	-0.27698
353	50.625	8.4467	-65.961	3.9715
354	50.625	2.8223	-66.44	7.9748
355	50.625	-2.8223	-66.44	11.451
356	50.625	-8.4467	-65.961	14.164
357	50.625	-14.01	-65.007	15.976
358	50.625	-19.473	-63.585	16.759
359	50.625	-24.795	-61.705	16.462
360	50.625	-29.939	-59.38	15.117
361	50.625	-34.866	-56.627	12.785
362	50.625	-39.543	-53.466	9.6148
363	50.625	-43.935	-49.92	5.8366
364	50.625	-48.01	-46.014	1.6812
365	50.625	-51.739	-41.777	-2.5796
366	50.625	-55.096	-37.238	-6.6725
367	50.625	-58.055	-32.432	-10.334
368	50.625	-60.597	-27.391	-13.327
369	50.625	-62.701	-22.154	-15.461
370	50.625	-64.354	-16.757	-16.598
371	50.625	-65.543	-11.239	-16.665
372	50.625	-66.26	-5.6396	-15.657
373	67.5	-66.26	5.6396	-15.993
374	67.5	-65.543	11.239	-10.652
375	67.5	-64.354	16.757	-4.6249
376	67.5	-62.701	22.154	1.7019
377	67.5	-60.597	27.391	7.9205
378	67.5	-58.055	32.432	13.63
379	67.5	-55.096	37.238	18.463
380	67.5	-51.739	41.777	22.107
381	67.5	-48.01	46.014	24.326
382	67.5	-43.935	49.92	24.976
383	67.5	-39.543	53.466	24.015
384	67.5	-34.866	56.627	21.502
385	67.5	-29.939	59.38	17.598
386	67.5	-24.795	61.705	12.554
387	67.5	-19.473	63.585	6.6944
388	67.5	-14.01	65.007	0.39544
389	67.5	-8.4467	65.961	-5.9283
390	67.5	-2.8223	66.44	-11.889
391	67.5	2.8223	66.44	-17.054
392	67.5	8.4467	65.961	-21.096
393	67.5	14.01	65.007	-23.788
394	67.5	19.473	63.585	-24.948
395	67.5	24.795	61.705	-24.502
396	67.5	29.939	59.38	-22.477
397	67.5	34.866	56.627	-19.003
398	67.5	39.543	53.466	-14.304
399	67.5	43.935	49.92	-8.6811
400	67.5	48.01	46.014	-2.4961
401	67.5	51.739	41.777	3.8524
402	67.5	55.096	37.238	9.9545
403	67.5	58.055	32.432	15.416
404	67.5	60.597	27.391	19.883
405	67.5	62.701	22.154	23.065
406	67.5	64.354	16.757	24.75
407	67.5	65.543	11.239	24.839
408	67.5	66.26	5.6396	23.285
409	67.5	66.5	-1.9429e-013	20.291
410	67.5	66.26	-5.6396	15.973
411	67.5	65.543	-11.239	10.64
412	67.5	64.354	-16.757	4.6168
413	67.5	62.701	-22.154	-1.7061
414	67.5	60.597	-27.391	-7.9226
415	67.5	58.055	-32.432	-13.631
416	67.5	55.096	-37.238	-18.465
417	67.5	51.739	-41.777	-22.11
418	67.5	48.01	-46.014	-24.331
419	67.5	43.935	-49.92	-24.984
420	67.5	39.543	-53.466	-24.025
421	67.5	34.866	-56.627	-21.515
422	67.5	29.939	-59.38	-17.614
423	67.5	24.795	-61.705	-12.572
424	67.5	19.473	-63.585	-6.7136
425	67.5	14.01	-65.007	-0.41513
426	67.5	8.4467	-65.961	5.9091
427	67.5	2.8223	-66.44	11.871
428	67.5	-2.8223	-66.44	17.039
429	67.5	-8.4467	-65.961	21.086
430	67.5	-14.01	-65.007	23.782
431	67.5	-19.473	-63.585	24.948
432	67.5	-24.795	-61.705	24.506
433	67.5	-29.939	-59.38	22.495
434	67.5	-34.866	-56.627	19.026
435	67.5	-39.543	-53.466	14.309
436	67.5	-43.935	-49.92	8.6852
437	67.5	-48.01	-46.014	2.4997
438	67.5	-51.739	-41.777	-3.8427
439	67.5	-55.096	-37.238	-9.9346
440	67.5	-58.055	-32.432	-15.383
441	67.5	-60.597	-27.391	-19.838
442	67.5	-62.701	-22.154	-23.013
443	67.5	-64.354	-16.757	-24.705
444	67.5	-65.543	-11.239	-24.803
445	67.5	-66.26	-5.6396	-23.304
446	84.375	-66.26	5.6396	-21.582
447	84.375	-65.543	11.239	-14.376
448	84.375	-64.354	16.757	-6.2432
449	84.375	-62.701	22.154	2.294
450	84.375	-60.597	27.391	10.685
451	84.375	-58.055	32.432	18.391
452	84.375	-55.096	37.238	24.913
453	84.375	-51.739	41.777	29.831
454	84.375	-48.01	46.014	32.827
455	84.375	-43.935	49.92	33.706
456	84.375	-39.543	53.466	32.41
457	84.375	-34.866	56.627	29.02
458	84.375	-29.939	59.38	23.753
459	84.375	-24.795	61.705	16.946
460	84.375	-19.473	63.585	9.038
461	84.375	-14.01	65.007	0.53688
462	84.375	-8.4467	65.961	-7.9984
463	84.375	-2.8223	66.44	-16.045
464	84.375	2.8223	66.44	-23.01
465	84.375	8.4467	65.961	-28.471
466	84.375	14.01	65.007	-32.101
467	84.375	19.473	63.585	-33.667
468	84.375	24.795	61.705	-33.065
469	84.375	29.939	59.38	-30.334
470	84.375	34.866	56.627	-25.648
471	84.375	39.543	53.466	-19.307
472	84.375	43.935	49.92	-11.719
473	84.375	48.01	46.014	-3.3719
474	84.375	51.739	41.777	5.1958
475	84.375	55.096	37.238	13.432
476	84.375	58.055	32.432	20.803
477	84.375	60.597	27.391	26.832
478	84.375	62.701	22.154	31.128
479	84.375	64.354	16.757	33.403
480	84.375	65.543	11.239	33.523
481	84.375	66.26	5.6396	31.425
482	84.375	66.5	-1.9429e-013	27.386
483	84.375	66.26	-5.6396	21.554
484	84.375	65.543	-11.239	14.357
485	84.375	64.354	-16.757	6.2294
486	84.375	62.701	-22.154	-2.3026
487	84.375	60.597	-27.391	-10.691
488	84.375	58.055	-32.432	-18.394
489	84.375	55.096	-37.238	-24.916
490	84.375	51.739	-41.777	-29.836
491	84.375	48.01	-46.014	-32.834
492	84.375	43.935	-49.92	-33.716
493	84.375	39.543	-53.466	-32.423
494	84.375	34.866	-56.627	-29.036
495	84.375	29.939	-59.38	-23.772
496	84.375	24.795	-61.705	-16.967
497	84.375	19.473	-63.585	-9.061
498	84.375	14.01	-65.007	-0.56057
499	84.375	8.4467	-65.961	7.9752
500	84.375	2.8223	-66.44	16.024
501	84.375	-2.8223	-66.44	22.992
502	84.375	-8.4467	-65.961	28.458
503	84.375	-14.01	-65.007	32.094
504	84.375	-19.473	-63.585	33.667
505	84.375	-24.795	-61.705	33.073
506	84.375	-29.939	-59.38	30.35
507	84.375	-34.866	-56.627	25.674
508	84.375	-39.543	-53.466	19.311
509	84.375	-43.935	-49.92	11.72
510	84.375	-48.01	-46.014	3.3729
511	84.375	-51.739	-41.777	-5.186
512	84.375	-55.096	-37.238	-13.406
513	84.375	-58.055	-32.432	-20.759
514	84.375	-60.597	-27.391	-26.77
515	84.375	-62.701	-22.154	-31.055
516	84.375	-64.354	-16.757	-33.336
517	84.375	-65.543	-11.239	-33.47
518	84.375	-66.26	-5.6396	-31.446
519	101.25	-66.26	5.6396	-27.201
520	101.25	-65.543	11.239	-18.12
521	101.25	-64.354	16.757	-7.8697
522	101.25	-62.701	22.154	2.8897
523	101.25	-60.597	27.391	13.466
524	101.25	-58.055	32.432	23.177
525	101.25	-55.096	37.238	31.398
526	101.25	-51.739	41.777	37.597
527	101.25	-48.01	46.014	41.374
528	101.25	-43.935	49.92	42.483
529	101.25	-39.543	53.466	40.85
530	101.25	-34.866	56.627	36.577
531	101.25	-29.939	59.38	29.938
532	101.25	-24.795	61.705	21.359
533	101.25	-19.473	63.585	11.393
534	101.25	-14.01	65.007	0.67869
535	101.25	-8.4467	65.961	-10.079
536	101.25	-2.8223	66.44	-20.224
537	101.25	2.8223	66.44	-28.99
538	101.25	8.4467	65.961	-35.881
539	101.25	14.01	65.007	-40.456
540	101.25	19.473	63.585	-42.431
541	101.25	24.795	61.705	-41.673
542	101.25	29.939	59.38	-38.232
543	101.25	34.866	56.627	-32.326
544	101.25	39.543	53.466	-24.335
545	101.25	43.935	49.92	-14.772
546	101.25	48.01	46.014	-4.2523
547	101.25	51.739	41.777	6.5461
548	101.25	55.096	37.238	16.926
549	101.25	58.055	32.432	26.218
550	101.25	60.597	27.391	33.816
551	101.25	62.701	22.154	39.231
552	101.25	64.354	16.757	42.098
553	101.25	65.543	11.239	42.251
554	101.25	66.26	5.6396	39.606
555	101.25	66.5	-1.9429e-013	34.517
556	101.25	66.26	-5.6396	27.165
557	101.25	65.543	-11.239	18.096
558	101.25	64.354	-16.757	7.8512
559	101.25	62.701	-22.154	-2.9024
560	101.25	60.597	-27.391	-13.475
561	101.25	58.055	-32.432	-23.184
562	101.25	55.096	-37.238	-31.404
563	101.25	51.739	-41.777	-37.604
564	101.25	48.01	-46.014	-41.382
565	101.25	43.935	-49.92	-42.494
566	101.25	39.543	-53.466	-40.864
567	101.25	34.866	-56.627	-36.595
568	101.25	29.939	-59.38	-29.96
569	101.25	24.795	-61.705	-21.383
570	101.25	19.473	-63.585	-11.419
571	101.25	14.01	-65.007	-0.70571
572	101.25	8.4467	-65.961	10.053
573	101.25	2.8223	-66.44	20.2
574	101.25	-2.8223	-66.44	28.969
575	101.25	-8.4467	-65.961	35.865
576	101.25	-14.01	-65.007	40.446
577	101.25	-19.473	-63.585	42.428
578	101.25	-24.795	-61.705	41.682
579	101.25	-29.939	-59.38	38.24
580	101.25	-34.866	-56.627	32.356
581	101.25	-39.543	-53.466	24.337
582	101.25	-43.935	-49.92	14.771
583	101.25	-48.01	-46.014	4.2511
584	101.25	-51.739	-41.777	-6.5353
585	101.25	-55.096	-37.238	-16.895
586	101.25	-58.055	-32.432	-26.161
587	101.25	-60.597	-27.391	-33.738
588	101.25	-62.701	-22.154	-39.137
589	101.25	-64.354	-16.757	-42.013
590	101.25	-65.543	-11.239	-42.182
591	101.25	-66.26	-5.6396	-39.632
592	118.13	-66.26	5.6396	-32.673
593	118.13	-65.543	11.239	-21.765
594	118.13	-64.354	16.757	-9.4533
595	118.13	-62.701	22.154	3.4705
596	118.13	-60.597	27.391	16.174
597	118.13	-58.055	32.432	27.839
598	118.13	-55.096	37.238	37.713
599	118.13	-51.739	41.777	45.16
600	118.13	-48.01	46.014	49.696
601	118.13	-43.935	49.92	51.028
602	118.13	-39.543	53.466	49.066
603	118.13	-34.866	56.627	43.934
604	118.13	-29.939	59.38	35.959
605	118.13	-24.795	61.705	25.654
606	118.13	-19.473	63.585	13.684
607	118.13	-14.01	65.007	0.81625
608	118.13	-8.4467	65.961	-12.103
609	118.13	-2.8223	66.44	-24.287
610	118.13	2.8223	66.44	-34.802
611	118.13	8.4467	65.961	-43.094
612	118.13	14.01	65.007	-48.591
613	118.13	19.473	63.585	-50.963
614	118.13	24.795	61.705	-50.054
615	118.13	29.939	59.38	-45.921
616	118.13	34.866	56.627	-38.829
617	118.13	39.543	53.466	-29.231
618	118.13	43.935	49.92	-17.745
619	118.13	48.01	46.014	-5.1098
620	118.13	51.739	41.777	7.8603
621	118.13	55.096	37.238	20.328
622	118.13	58.055	32.432	31.488
623	118.13	60.597	27.391	40.616
624	118.13	62.701	22.154	47.12
625	118.13	64.354	16.757	50.565
626	118.13	65.543	11.239	50.747
627	118.13	66.26	5.6396	47.57
628	118.13	66.5	-1.9429e-013	41.458
629	118.13	66.26	-5.6396	32.629
630	118.13	65.543	-11.239	21.733
631	118.13	64.354	-16.757	9.4292
632	118.13	62.701	-22.154	-3.4874
633	118.13	60.597	-27.391	-16.186
634	118.13	58.055	-32.432	-27.848
635	118.13	55.096	-37.238	-37.721
636	118.13	51.739	-41.777	-45.168
637	118.13	48.01	-46.014	-49.706
638	118.13	43.935	-49.92	-51.041
639	118.13	39.543	-53.466	-49.082
640	118.13	34.866	-56.627	-43.954
641	118.13	29.939	-59.38	-35.983
642	118.13	24.795	-61.705	-25.681
643	118.13	19.473	-63.585	-13.713
644	118.13	14.01	-65.007	-0.84633
645	118.13	8.4467	-65.961	12.074
646	118.13	2.8223	-66.44	24.259
647	118.13	-2.8223	-66.44	34.778
648	118.13	-8.4467	-65.961	43.074
649	118.13	-14.01	-65.007	48.578
650	118.13	-19.473	-63.585	50.957
651	118.13	-24.795	-61.705	50.059
652	118.13	-29.939	-59.38	45.91
653	118.13	-34.866	-56.627	38.855
654	118.13	-39.543	-53.466	29.227
655	118.13	-43.935	-49.92	17.74
656	118.13	-48.01	-46.014	5.1076
657	118.13	-51.739	-41.777	-7.8473
658	118.13	-55.096	-37.238	-20.291
659	118.13	-58.055	-32.432	-31.422
660	118.13	-60.597	-27.391	-40.522
661	118.13	-62.701	-22.154	-47.009
662	118.13	-64.354	-16.757	-50.464
663	118.13	-65.543	-11.239	-50.667
664	118.13	-66.26	-5.6396	-47.604
665	135.	-66.26	5.6396	-39.372
666	16.875	-66.5	-8.1439e-015	-2.7997
667	33.75	-66.5	-8.1439e-015	-7.7467
668	50.625	-66.5	-8.1439e-015	-13.64
669	67.5	-66.5	-8.1439e-015	-20.302
670	84.375	-66.5	-8.1439e-015	-27.397
671	101.25	-66.5	-8.1439e-015	-34.529
672	118.13	-66.5	-8.1439e-015	-41.475
673	135.	-66.5	-8.1439e-015	-49.977
674	135.	-66.26	-5.6396	-57.362
675	135.	-65.543	-11.239	-61.052
676	135.	-64.354	-16.757	-60.808
677	135.	-62.701	-22.154	-56.646
678	135.	-60.597	-27.391	-48.83
679	135.	-58.055	-32.432	-37.864
680	135.	-55.096	-37.238	-24.451
681	135.	-51.739	-41.777	-9.4532
682	135.	-48.01	-46.014	6.1627
683	135.	-43.935	-49.92	21.393
684	135.	-39.543	-53.466	35.244
685	135.	-34.866	-56.627	46.841
686	135.	-29.939	-59.38	55.316
687	135.	-24.795	-61.705	60.317
688	135.	-19.473	-63.585	61.396
689	135.	-14.01	-65.007	58.527
690	135.	-8.4467	-65.961	51.895
691	135.	-2.8223	-66.44	41.911
692	135.	2.8223	-66.44	29.271
693	135.	8.4467	-65.961	14.587
694	135.	14.01	-65.007	-0.99758
695	135.	19.473	-63.585	-16.513
696	135.	24.795	-61.705	-30.943
697	135.	29.939	-59.38	-43.362
698	135.	34.866	-56.627	-52.968
699	135.	39.543	-53.466	-59.147
700	135.	43.935	-49.92	-61.506
701	135.	48.01	-46.014	-59.896
702	135.	51.739	-41.777	-54.425
703	135.	55.096	-37.238	-45.45
704	135.	58.055	-32.432	-33.551
705	135.	60.597	-27.391	-19.497
706	135.	62.701	-22.154	-4.1945
707	135.	64.354	-16.757	11.371
708	135.	65.543	-11.239	26.198
709	135.	66.26	-5.6396	39.326
710	135.	66.5	-1.9429e-013	49.954
711	135.	66.26	5.6396	57.318
712	135.	65.543	11.239	61.156
713	135.	64.354	16.757	60.939
714	135.	62.701	22.154	56.787
715	135.	60.597	27.391	48.945
716	135.	58.055	32.432	37.942
717	135.	55.096	37.238	24.491
718	135.	51.739	41.777	9.465
719	135.	48.01	46.014	-6.1646
720	135.	43.935	49.92	-21.389
721	135.	39.543	53.466	-35.227
722	135.	34.866	56.627	-46.79
723	135.	29.939	59.38	-55.333
724	135.	24.795	61.705	-60.309
725	135.	19.473	63.585	-61.401
726	135.	14.01	65.007	-58.541
727	135.	8.4467	65.961	-51.917
728	135.	2.8223	66.44	-41.938
729	135.	-2.8223	66.44	-29.303
730	135.	-8.4467	65.961	-14.62
731	135.	-14.01	65.007	0.96355
732	135.	-19.473	63.585	16.48
733	135.	-24.795	61.705	30.913
734	135.	-29.939	59.38	43.335
735	135.	-34.866	56.627	52.946
736	135.	-39.543	53.466	59.129
737	135.	-43.935	49.92	61.492
738	135.	-48.01	46.014	59.885
739	135.	-51.739	41.777	54.416
740	135.	-55.096	37.238	45.441
741	135.	-58.055	32.432	33.542
742	135.	-60.597	27.391	19.485
743	135.	-62.701	22.154	4.1777
744	135.	-64.354	16.757	-11.394
745	135.	-65.543	11.239	-26.229
1554	0.	-66.44	-2.8223	0.
1555	0.	-66.44	2.8223	0.
1556	8.4375	-66.5	-8.1439e-015	-0.94618
1557	0.	-65.961	-8.4467	0.
1558	8.4375	-66.26	-5.6396	-1.0862
1559	0.	-65.007	-14.01	0.
1560	8.4375	-65.543	-11.239	-1.1558
1561	0.	-63.585	-19.473	0.
1562	8.4375	-64.354	-16.757	-1.1503
1563	0.	-61.705	-24.795	0.
1564	8.4375	-62.701	-22.154	-1.0704
1565	0.	-59.38	-29.939	0.
1566	8.4375	-60.597	-27.391	-0.92121
1567	0.	-56.627	-34.866	0.
1568	8.4375	-58.055	-32.432	-0.71273
1569	0.	-53.466	-39.543	0.
1570	8.4375	-55.096	-37.238	-0.45858
1571	0.	-49.92	-43.935	0.
1572	8.4375	-51.739	-41.777	-0.17531
1573	0.	-46.014	-48.01	0.
1574	8.4375	-48.01	-46.014	0.11878
1575	0.	-41.777	-51.739	0.
1576	8.4375	-43.935	-49.92	0.4045
1577	0.	-37.238	-55.096	0.
1578	8.4375	-39.543	-53.466	0.66244
1579	0.	-32.432	-58.055	0.
1580	8.4375	-34.866	-56.627	0.87152
1581	0.	-27.391	-60.597	0.
1582	8.4375	-29.939	-59.38	1.0224
1583	0.	-22.154	-62.701	0.
1584	8.4375	-24.795	-61.705	1.1287
1585	0.	-16.757	-64.354	0.
1586	8.4375	-19.473	-63.585	1.1535
1587	0.	-11.239	-65.543	0.
1588	8.4375	-14.01	-65.007	1.098
1589	0.	-5.6396	-66.26	0.
1590	8.4375	-8.4467	-65.961	0.96708
1591	0.	4.072e-015	-66.5	0.
1592	8.4375	-2.8223	-66.44	0.76732
1593	0.	5.6396	-66.26	0.
1594	8.4375	2.8223	-66.44	0.54561
1595	0.	11.239	-65.543	0.
1596	8.4375	8.4467	-65.961	0.27509
1597	0.	16.757	-64.354	0.
1598	8.4375	14.01	-65.007	-1.5426e-002
1599	0.	22.154	-62.701	0.
1600	8.4375	19.473	-63.585	-0.30518
1601	0.	27.391	-60.597	0.
1602	8.4375	24.795	-61.705	-0.57552
1603	0.	32.432	-58.055	0.
1604	8.4375	29.939	-59.38	-0.80913
1605	0.	37.238	-55.096	0.
1606	8.4375	34.866	-56.627	-0.99108
1607	0.	41.777	-51.739	0.
1608	8.4375	39.543	-53.466	-1.1096
1609	0.	46.014	-48.01	0.
1610	8.4375	43.935	-49.92	-1.1567
1611	0.	49.92	-43.935	0.
1612	8.4375	48.01	-46.014	-1.1291
1613	0.	53.466	-39.543	0.
1614	8.4375	51.739	-41.777	-1.0283
1615	0.	56.627	-34.866	0.
1616	8.4375	55.096	-37.238	-0.86047
1617	0.	59.38	-29.939	0.
1618	8.4375	58.055	-32.432	-0.63634
1619	0.	61.705	-24.795	0.
1620	8.4375	60.597	-27.391	-0.37026
1621	0.	63.585	-19.473	0.
1622	8.4375	62.701	-22.154	-7.9595e-002
1623	0.	65.007	-14.01	0.
1624	8.4375	64.354	-16.757	0.21596
1625	0.	65.961	-8.4467	0.
1626	8.4375	65.543	-11.239	0.49503
1627	0.	66.44	-2.8223	0.
1628	8.4375	66.26	-5.6396	0.73269
1629	0.	66.44	2.8223	0.
1630	8.4375	66.5	-1.9429e-013	0.94523
1631	0.	65.961	8.4467	0.
1632	8.4375	66.26	5.6396	1.1008
1633	0.	65.007	14.01	0.
1634	8.4375	65.543	11.239	1.1667
1635	0.	63.585	19.473	0.
1636	8.4375	64.354	16.757	1.1523
1637	0.	61.705	24.795	0.
1638	8.4375	62.701	22.154	1.0678
1639	0.	59.38	29.939	0.
1640	8.4375	60.597	27.391	0.9186
1641	0.	56.627	34.866	0.
1642	8.4375	58.055	32.432	0.71284
1643	0.	53.466	39.543	0.
1644	8.4375	55.096	37.238	0.46199
1645	0.	49.92	43.935	0.
1646	8.4375	51.739	41.777	0.1811
1647	0.	46.014	48.01	0.
1648	8.4375	48.01	46.014	-0.11224
1649	0.	41.777	51.739	0.
1650	8.4375	43.935	49.92	-0.39919
1651	0.	37.238	55.096	0.
1652	8.4375	39.543	53.466	-0.66108
1653	0.	32.432	58.055	0.
1654	8.4375	34.866	56.627	-0.88069
1655	0.	27.391	60.597	0.
1656	8.4375	29.939	59.38	-1.0434
1657	0.	22.154	62.701	0.
1658	8.4375	24.795	61.705	-1.1382
1659	0.	16.757	64.354	0.
1660	8.4375	19.473	63.585	-1.1581
1661	0.	11.239	65.543	0.
1662	8.4375	14.01	65.007	-1.1004
1663	0.	5.6396	66.26	0.
1664	8.4375	8.4467	65.961	-0.96863
1665	0.	3.7322e-013	66.5	0.
1666	8.4375	2.8223	66.44	-0.76857
1667	0.	-5.6396	66.26	0.
1668	8.4375	-2.8223	66.44	-0.54681
1669	0.	-11.239	65.543	0.
1670	8.4375	-8.4467	65.961	-0.27632
1671	0.	-16.757	64.354	0.
1672	8.4375	-14.01	65.007	1.4159e-002
1673	0.	-22.154	62.701	0.
1674	8.4375	-19.473	63.585	0.30388
1675	0.	-27.391	60.597	0.
1676	8.4375	-24.795	61.705	0.5742
1677	0.	-32.432	58.055	0.
1678	8.4375	-29.939	59.38	0.80783
1679	0.	-37.238	55.096	0.
1680	8.4375	-34.866	56.627	0.98982
1681	0.	-41.777	51.739	0.
1682	8.4375	-39.543	53.466	1.1084
1683	0.	-46.014	48.01	0.
1684	8.4375	-43.935	49.92	1.1556
1685	0.	-49.92	43.935	0.
1686	8.4375	-48.01	46.014	1.1282
1687	0.	-53.466	39.543	0.
1688	8.4375	-51.739	41.777	1.0277
1689	0.	-56.627	34.866	0.
1690	8.4375	-55.096	37.238	0.8603
1691	0.	-59.38	29.939	0.
1692	8.4375	-58.055	32.432	0.63681
1693	0.	-61.705	24.795	0.
1694	8.4375	-60.597	27.391	0.37164
1695	0.	-63.585	19.473	0.
1696	8.4375	-62.701	22.154	8.1986e-002
1697	0.	-65.007	14.01	0.
1698	8.4375	-64.354	16.757	-0.21331
1699	0.	-65.961	8.4467	0.
1700	8.4375	-66.26	5.6396	-0.74473
1701	8.4375	-65.543	11.239	-0.49501
1702	16.875	-65.961	8.4467	-1.847
1703	25.313	-66.26	5.6396	-4.057
1704	16.875	-66.44	2.8223	-2.52
1706	16.875	-65.007	14.01	-1.0541
1707	25.313	-65.543	11.239	-2.6986
1709	16.875	-63.585	19.473	-0.19322
1710	25.313	-64.354	16.757	-1.1657
1712	16.875	-61.705	24.795	0.67971
1713	25.313	-62.701	22.154	0.44236
1715	16.875	-59.38	29.939	1.5078
1716	25.313	-60.597	27.391	2.0214
1718	16.875	-56.627	34.866	2.2372
1719	25.313	-58.055	32.432	3.4693
1721	16.875	-53.466	39.543	2.8207
1722	25.313	-55.096	37.238	4.6921
1724	16.875	-49.92	43.935	3.2203
1725	25.313	-51.739	41.777	5.6109
1727	16.875	-46.014	48.01	3.4106
1728	25.313	-48.01	46.014	6.1663
1730	16.875	-41.777	51.739	3.3797
1731	25.313	-43.935	49.92	6.3226
1733	16.875	-37.238	55.096	3.1301
1734	25.313	-39.543	53.466	6.0702
1736	16.875	-32.432	58.055	2.6787
1737	25.313	-34.866	56.627	5.4258
1739	16.875	-27.391	60.597	2.0553
1740	25.313	-29.939	59.38	4.4319
1742	16.875	-22.154	62.701	1.301
1743	25.313	-24.795	61.705	3.1533
1745	16.875	-16.757	64.354	0.46484
1746	25.313	-19.473	63.585	1.6728
1748	16.875	-11.239	65.543	-0.39778
1749	25.313	-14.01	65.007	8.5823e-002
1751	16.875	-5.6396	66.26	-1.2299
1752	25.313	-8.4467	65.961	-1.5074
1754	16.875	3.4369e-013	66.5	-1.9901
1755	25.313	-2.8223	66.44	-3.0093
1757	16.875	5.6396	66.26	-2.629
1758	25.313	2.8223	66.44	-4.3124
1760	16.875	11.239	65.543	-3.0999
1761	25.313	8.4467	65.961	-5.346
1763	16.875	16.757	64.354	-3.3741
1764	25.313	14.01	65.007	-6.0278
1766	16.875	22.154	62.701	-3.4253
1767	25.313	19.473	63.585	-6.3232
1769	16.875	27.391	60.597	-3.2522
1770	25.313	24.795	61.705	-6.2091
1772	16.875	32.432	58.055	-2.8669
1773	25.313	29.939	59.38	-5.6929
1775	16.875	37.238	55.096	-2.2954
1776	25.313	34.866	56.627	-4.8082
1778	16.875	41.777	51.739	-1.5755
1779	25.313	39.543	53.466	-3.6125
1781	16.875	46.014	48.01	-0.75467
1782	25.313	43.935	49.92	-2.1838
1784	16.875	49.92	43.935	0.11346
1785	25.313	48.01	46.014	-0.61497
1787	16.875	53.466	39.543	0.97247
1788	25.313	51.739	41.777	0.99221
1790	16.875	56.627	34.866	1.767
1791	25.313	55.096	37.238	2.5335
1793	16.875	59.38	29.939	2.4465
1794	25.313	58.055	32.432	3.9094
1796	16.875	61.705	24.795	2.9685
1797	25.313	60.597	27.391	5.0313
1799	16.875	63.585	19.473	3.3011
1800	25.313	62.701	22.154	5.8284
1802	16.875	65.007	14.01	3.4226
1803	25.313	64.354	16.757	6.2502
1805	16.875	65.961	8.4467	3.3243
1806	25.313	65.543	11.239	6.2767
1808	16.875	66.44	2.8223	3.0112
1809	25.313	66.26	5.6396	5.9025
1811	16.875	66.44	-2.8223	2.5203
1812	25.313	66.5	-1.9429e-013	5.1667
1813	16.875	65.961	-8.4467	1.8566
1814	25.313	66.26	-5.6396	4.0724
1816	16.875	65.007	-14.01	1.0619
1817	25.313	65.543	-11.239	2.7127
1819	16.875	63.585	-19.473	0.19996
1820	25.313	64.354	-16.757	1.1759
1822	16.875	61.705	-24.795	-0.67522
1823	25.313	62.701	-22.154	-0.43524
1825	16.875	59.38	-29.939	-1.5055
1826	25.313	60.597	-27.391	-2.0172
1828	16.875	56.627	-34.866	-2.2368
1829	25.313	58.055	-32.432	-3.4675
1831	16.875	53.466	-39.543	-2.8216
1832	25.313	55.096	-37.238	-4.6924
1834	16.875	49.92	-43.935	-3.2222
1835	25.313	51.739	-41.777	-5.6129
1837	16.875	46.014	-48.01	-3.4132
1838	25.313	48.01	-46.014	-6.1696
1840	16.875	41.777	-51.739	-3.3827
1841	25.313	43.935	-49.92	-6.3269
1843	16.875	37.238	-55.096	-3.1335
1844	25.313	39.543	-53.466	-6.0753
1846	16.875	32.432	-58.055	-2.6822
1847	25.313	34.866	-56.627	-5.4316
1849	16.875	27.391	-60.597	-2.059
1850	25.313	29.939	-59.38	-4.4381
1852	16.875	22.154	-62.701	-1.3047
1853	25.313	24.795	-61.705	-3.1597
1855	16.875	16.757	-64.354	-0.46856
1856	25.313	19.473	-63.585	-1.6795
1858	16.875	11.239	-65.543	0.39411
1859	25.313	14.01	-65.007	-9.2473e-002
1861	16.875	5.6396	-66.26	1.2263
1862	25.312	8.4467	-65.961	1.5008
1864	16.875	1.8838e-014	-66.5	1.9864
1865	25.313	2.8223	-66.44	3.0028
1867	16.875	-5.6396	-66.26	2.6249
1868	25.313	-2.8223	-66.44	4.3059
1870	16.875	-11.239	-65.543	3.0948
1871	25.313	-8.4467	-65.961	5.3394
1873	16.875	-16.757	-64.354	3.367
1874	25.313	-14.01	-65.007	6.0212
1876	16.875	-22.154	-62.701	3.4142
1877	25.312	-19.473	-63.585	6.317
1879	16.875	-27.391	-60.597	3.2422
1880	25.312	-24.795	-61.705	6.2076
1882	16.875	-32.432	-58.055	2.8618
1883	25.313	-29.939	-59.38	5.6931
1885	16.875	-37.238	-55.096	2.3012
1886	25.313	-34.866	-56.627	4.8166
1888	16.875	-41.777	-51.739	1.5966
1889	25.313	-39.543	-53.466	3.627
1891	16.875	-46.014	-48.01	0.78654
1892	25.312	-43.935	-49.92	2.2058
1894	16.875	-49.92	-43.935	-7.8075e-002
1895	25.312	-48.01	-46.014	0.64333
1897	16.875	-53.466	-39.543	-0.9399
1898	25.313	-51.739	-41.777	-0.96226
1900	16.875	-56.627	-34.866	-1.7426
1901	25.313	-55.096	-37.238	-2.5074
1903	16.875	-59.38	-29.939	-2.4337
1904	25.312	-58.055	-32.432	-3.892
1906	16.875	-61.705	-24.795	-2.9679
1907	25.313	-60.597	-27.391	-5.026
1909	16.875	-63.585	-19.473	-3.31
1910	25.313	-62.701	-22.154	-5.8357
1912	16.875	-65.007	-14.01	-3.4376
1913	25.313	-64.354	-16.757	-6.2683
1915	16.875	-65.961	-8.4467	-3.342
1916	25.313	-65.543	-11.239	-6.2956
1918	25.313	-66.26	-5.6396	-5.9157
1919	16.875	-66.44	-2.8223	-3.0294
1921	33.75	-65.961	8.4467	-5.1225
1922	42.188	-66.26	5.6396	-8.3538
1923	33.75	-66.44	2.8223	-6.9803
1925	33.75	-65.007	14.01	-2.934
1926	42.188	-65.543	11.239	-5.5629
1928	33.75	-63.585	19.473	-0.55593
1929	42.188	-64.354	16.757	-2.4131
1931	33.75	-61.705	24.795	1.8582
1932	42.188	-62.701	22.154	0.89281
1934	33.75	-59.38	29.939	4.1526
1935	42.188	-60.597	27.391	4.1416
1937	33.75	-56.627	34.866	6.1791
1938	42.188	-58.055	32.432	7.1239
1940	33.75	-53.466	39.543	7.8069
1941	42.188	-55.096	37.238	9.6474
1943	33.75	-49.92	43.935	8.9309
1944	42.188	-51.739	41.777	11.549
1946	33.75	-46.014	48.01	9.4783
1947	42.188	-48.01	46.014	12.706
1949	33.75	-41.777	51.739	9.4138
1950	42.188	-43.935	49.92	13.044
1952	33.75	-37.238	55.096	8.7415
1953	42.188	-39.543	53.466	12.54
1955	33.75	-32.432	58.055	7.5047
1956	42.188	-34.866	56.627	11.226
1958	33.75	-27.391	60.597	5.7832
1959	42.188	-29.939	59.38	9.1862
1961	33.75	-22.154	62.701	3.6878
1962	42.188	-24.795	61.705	6.552
1964	33.75	-16.757	64.354	1.3531
1965	42.188	-19.473	63.585	3.4928
1967	33.75	-11.239	65.543	-1.0709
1968	42.188	-14.01	65.007	0.2055
1970	33.75	-5.6396	66.26	-3.4268
1971	42.188	-8.4467	65.961	-3.0973
1973	33.75	3.4369e-013	66.5	-5.5733
1974	42.188	-2.8223	66.44	-6.2061
1976	33.75	5.6396	66.26	-7.337
1977	42.188	2.8223	66.44	-8.901
1979	33.75	11.239	65.543	-8.6273
1980	42.188	8.4467	65.961	-11.019
1982	33.75	16.757	64.354	-9.3685
1983	42.188	14.01	65.007	-12.423
1985	33.75	22.154	62.701	-9.505
1986	42.188	19.473	63.585	-13.029
1988	33.75	27.391	60.597	-9.029
1989	42.188	24.795	61.705	-12.796
1991	33.75	32.432	58.055	-7.9703
1992	42.188	29.939	59.38	-11.738
1994	33.75	37.238	55.096	-6.3971
1995	42.188	34.866	56.627	-9.9229
1997	33.75	41.777	51.739	-4.4109
1998	42.188	39.543	53.466	-7.4681
2000	33.75	46.014	48.01	-2.1398
2001	42.188	43.935	49.92	-4.5311
2003	33.75	49.92	43.935	0.26944
2004	42.188	48.01	46.014	-1.3012
2006	33.75	53.466	39.543	2.6611
2007	42.188	51.739	41.777	2.0135
2009	33.75	56.627	34.866	4.8808
2010	42.188	55.096	37.238	5.1992
2012	33.75	59.38	29.939	6.7852
2013	42.188	58.055	32.432	8.0502
2015	33.75	61.705	24.795	8.2513
2016	42.188	60.597	27.391	10.382
2018	33.75	63.585	19.473	9.1857
2019	42.188	62.701	22.154	12.043
2021	33.75	65.007	14.01	9.5251
2022	42.188	64.354	16.757	12.924
2024	33.75	65.961	8.4467	9.251
2025	42.188	65.543	11.239	12.971
2027	33.75	66.44	2.8223	8.3597
2028	42.188	66.26	5.6396	12.164
2030	33.75	66.44	-2.8223	6.9682
2031	42.188	66.5	-1.9429e-013	10.604
2032	33.75	65.961	-8.4467	5.1247
2033	42.188	66.26	-5.6396	8.3445
2035	33.75	65.007	-14.01	2.94
2036	42.188	65.543	-11.239	5.5597
2038	33.75	63.585	-19.473	0.56235
2039	42.188	64.354	-16.757	2.4138
2041	33.75	61.705	-24.795	-1.8533
2042	42.188	62.701	-22.154	-0.89027
2044	33.75	59.38	-29.939	-4.1497
2045	42.188	60.597	-27.391	-4.1392
2047	33.75	56.627	-34.866	-6.1784
2048	42.188	58.055	-32.432	-7.1226
2050	33.75	53.466	-39.543	-7.8082
2051	42.188	55.096	-37.238	-9.6478
2053	33.75	49.92	-43.935	-8.9339
2054	42.188	51.739	-41.777	-11.551
2056	33.75	46.014	-48.01	-9.483
2057	42.188	48.01	-46.014	-12.711
2059	33.75	41.777	-51.739	-9.4199
2060	42.188	43.935	-49.92	-13.05
2062	33.75	37.238	-55.096	-8.7487
2063	42.188	39.543	-53.466	-12.548
2065	33.75	32.432	-58.055	-7.5129
2066	42.188	34.866	-56.627	-11.235
2068	33.75	27.391	-60.597	-5.792
2069	42.188	29.939	-59.38	-9.1968
2071	33.75	22.154	-62.701	-3.6971
2072	42.188	24.795	-61.705	-6.5635
2074	33.75	16.757	-64.354	-1.3626
2075	42.188	19.473	-63.585	-3.505
2077	33.75	11.239	-65.543	1.0613
2078	42.188	14.01	-65.007	-0.2179
2080	33.75	5.6396	-66.26	3.4175
2081	42.188	8.4467	-65.961	3.0851
2083	33.75	1.8838e-014	-66.5	5.5645
2084	42.188	2.8223	-66.44	6.1947
2086	33.75	-5.6396	-66.26	7.329
2087	42.188	-2.8223	-66.44	8.891
2089	33.75	-11.239	-65.543	8.6208
2090	42.188	-8.4467	-65.961	11.012
2092	33.75	-16.757	-64.354	9.3645
2093	42.188	-14.01	-65.007	12.418
2095	33.75	-22.154	-62.701	9.5035
2096	42.188	-19.473	-63.585	13.028
2098	33.75	-27.391	-60.597	9.0368
2099	42.188	-24.795	-61.705	12.8
2101	33.75	-32.432	-58.055	7.9879
2102	42.188	-29.939	-59.38	11.74
2104	33.75	-37.238	-55.096	6.4104
2105	42.188	-34.866	-56.627	9.9304
2107	33.75	-41.777	-51.739	4.4232
2108	42.188	-39.543	-53.466	7.4747
2110	33.75	-46.014	-48.01	2.1544
2111	42.187	-43.935	-49.92	4.5362
2113	33.75	-49.92	-43.935	-0.25302
2114	42.188	-48.01	-46.014	1.3068
2116	33.75	-53.466	-39.543	-2.6434
2117	42.188	-51.739	-41.777	-2.0058
2119	33.75	-56.627	-34.866	-4.8632
2120	42.188	-55.096	-37.238	-5.1877
2122	33.75	-59.38	-29.939	-6.7692
2123	42.187	-58.055	-32.432	-8.0343
2125	33.75	-61.705	-24.795	-8.2386
2126	42.187	-60.597	-27.391	-10.362
2128	33.75	-63.585	-19.473	-9.1765
2129	42.188	-62.701	-22.154	-12.022
2131	33.75	-65.007	-14.01	-9.5222
2132	42.188	-64.354	-16.757	-12.906
2134	33.75	-65.961	-8.4467	-9.2535
2135	42.188	-65.543	-11.239	-12.958
2137	42.188	-66.26	-5.6396	-12.174
2138	33.75	-66.44	-2.8223	-8.3876
2140	50.625	-65.961	8.4467	-9.0225
2141	59.063	-66.26	5.6396	-13.316
2142	50.625	-66.44	2.8223	-12.291
2144	50.625	-65.007	14.01	-5.1718
2145	59.063	-65.543	11.239	-8.8689
2147	50.625	-63.585	19.473	-0.9872
2148	59.063	-64.354	16.757	-3.85
2150	50.625	-61.705	24.795	3.2617
2151	59.063	-62.701	22.154	1.418
2153	50.625	-59.38	29.939	7.3012
2154	59.063	-60.597	27.391	6.5956
2156	50.625	-56.627	34.866	10.871
2157	59.063	-58.055	32.432	11.349
2159	50.625	-53.466	39.543	13.74
2160	59.063	-55.096	37.238	15.373
2162	50.625	-49.92	43.935	15.725
2163	59.063	-51.739	41.777	18.406
2165	50.625	-46.014	48.01	16.695
2166	59.063	-48.01	46.014	20.253
2168	50.625	-41.777	51.739	16.588
2169	59.063	-43.935	49.92	20.794
2171	50.625	-37.238	55.096	15.41
2172	59.063	-39.543	53.466	19.993
2174	50.625	-32.432	58.055	13.237
2175	59.063	-34.866	56.627	17.901
2177	50.625	-27.391	60.597	10.206
2178	59.063	-29.939	59.38	14.651
2180	50.625	-22.154	62.701	6.5141
2181	59.063	-24.795	61.705	10.451
2183	50.625	-16.757	64.354	2.3977
2184	59.063	-19.473	63.585	5.5734
2186	50.625	-11.239	65.543	-1.8776
2187	59.063	-14.01	65.007	0.33054
2189	50.625	-5.6396	66.26	-6.0341
2190	59.063	-8.4467	65.961	-4.937
2192	50.625	3.4369e-013	66.5	-9.8118
2193	59.063	-2.8223	66.44	-9.8922
2195	50.625	5.6396	66.26	-12.921
2196	59.063	2.8223	66.44	-14.193
2198	50.625	11.239	65.543	-15.199
2199	59.063	8.4467	65.961	-17.566
2201	50.625	16.757	64.354	-16.503
2202	59.063	14.01	65.007	-19.805
2204	50.625	22.154	62.701	-16.744
2205	59.063	19.473	63.585	-20.771
2207	50.625	27.391	60.597	-15.906
2208	59.063	24.795	61.705	-20.399
2210	50.625	32.432	58.055	-14.044
2211	59.063	29.939	59.38	-18.713
2213	50.625	37.238	55.096	-11.276
2214	59.063	34.866	56.627	-15.821
2216	50.625	41.777	51.739	-7.7805
2217	59.063	39.543	53.466	-11.909
2219	50.625	46.014	48.01	-3.7821
2220	59.063	43.935	49.92	-7.2272
2222	50.625	49.92	43.935	0.46164
2223	59.063	48.01	46.014	-2.0781
2225	50.625	53.466	39.543	4.677
2226	59.063	51.739	41.777	3.207
2228	50.625	56.627	34.866	8.592
2229	59.063	55.096	37.238	8.287
2231	50.625	59.38	29.939	11.953
2232	59.063	58.055	32.432	12.834
2234	50.625	61.705	24.795	14.543
2235	59.063	60.597	27.391	16.552
2237	50.625	63.585	19.473	16.193
2238	59.063	62.701	22.154	19.202
2240	50.625	65.007	14.01	16.791
2241	59.063	64.354	16.757	20.606
2243	50.625	65.961	8.4467	16.306
2244	59.063	65.543	11.239	20.681
2246	50.625	66.44	2.8223	14.73
2247	59.063	66.26	5.6396	19.389
2249	50.625	66.44	-2.8223	12.268
2250	59.063	66.5	-1.9429e-013	16.898
2251	50.625	65.961	-8.4467	9.0132
2252	59.063	66.26	-5.6396	13.3
2254	50.625	65.007	-14.01	5.1671
2255	59.063	65.543	-11.239	8.8595
2257	50.625	63.585	-19.473	0.98593
2258	59.063	64.354	-16.757	3.8448
2260	50.625	61.705	-24.795	-3.2613
2261	59.063	62.701	-22.154	-1.4201
2263	50.625	59.38	-29.939	-7.3004
2264	59.063	60.597	-27.391	-6.5962
2266	50.625	56.627	-34.866	-10.871
2267	59.063	58.055	-32.432	-11.35
2269	50.625	53.466	-39.543	-13.742
2270	59.063	55.096	-37.238	-15.374
2272	50.625	49.92	-43.935	-15.728
2273	59.063	51.739	-41.777	-18.409
2275	50.625	46.014	-48.01	-16.7
2276	59.063	48.01	-46.014	-20.258
2278	50.625	41.777	-51.739	-16.596
2279	59.063	43.935	-49.92	-20.801
2281	50.625	37.238	-55.096	-15.42
2282	59.063	39.543	-53.466	-20.003
2284	50.625	32.432	-58.055	-13.248
2285	59.063	34.866	-56.627	-17.913
2287	50.625	27.391	-60.597	-10.219
2288	59.063	29.939	-59.38	-14.665
2290	50.625	22.154	-62.701	-6.5284
2291	59.063	24.795	-61.705	-10.467
2293	50.625	16.757	-64.354	-2.4126
2294	59.063	19.473	-63.585	-5.5904
2296	50.625	11.239	-65.543	1.8627
2297	59.063	14.01	-65.007	-0.34798
2299	50.625	5.6396	-66.26	6.0199
2300	59.063	8.4467	-65.961	4.92
2302	50.625	1.8838e-014	-66.5	9.7992
2303	59.063	2.8223	-66.44	9.8766
2305	50.625	-5.6396	-66.26	12.911
2306	59.063	-2.8223	-66.44	14.18
2308	50.625	-11.239	-65.543	15.192
2309	59.063	-8.4467	-65.961	17.556
2311	50.625	-16.757	-64.354	16.5
2312	59.063	-14.01	-65.007	19.8
2314	50.625	-22.154	-62.701	16.745
2315	59.063	-19.473	-63.585	20.771
2317	50.625	-27.391	-60.597	15.918
2318	59.063	-24.795	-61.705	20.406
2320	50.625	-32.432	-58.055	14.066
2321	59.063	-29.939	-59.38	18.722
2323	50.625	-37.238	-55.096	11.291
2324	59.063	-34.866	-56.627	15.833
2326	50.625	-41.777	-51.739	7.7885
2327	59.063	-39.543	-53.466	11.916
2329	50.625	-46.014	-48.01	3.7892
2330	59.063	-43.935	-49.92	7.23
2332	50.625	-49.92	-43.935	-0.45311
2333	59.063	-48.01	-46.014	2.081
2335	50.625	-53.466	-39.543	-4.6639
2336	59.063	-51.739	-41.777	-3.1998
2338	50.625	-56.627	-34.866	-8.5723
2339	59.063	-55.096	-37.238	-8.2717
2341	50.625	-59.38	-29.939	-11.927
2342	59.063	-58.055	-32.432	-12.808
2344	50.625	-61.705	-24.795	-14.511
2345	59.062	-60.597	-27.391	-16.518
2347	50.625	-63.585	-19.473	-16.16
2348	59.063	-62.701	-22.154	-19.161
2350	50.625	-65.007	-14.01	-16.766
2351	59.063	-64.354	-16.757	-20.57
2353	50.625	-65.961	-8.4467	-16.292
2354	59.063	-65.543	-11.239	-20.652
2356	59.063	-66.26	-5.6396	-19.403
2357	50.625	-66.44	-2.8223	-14.768
2359	67.5	-65.961	8.4467	-13.431
2360	75.938	-66.26	5.6396	-18.77
2361	67.5	-66.44	2.8223	-18.296
2363	67.5	-65.007	14.01	-7.701
2364	75.938	-65.543	11.239	-12.503
2366	67.5	-63.585	19.473	-1.4735
2367	75.938	-64.354	16.757	-5.4296
2369	67.5	-61.705	24.795	4.8502
2370	75.938	-62.701	22.154	1.9952
2372	67.5	-59.38	29.939	10.863
2373	75.938	-60.597	27.391	9.2932
2375	67.5	-56.627	34.866	16.177
2376	75.938	-58.055	32.432	15.994
2378	67.5	-53.466	39.543	20.45
2379	75.938	-55.096	37.238	21.667
2381	67.5	-49.92	43.935	23.406
2382	75.938	-51.739	41.777	25.944
2384	67.5	-46.014	48.01	24.852
2385	75.938	-48.01	46.014	28.549
2387	67.5	-41.777	51.739	24.696
2388	75.938	-43.935	49.92	29.314
2390	67.5	-37.238	55.096	22.945
2391	75.938	-39.543	53.466	28.187
2393	67.5	-32.432	58.055	19.71
2394	75.938	-34.866	56.627	25.239
2396	67.5	-27.391	60.597	15.2
2397	75.938	-29.939	59.38	20.658
2399	67.5	-22.154	62.701	9.7035
2400	75.938	-24.795	61.705	14.739
2402	67.5	-16.757	64.354	3.575
2403	75.938	-19.473	63.585	7.8618
2405	67.5	-11.239	65.543	-2.7896
2406	75.938	-14.01	65.007	0.46991
2408	67.5	-5.6396	66.26	-8.9781
2409	75.938	-8.4467	65.961	-6.9572
2411	67.5	3.4369e-013	66.5	-14.601
2412	75.938	-2.8223	66.44	-13.943
2414	67.5	5.6396	66.26	-19.23
2415	75.938	2.8223	66.44	-20.009
2417	67.5	11.239	65.543	-22.625
2418	75.938	8.4467	65.961	-24.76
2420	67.5	16.757	64.354	-24.566
2421	75.938	14.01	65.007	-27.919
2423	67.5	22.154	62.701	-24.926
2424	75.938	19.473	63.585	-29.28
2426	67.5	27.391	60.597	-23.681
2427	75.938	24.795	61.705	-28.757
2429	67.5	32.432	58.055	-20.909
2430	75.938	29.939	59.38	-26.381
2432	67.5	37.238	55.096	-16.79
2433	75.938	34.866	56.627	-22.306
2435	67.5	41.777	51.739	-11.587
2436	75.938	39.543	53.466	-16.791
2438	67.5	46.014	48.01	-5.6345
2439	75.938	43.935	49.92	-10.192
2441	67.5	49.92	43.935	0.68338
2442	75.938	48.01	46.014	-2.9331
2444	67.5	53.466	39.543	6.9596
2445	75.938	51.739	41.777	4.5179
2447	67.5	56.627	34.866	12.789
2448	75.938	55.096	37.238	11.68
2450	67.5	59.38	29.939	17.794
2451	75.938	58.055	32.432	18.091
2453	67.5	61.705	24.795	21.649
2454	75.938	60.597	27.391	23.334
2456	67.5	63.585	19.473	24.106
2457	75.938	62.701	22.154	27.07
2459	67.5	65.007	14.01	24.995
2460	75.938	64.354	16.757	29.049
2462	67.5	65.961	8.4467	24.273
2463	75.938	65.543	11.239	29.155
2465	67.5	66.44	2.8223	21.931
2466	75.938	66.26	5.6396	27.332
2468	67.5	66.44	-2.8223	18.264
2469	75.938	66.5	-1.9429e-013	23.817
2470	67.5	65.961	-8.4467	13.415
2471	75.938	66.26	-5.6396	18.747
2473	67.5	65.007	-14.01	7.6904
2474	75.938	65.543	-11.239	12.487
2476	67.5	63.585	-19.473	1.4676
2477	75.938	64.354	-16.757	5.4188
2479	67.5	61.705	-24.795	-4.8533
2480	75.938	62.701	-22.154	-2.0017
2482	67.5	59.38	-29.939	-10.865
2483	75.938	60.597	-27.391	-9.297
2485	67.5	56.627	-34.866	-16.179
2486	75.938	58.055	-32.432	-15.997
2488	67.5	53.466	-39.543	-20.452
2489	75.938	55.096	-37.238	-21.669
2491	67.5	49.92	-43.935	-23.41
2492	75.938	51.739	-41.777	-25.948
2494	67.5	46.014	-48.01	-24.859
2495	75.938	48.01	-46.014	-28.555
2497	67.5	41.777	-51.739	-24.705
2498	75.938	43.935	-49.92	-29.323
2500	67.5	37.238	-55.096	-22.957
2501	75.938	39.543	-53.466	-28.199
2503	67.5	32.432	-58.055	-19.725
2504	75.938	34.866	-56.627	-25.253
2506	67.5	27.391	-60.597	-15.217
2507	75.938	29.939	-59.38	-20.676
2509	67.5	22.154	-62.701	-9.7221
2510	75.938	24.795	-61.705	-14.758
2512	67.5	16.757	-64.354	-3.5945
2513	75.938	19.473	-63.585	-7.883
2515	67.5	11.239	-65.543	2.77
2516	75.938	14.01	-65.007	-0.4917
2518	67.5	5.6396	-66.26	8.9596
2519	75.938	8.4467	-65.961	6.9359
2521	67.5	1.8838e-014	-66.5	14.584
2522	75.938	2.8223	-66.44	13.924
2524	67.5	-5.6396	-66.26	19.217
2525	75.938	-2.8223	-66.44	19.993
2527	67.5	-11.239	-65.543	22.616
2528	75.938	-8.4467	-65.961	24.748
2530	67.5	-16.757	-64.354	24.563
2531	75.938	-14.01	-65.007	27.912
2533	67.5	-22.154	-62.701	24.929
2534	75.938	-19.473	-63.585	29.28
2536	67.5	-27.391	-60.597	23.692
2537	75.938	-24.795	-61.705	28.764
2539	67.5	-32.432	-58.055	20.933
2540	75.938	-29.939	-59.38	26.394
2542	67.5	-37.238	-55.096	16.803
2543	75.938	-34.866	-56.627	22.319
2545	67.5	-41.777	-51.739	11.591
2546	75.938	-39.543	-53.466	16.796
2548	67.5	-46.014	-48.01	5.6377
2549	75.938	-43.935	-49.92	10.19
2551	67.5	-49.92	-43.935	-0.67734
2552	75.938	-48.01	-46.014	2.9318
2554	67.5	-53.466	-39.543	-6.9452
2555	75.938	-51.739	-41.777	-4.512
2557	67.5	-56.627	-34.866	-12.762
2558	75.938	-55.096	-37.238	-11.661
2560	67.5	-59.38	-29.939	-17.755
2561	75.938	-58.055	-32.432	-18.055
2563	67.5	-61.705	-24.795	-21.601
2564	75.938	-60.597	-27.391	-23.283
2566	67.5	-63.585	-19.473	-24.053
2567	75.938	-62.701	-22.154	-27.009
2569	67.5	-65.007	-14.01	-24.956
2570	75.938	-64.354	-16.757	-28.994
2572	67.5	-65.961	-8.4467	-24.249
2573	75.938	-65.543	-11.239	-29.109
2575	75.938	-66.26	-5.6396	-27.349
2576	67.5	-66.44	-2.8223	-21.981
2578	84.375	-65.961	8.4467	-18.126
2579	92.813	-66.26	5.6396	-24.411
2580	84.375	-66.44	2.8223	-24.689
2582	84.375	-65.007	14.01	-10.394
2583	92.813	-65.543	11.239	-16.262
2585	84.375	-63.585	19.473	-1.9909
2586	92.813	-64.354	16.757	-7.063
2588	84.375	-61.705	24.795	6.5424
2589	92.813	-62.701	22.154	2.5926
2591	84.375	-59.38	29.939	14.656
2592	92.813	-60.597	27.391	12.084
2594	84.375	-56.627	34.866	21.828
2595	92.813	-58.055	32.432	20.799
2597	84.375	-53.466	39.543	27.595
2598	92.813	-55.096	37.238	28.176
2600	84.375	-49.92	43.935	31.585
2601	92.813	-51.739	41.777	33.74
2603	84.375	-46.014	48.01	33.539
2604	92.813	-48.01	46.014	37.13
2606	84.375	-41.777	51.739	33.329
2607	92.813	-43.935	49.92	38.126
2609	84.375	-37.238	55.096	30.967
2610	92.813	-39.543	53.466	36.661
2612	84.375	-32.432	58.055	26.603
2613	92.813	-34.866	56.627	32.828
2615	84.375	-27.391	60.597	20.517
2616	92.813	-29.939	59.38	26.871
2618	84.375	-22.154	62.701	13.099
2619	92.813	-24.795	61.705	19.172
2621	84.375	-16.757	64.354	4.8282
2622	92.813	-19.473	63.585	10.228
2624	84.375	-11.239	65.543	-3.762
2625	92.813	-14.01	65.007	0.61326
2627	84.375	-5.6396	66.26	-12.116
2628	92.813	-8.4467	65.961	-9.0473
2630	84.375	3.4369e-013	66.5	-19.702
2631	92.813	-2.8223	66.44	-18.132
2633	84.375	5.6396	66.26	-25.949
2634	92.813	2.8223	66.44	-26.025
2636	84.375	11.239	65.543	-30.533
2637	92.813	8.4467	65.961	-32.2
2639	84.375	16.757	64.354	-33.152
2640	92.813	14.01	65.007	-36.308
2642	84.375	22.154	62.701	-33.638
2643	92.813	19.473	63.585	-38.079
2645	84.375	27.391	60.597	-31.958
2646	92.813	24.795	61.705	-37.4
2648	84.375	32.432	58.055	-28.219
2649	92.813	29.939	59.38	-34.311
2651	84.375	37.238	55.096	-22.661
2652	92.813	34.866	56.627	-29.012
2654	84.375	41.777	51.739	-15.64
2655	92.813	39.543	53.466	-21.84
2657	84.375	46.014	48.01	-7.6074
2658	92.813	43.935	49.92	-13.258
2660	84.375	49.92	43.935	0.91891
2661	92.813	48.01	46.014	-3.8181
2663	84.375	53.466	39.543	9.3895
2664	92.813	51.739	41.777	5.8727
2666	84.375	56.627	34.866	17.257
2667	92.813	55.096	37.238	15.188
2669	84.375	59.38	29.939	24.013
2670	92.813	58.055	32.432	23.527
2672	84.375	61.705	24.795	29.217
2673	92.813	60.597	27.391	30.347
2675	84.375	63.585	19.473	32.533
2676	92.813	62.701	22.154	35.208
2678	84.375	65.007	14.01	33.733
2679	92.813	64.354	16.757	37.783
2681	84.375	65.961	8.4467	32.76
2682	92.813	65.543	11.239	37.92
2684	84.375	66.44	2.8223	29.598
2685	92.813	66.26	5.6396	35.548
2687	84.375	66.44	-2.8223	24.648
2688	92.813	66.5	-1.9429e-013	30.974
2689	84.375	65.961	-8.4467	18.102
2690	92.813	66.26	-5.6396	24.381
2692	84.375	65.007	-14.01	10.377
2693	92.813	65.543	-11.239	16.239
2695	84.375	63.585	-19.473	1.9799
2696	92.813	64.354	-16.757	7.0469
2698	84.375	61.705	-24.795	-6.5493
2699	92.813	62.701	-22.154	-2.6034
2701	84.375	59.38	-29.939	-14.661
2702	92.813	60.597	-27.391	-12.091
2704	84.375	56.627	-34.866	-21.832
2705	92.813	58.055	-32.432	-20.804
2707	84.375	53.466	-39.543	-27.599
2708	92.813	55.096	-37.238	-28.181
2710	84.375	49.92	-43.935	-31.59
2711	92.813	51.739	-41.777	-33.746
2713	84.375	46.014	-48.01	-33.547
2714	92.813	48.01	-46.014	-37.138
2716	84.375	41.777	-51.739	-33.34
2717	92.813	43.935	-49.92	-38.136
2719	84.375	37.238	-55.096	-30.981
2720	92.813	39.543	-53.466	-36.675
2722	84.375	32.432	-58.055	-26.621
2723	92.813	34.866	-56.627	-32.845
2725	84.375	27.391	-60.597	-20.537
2726	92.813	29.939	-59.38	-26.891
2728	84.375	22.154	-62.701	-13.122
2729	92.813	24.795	-61.705	-19.195
2731	84.375	16.757	-64.354	-4.8517
2732	92.813	19.473	-63.585	-10.253
2734	84.375	11.239	-65.543	3.7384
2735	92.813	14.01	-65.007	-0.63869
2737	84.375	5.6396	-66.26	12.094
2738	92.813	8.4467	-65.961	9.0224
2740	84.375	1.8838e-014	-66.5	19.683
2741	92.813	2.8223	-66.44	18.109
2743	84.375	-5.6396	-66.26	25.933
2744	92.813	-2.8223	-66.44	26.005
2746	84.375	-11.239	-65.543	30.522
2747	92.813	-8.4467	-65.961	32.185
2749	84.375	-16.757	-64.354	33.148
2750	92.813	-14.01	-65.007	36.3
2752	84.375	-22.154	-62.701	33.642
2753	92.813	-19.473	-63.585	38.079
2755	84.375	-27.391	-60.597	31.97
2756	92.813	-24.795	-61.705	37.407
2758	84.375	-32.432	-58.055	28.245
2759	92.813	-29.939	-59.38	34.329
2761	84.375	-37.238	-55.096	22.676
2762	92.813	-34.866	-56.627	29.027
2764	84.375	-41.777	-51.739	15.642
2765	92.813	-39.543	-53.466	21.844
2767	84.375	-46.014	-48.01	7.6076
2768	92.813	-43.935	-49.92	13.253
2770	84.375	-49.92	-43.935	-0.91454
2771	92.813	-48.01	-46.014	3.8127
2773	84.375	-53.466	-39.543	-9.3727
2774	92.813	-51.739	-41.777	-5.8679
2776	84.375	-56.627	-34.866	-17.222
2777	92.813	-55.096	-37.238	-15.165
2779	84.375	-59.38	-29.939	-23.959
2780	92.813	-58.055	-32.432	-23.481
2782	84.375	-61.705	-24.795	-29.148
2783	92.813	-60.597	-27.391	-30.279
2785	84.375	-63.585	-19.473	-32.458
2786	92.813	-62.701	-22.154	-35.125
2788	84.375	-65.007	-14.01	-33.675
2789	92.813	-64.354	-16.757	-37.705
2791	84.375	-65.961	-8.4467	-32.723
2792	92.813	-65.543	-11.239	-37.856
2794	92.813	-66.26	-5.6396	-35.567
2795	84.375	-66.44	-2.8223	-29.662
2797	101.25	-65.961	8.4467	-22.846
2798	109.69	-66.26	5.6396	-29.937
2799	101.25	-66.44	2.8223	-31.117
2801	101.25	-65.007	14.01	-13.101
2802	109.69	-65.543	11.239	-19.943
2804	101.25	-63.585	19.473	-2.5106
2805	109.69	-64.354	16.757	-8.6621
2807	101.25	-61.705	24.795	8.2442
2808	109.69	-62.701	22.154	3.1792
2810	101.25	-59.38	29.939	18.471
2811	109.69	-60.597	27.391	14.819
2813	101.25	-56.627	34.866	27.51
2814	109.69	-58.055	32.432	25.507
2816	101.25	-53.466	39.543	34.779
2817	109.69	-55.096	37.238	34.554
2819	101.25	-49.92	43.935	39.808
2820	109.69	-51.739	41.777	41.377
2822	101.25	-46.014	48.01	42.272
2823	109.69	-48.01	46.014	45.534
2825	101.25	-41.777	51.739	42.008
2826	109.69	-43.935	49.92	46.754
2828	101.25	-37.238	55.096	39.031
2829	109.69	-39.543	53.466	44.957
2831	101.25	-32.432	58.055	33.532
2832	109.69	-34.866	56.627	40.256
2834	101.25	-27.391	60.597	25.861
2835	109.69	-29.939	59.38	32.95
2837	101.25	-22.154	62.701	16.511
2838	109.69	-24.795	61.705	23.508
2840	101.25	-16.757	64.354	6.087
2841	109.69	-19.473	63.585	12.541
2843	101.25	-11.239	65.543	-4.7398
2844	109.69	-14.01	65.007	0.75209
2846	101.25	-5.6396	66.26	-15.271
2847	109.69	-8.4467	65.961	-11.09
2849	101.25	3.4369e-013	66.5	-24.828
2850	109.69	-2.8223	66.44	-22.226
2852	101.25	5.6396	66.26	-32.699
2853	109.69	2.8223	66.44	-31.912
2855	101.25	11.239	65.543	-38.48
2856	109.69	8.4467	65.961	-39.482
2858	101.25	16.757	64.354	-41.781
2859	109.69	14.01	65.007	-44.523
2861	101.25	22.154	62.701	-42.395
2862	109.69	19.473	63.585	-46.697
2864	101.25	27.391	60.597	-40.279
2865	109.69	24.795	61.705	-45.864
2867	101.25	32.432	58.055	-35.568
2868	109.69	29.939	59.38	-42.077
2870	101.25	37.238	55.096	-28.563
2871	109.69	34.866	56.627	-35.578
2873	101.25	41.777	51.739	-19.714
2874	109.69	39.543	53.466	-26.784
2876	101.25	46.014	48.01	-9.5906
2877	109.69	43.935	49.92	-16.26
2879	101.25	49.92	43.935	1.1557
2880	109.69	48.01	46.014	-4.6828
2882	101.25	53.466	39.543	11.832
2883	109.69	51.739	41.777	7.2012
2885	101.25	56.627	34.866	21.749
2886	109.69	55.096	37.238	18.625
2888	101.25	59.38	29.939	30.264
2889	109.69	58.055	32.432	28.85
2891	101.25	61.705	24.795	36.824
2892	109.69	60.597	27.391	37.213
2894	101.25	63.585	19.473	41.003
2895	109.69	62.701	22.154	43.172
2897	101.25	65.007	14.01	42.516
2898	109.69	64.354	16.757	46.327
2900	101.25	65.961	8.4467	41.29
2901	109.69	65.543	11.239	46.495
2903	101.25	66.44	2.8223	37.305
2904	109.69	66.26	5.6396	43.591
2906	101.25	66.44	-2.8223	31.066
2907	109.69	66.5	-1.9429e-013	37.986
2908	101.25	65.961	-8.4467	22.815
2909	109.69	66.26	-5.6396	29.902
2911	101.25	65.007	-14.01	13.079
2912	109.69	65.543	-11.239	19.915
2914	101.25	63.585	-19.473	2.4952
2915	109.69	64.354	-16.757	8.6411
2917	101.25	61.705	-24.795	-8.2549
2918	109.69	62.701	-22.154	-3.1941
2920	101.25	59.38	-29.939	-18.478
2921	109.69	60.597	-27.391	-14.829
2923	101.25	56.627	-34.866	-27.516
2924	109.69	58.055	-32.432	-25.515
2926	101.25	53.466	-39.543	-34.786
2927	109.69	55.096	-37.238	-34.561
2929	101.25	49.92	-43.935	-39.816
2930	109.69	51.739	-41.777	-41.385
2932	101.25	46.014	-48.01	-42.282
2933	109.69	48.01	-46.014	-45.543
2935	101.25	41.777	-51.739	-42.021
2936	109.69	43.935	-49.92	-46.767
2938	101.25	37.238	-55.096	-39.048
2939	109.69	39.543	-53.466	-44.973
2941	101.25	32.432	-58.055	-33.551
2942	109.69	34.866	-56.627	-40.275
2944	101.25	27.391	-60.597	-25.883
2945	109.69	29.939	-59.38	-32.972
2947	101.25	22.154	-62.701	-16.537
2948	109.69	24.795	-61.705	-23.534
2950	101.25	16.757	-64.354	-6.1137
2951	109.69	19.473	-63.585	-12.568
2953	101.25	11.239	-65.543	4.7128
2954	109.69	14.01	-65.007	-0.78063
2956	101.25	5.6396	-66.26	15.245
2957	109.69	8.4467	-65.961	11.062
2959	101.25	1.8838e-014	-66.5	24.805
2960	109.69	2.8223	-66.44	22.2
2962	101.25	-5.6396	-66.26	32.68
2963	109.69	-2.8223	-66.44	31.889
2965	101.25	-11.239	-65.543	38.467
2966	109.69	-8.4467	-65.961	39.464
2968	101.25	-16.757	-64.354	41.775
2969	109.69	-14.01	-65.007	44.511
2971	101.25	-22.154	-62.701	42.398
2972	109.69	-19.473	-63.585	46.692
2974	101.25	-27.391	-60.597	40.287
2975	109.69	-24.795	-61.705	45.866
2977	101.25	-32.432	-58.055	35.593
2978	109.69	-29.939	-59.38	42.097
2980	101.25	-37.238	-55.096	28.578
2981	109.69	-34.866	-56.627	35.59
2983	101.25	-41.777	-51.739	19.714
2984	109.69	-39.543	-53.466	26.783
2986	101.25	-46.014	-48.01	9.5879
2987	109.69	-43.935	-49.92	16.251
2989	101.25	-49.92	-43.935	-1.1521
2990	109.69	-48.01	-46.014	4.6771
2992	101.25	-53.466	-39.543	-11.812
2993	109.69	-51.739	-41.777	-7.1933
2995	101.25	-56.627	-34.866	-21.705
2996	109.69	-55.096	-37.238	-18.595
2998	101.25	-59.38	-29.939	-30.195
2999	109.69	-58.055	-32.432	-28.792
3001	101.25	-61.705	-24.795	-36.736
3002	109.69	-60.597	-27.391	-37.131
3004	101.25	-63.585	-19.473	-40.907
3005	109.69	-62.701	-22.154	-43.073
3007	101.25	-65.007	-14.01	-42.442
3008	109.69	-64.354	-16.757	-46.238
3010	101.25	-65.961	-8.4467	-41.241
3011	109.69	-65.543	-11.239	-46.424
3013	109.69	-66.26	-5.6396	-43.618
3014	101.25	-66.44	-2.8223	-37.384
3016	118.13	-65.961	8.4467	-27.44
3017	126.56	-66.26	5.6396	-35.612
3018	118.13	-66.44	2.8223	-37.375
3020	118.13	-65.007	14.01	-15.736
3021	126.56	-65.543	11.239	-23.724
3023	118.13	-63.585	19.473	-3.016
3024	126.56	-64.354	16.757	-10.306
3026	118.13	-61.705	24.795	9.9017
3027	126.56	-62.701	22.154	3.7792
3029	118.13	-59.38	29.939	22.185
3030	126.56	-60.597	27.391	17.625
3032	118.13	-56.627	34.866	33.042
3033	126.56	-58.055	32.432	30.338
3035	118.13	-53.466	39.543	41.773
3036	126.56	-55.096	37.238	41.101
3038	118.13	-49.92	43.935	47.814
3039	126.56	-51.739	41.777	49.218
3041	118.13	-46.014	48.01	50.772
3042	126.56	-48.01	46.014	54.165
3044	118.13	-41.777	51.739	50.455
3045	126.56	-43.935	49.92	55.618
3047	118.13	-37.238	55.096	46.879
3048	126.56	-39.543	53.466	53.482
3050	118.13	-32.432	58.055	40.273
3051	126.56	-34.866	56.627	47.89
3053	118.13	-27.391	60.597	31.059
3054	126.56	-29.939	59.38	39.2
3056	118.13	-22.154	62.701	19.831
3057	126.56	-24.795	61.705	27.968
3059	118.13	-16.757	64.354	7.311
3060	126.56	-19.473	63.585	14.919
3062	118.13	-11.239	65.543	-5.6912
3063	126.56	-14.01	65.007	0.89296
3065	118.13	-5.6396	66.26	-18.337
3066	126.56	-8.4467	65.961	-13.197
3068	118.13	3.4369e-013	66.5	-29.807
3069	126.56	-2.8223	66.44	-26.446
3071	118.13	5.6396	66.26	-39.263
3072	126.56	2.8223	66.44	-37.972
3074	118.13	11.239	65.543	-46.214
3075	126.56	8.4467	65.961	-46.965
3077	118.13	16.757	64.354	-50.181
3078	126.56	14.01	65.007	-52.957
3080	118.13	22.154	62.701	-50.919
3081	126.56	19.473	63.585	-55.542
3083	118.13	27.391	60.597	-48.378
3084	126.56	24.795	61.705	-54.553
3086	118.13	32.432	58.055	-42.719
3087	126.56	29.939	59.38	-50.051
3089	118.13	37.238	55.096	-34.307
3090	126.56	34.866	56.627	-42.323
3092	118.13	41.777	51.739	-23.679
3093	126.56	39.543	53.466	-31.864
3095	118.13	46.014	48.01	-11.521
3096	126.56	43.935	49.92	-19.347
3098	118.13	49.92	43.935	1.3858
3099	126.56	48.01	46.014	-5.5771
3101	118.13	53.466	39.543	14.209
3102	126.56	51.739	41.777	8.559
3104	118.13	56.627	34.866	26.119
3105	126.56	55.096	37.238	22.149
3107	118.13	59.38	29.939	36.347
3108	126.56	58.055	32.432	34.314
3110	118.13	61.705	24.795	44.226
3111	126.56	60.597	27.391	44.265
3113	118.13	63.585	19.473	49.246
3114	126.56	62.701	22.154	51.358
3116	118.13	65.007	14.01	51.064
3117	126.56	64.354	16.757	55.116
3119	118.13	65.961	8.4467	49.59
3120	126.56	65.543	11.239	55.32
3122	118.13	66.44	2.8223	44.806
3123	126.56	66.26	5.6396	51.863
3125	118.13	66.44	-2.8223	37.313
3126	126.56	66.5	-1.9429e-013	45.186
3127	118.13	65.961	-8.4467	27.402
3128	126.56	66.26	-5.6396	35.564
3130	118.13	65.007	-14.01	15.707
3131	126.56	65.543	-11.239	23.69
3133	118.13	63.585	-19.473	2.9959
3134	126.56	64.354	-16.757	10.281
3136	118.13	61.705	-24.795	-9.916
3137	126.56	62.701	-22.154	-3.7969
3139	118.13	59.38	-29.939	-22.195
3140	126.56	60.597	-27.391	-17.637
3142	118.13	56.627	-34.866	-33.051
3143	126.56	58.055	-32.432	-30.348
3145	118.13	53.466	-39.543	-41.781
3146	126.56	55.096	-37.238	-41.11
3148	118.13	49.92	-43.935	-47.823
3149	126.56	51.739	-41.777	-49.228
3151	118.13	46.014	-48.01	-50.784
3152	126.56	48.01	-46.014	-54.176
3154	118.13	41.777	-51.739	-50.47
3155	126.56	43.935	-49.92	-55.632
3157	118.13	37.238	-55.096	-46.898
3158	126.56	39.543	-53.466	-53.499
3160	118.13	32.432	-58.055	-40.295
3161	126.56	34.866	-56.627	-47.911
3163	118.13	27.391	-60.597	-31.085
3164	126.56	29.939	-59.38	-39.225
3166	118.13	22.154	-62.701	-19.859
3167	126.56	24.795	-61.705	-27.996
3169	118.13	16.757	-64.354	-7.3408
3170	126.56	19.473	-63.585	-14.95
3172	118.13	11.239	-65.543	5.6611
3173	126.56	14.01	-65.007	-0.92475
3175	118.13	5.6396	-66.26	18.308
3176	126.56	8.4467	-65.961	13.166
3178	118.13	1.8838e-014	-66.5	29.781
3179	126.56	2.8223	-66.44	26.416
3181	118.13	-5.6396	-66.26	39.242
3182	126.56	-2.8223	-66.44	37.946
3184	118.13	-11.239	-65.543	46.198
3185	126.56	-8.4467	-65.961	46.945
3187	118.13	-16.757	-64.354	50.171
3188	126.56	-14.01	-65.007	52.944
3190	118.13	-22.154	-62.701	50.918
3191	126.56	-19.473	-63.585	55.537
3193	118.13	-27.391	-60.597	48.374
3194	126.56	-24.795	-61.705	54.557
3196	118.13	-32.432	-58.055	42.733
3197	126.56	-29.939	-59.38	50.08
3199	118.13	-37.238	-55.096	34.316
3200	126.56	-34.866	-56.627	42.336
3202	118.13	-41.777	-51.739	23.675
3203	126.56	-39.543	-53.466	31.863
3205	118.13	-46.014	-48.01	11.516
3206	126.56	-43.935	-49.92	19.335
3208	118.13	-49.92	-43.935	-1.3816
3209	126.56	-48.01	-46.014	5.5662
3211	118.13	-53.466	-39.543	-14.184
3212	126.56	-51.739	-41.777	-8.5553
3214	118.13	-56.627	-34.866	-26.067
3215	126.56	-55.096	-37.238	-22.118
3217	118.13	-59.38	-29.939	-36.265
3218	126.56	-58.055	-32.432	-34.249
3220	118.13	-61.705	-24.795	-44.121
3221	126.56	-60.597	-27.391	-44.168
3223	118.13	-63.585	-19.473	-49.132
3224	126.56	-62.701	-22.154	-51.236
3226	118.13	-65.007	-14.01	-50.976
3227	126.56	-64.354	-16.757	-55.002
3229	118.13	-65.961	-8.4467	-49.535
3230	126.56	-65.543	-11.239	-55.222
3232	118.13	-66.44	-2.8223	-44.902
3233	126.56	-66.26	-5.6396	-51.885
3235	135.	-66.44	2.8223	-45.035
3236	135.	-65.961	8.4467	-33.065
3238	25.313	-66.5	-8.1439e-015	-5.1531
3240	42.188	-66.5	-8.1439e-015	-10.606
3242	59.063	-66.5	-8.1439e-015	-16.904
3244	75.938	-66.5	-8.1439e-015	-23.827
3246	92.813	-66.5	-8.1439e-015	-30.988
3248	109.69	-66.5	-8.1439e-015	-38.002
3250	126.56	-66.5	-8.1439e-015	-45.204
3252	135.	-66.44	-2.8223	-54.103
3254	135.	-65.961	-8.4467	-59.685
3256	135.	-65.007	-14.01	-61.422
3258	135.	-63.585	-19.473	-59.201
3260	135.	-61.705	-24.795	-53.164
3262	135.	-59.38	-29.939	-43.698
3264	135.	-56.627	-34.866	-31.41
3266	135.	-53.466	-39.543	-17.09
3268	135.	-49.92	-43.935	-1.6597
3270	135.	-46.014	-48.01	13.888
3272	135.	-41.777	-51.739	28.547
3274	135.	-37.238	-55.096	41.375
3276	135.	-32.432	-58.055	51.499
3278	135.	-27.391	-60.597	58.281
3280	135.	-22.154	-62.701	61.347
3282	135.	-16.757	-64.354	60.445
3284	135.	-11.239	-65.543	55.656
3286	135.	-5.6396	-66.26	47.277
3288	135.	4.072e-015	-66.5	35.909
3290	135.	5.6396	-66.26	22.102
3292	135.	11.239	-65.543	6.8504
3294	135.	16.757	-64.354	-8.8288
3296	135.	22.154	-62.701	-23.923
3298	135.	27.391	-60.597	-37.456
3300	135.	32.432	-58.055	-48.557
3302	135.	37.238	-55.096	-56.513
3304	135.	41.777	-51.739	-60.816
3306	135.	46.014	-48.01	-61.192
3308	135.	49.92	-43.935	-57.622
3310	135.	53.466	-39.543	-50.34
3312	135.	56.627	-34.866	-39.819
3314	135.	59.38	-29.939	-26.737
3316	135.	61.705	-24.795	-11.941
3318	135.	63.585	-19.473	3.6179
3320	135.	65.007	-14.01	18.935
3322	135.	65.961	-8.4467	33.026
3324	135.	66.44	-2.8223	44.961
3326	135.	66.44	2.8223	53.985
3327	135.	65.961	8.4467	59.755
3329	135.	65.007	14.01	61.537
3331	135.	63.585	19.473	59.347
3333	135.	61.705	24.795	53.295
3335	135.	59.38	29.939	43.797
3337	135.	56.627	34.866	31.469
3339	135.	53.466	39.543	17.115
3341	135.	49.92	43.935	1.6626
3343	135.	46.014	48.01	-13.889
3345	135.	41.777	51.739	-28.538
3347	135.	37.238	55.096	-41.34
3349	135.	32.432	58.055	-51.474
3351	135.	27.391	60.597	-58.288
3353	135.	22.154	62.701	-61.346
3355	135.	16.757	64.354	-60.455
3357	135.	11.239	65.543	-55.674
3359	135.	5.6396	66.26	-47.302
3361	135.	3.7322e-013	66.5	-35.939
3363	135.	-5.6396	66.26	-22.135
3365	135.	-11.239	65.543	-6.8845
3367	135.	-16.757	64.354	8.7953
3369	135.	-22.154	62.701	23.891
3371	135.	-27.391	60.597	37.427
3373	135.	-32.432	58.055	48.532
3375	135.	-37.238	55.096	56.493
3377	135.	-41.777	51.739	60.799
3379	135.	-46.014	48.01	61.179
3381	135.	-49.92	43.935	57.612
3383	135.	-53.466	39.543	50.332
3385	135.	-56.627	34.866	39.81
3387	135.	-59.38	29.939	26.727
3389	135.	-61.705	24.795	11.926
3391	135.	-63.585	19.473	-3.6379
3393	135.	-65.007	14.01	-18.964
