節点番号	X 座標 (mm)	Y 座標 (mm)	Z 座標 (mm)	各方向での変形量 (mm)
80	0.	-66.5	-8.1439e-015	0.
81	0.	-66.26	-5.6396	0.
82	0.	-65.543	-11.239	0.
83	0.	-64.354	-16.757	0.
84	0.	-62.701	-22.154	0.
85	0.	-60.597	-27.391	0.
86	0.	-58.055	-32.432	0.
87	0.	-55.096	-37.238	0.
88	0.	-51.739	-41.777	0.
89	0.	-48.01	-46.014	0.
90	0.	-43.935	-49.92	0.
91	0.	-39.543	-53.466	0.
92	0.	-34.866	-56.627	0.
93	0.	-29.939	-59.38	0.
94	0.	-24.795	-61.705	0.
95	0.	-19.473	-63.585	0.
96	0.	-14.01	-65.007	0.
97	0.	-8.4467	-65.961	0.
98	0.	-2.8223	-66.44	0.
99	0.	2.8223	-66.44	0.
100	0.	8.4467	-65.961	0.
101	0.	14.01	-65.007	0.
102	0.	19.473	-63.585	0.
103	0.	24.795	-61.705	0.
104	0.	29.939	-59.38	0.
105	0.	34.866	-56.627	0.
106	0.	39.543	-53.466	0.
107	0.	43.935	-49.92	0.
108	0.	48.01	-46.014	0.
109	0.	51.739	-41.777	0.
110	0.	55.096	-37.238	0.
111	0.	58.055	-32.432	0.
112	0.	60.597	-27.391	0.
113	0.	62.701	-22.154	0.
114	0.	64.354	-16.757	0.
115	0.	65.543	-11.239	0.
116	0.	66.26	-5.6396	0.
117	0.	66.5	-1.9429e-013	0.
118	0.	66.26	5.6396	0.
119	0.	65.543	11.239	0.
120	0.	64.354	16.757	0.
121	0.	62.701	22.154	0.
122	0.	60.597	27.391	0.
123	0.	58.055	32.432	0.
124	0.	55.096	37.238	0.
125	0.	51.739	41.777	0.
126	0.	48.01	46.014	0.
127	0.	43.935	49.92	0.
128	0.	39.543	53.466	0.
129	0.	34.866	56.627	0.
130	0.	29.939	59.38	0.
131	0.	24.795	61.705	0.
132	0.	19.473	63.585	0.
133	0.	14.01	65.007	0.
134	0.	8.4467	65.961	0.
135	0.	2.8223	66.44	0.
136	0.	-2.8223	66.44	0.
137	0.	-8.4467	65.961	0.
138	0.	-14.01	65.007	0.
139	0.	-19.473	63.585	0.
140	0.	-24.795	61.705	0.
141	0.	-29.939	59.38	0.
142	0.	-34.866	56.627	0.
143	0.	-39.543	53.466	0.
144	0.	-43.935	49.92	0.
145	0.	-48.01	46.014	0.
146	0.	-51.739	41.777	0.
147	0.	-55.096	37.238	0.
148	0.	-58.055	32.432	0.
149	0.	-60.597	27.391	0.
150	0.	-62.701	22.154	0.
151	0.	-64.354	16.757	0.
152	0.	-66.26	5.6396	0.
153	0.	-65.543	11.239	0.
154	16.875	-66.26	5.6396	-2.6469
155	16.875	-65.543	11.239	-3.1179
156	16.875	-64.354	16.757	-3.3863
157	16.875	-62.701	22.154	-3.4348
158	16.875	-60.597	27.391	-3.2603
159	16.875	-58.055	32.432	-2.8745
160	16.875	-55.096	37.238	-2.3027
161	16.875	-51.739	41.777	-1.5825
162	16.875	-48.01	46.014	-0.76095
163	16.875	-43.935	49.92	0.10816
164	16.875	-39.543	53.466	0.96827
165	16.875	-34.866	56.627	1.7637
166	16.875	-29.939	59.38	2.4433
167	16.875	-24.795	61.705	2.9642
168	16.875	-19.473	63.585	3.2941
169	16.875	-14.01	65.007	3.4116
170	16.875	-8.4467	65.961	3.3093
171	16.875	-2.8223	66.44	2.9872
172	16.875	2.8223	66.44	2.5195
173	16.875	8.4467	65.961	1.8348
174	16.875	14.01	65.007	1.0519
175	16.875	19.473	63.585	0.19661
176	16.875	24.795	61.705	-0.6743
177	16.875	29.939	59.38	-1.5029
178	16.875	34.866	56.627	-2.2338
179	16.875	39.543	53.466	-2.8189
180	16.875	43.935	49.92	-3.2202
181	16.875	48.01	46.014	-3.4119
182	16.875	51.739	41.777	-3.382
183	16.875	55.096	37.238	-3.1329
184	16.875	58.055	32.432	-2.6813
185	16.875	60.597	27.391	-2.057
186	16.875	62.701	22.154	-1.3005
187	16.875	64.354	16.757	-0.46102
188	16.875	65.543	11.239	0.40644
189	16.875	66.26	5.6396	1.2423
190	16.875	66.5	-1.9429e-013	2.0008
191	16.875	66.26	-5.6396	2.6465
192	16.875	65.543	-11.239	3.1159
193	16.875	64.354	-16.757	3.3826
194	16.875	62.701	-22.154	3.4292
195	16.875	60.597	-27.391	3.2529
196	16.875	58.055	-32.432	2.8657
197	16.875	55.096	-37.238	2.2928
198	16.875	51.739	-41.777	1.5719
199	16.875	48.01	-46.014	0.75024
200	16.875	43.935	-49.92	-0.11855
201	16.875	39.543	-53.466	-0.97786
202	16.875	34.866	-56.627	-1.772
203	16.875	29.939	-59.38	-2.45
204	16.875	24.795	-61.705	-2.9689
205	16.875	19.473	-63.585	-3.2965
206	16.875	14.01	-65.007	-3.4118
207	16.875	8.4467	-65.961	-3.3072
208	16.875	2.8223	-66.44	-2.9832
209	16.875	-2.8223	-66.44	-2.514
210	16.875	-8.4467	-65.961	-1.8289
211	16.875	-14.01	-65.007	-1.0475
212	16.875	-19.473	-63.585	-0.19584
213	16.875	-24.795	-61.705	0.66764
214	16.875	-29.939	-59.38	1.5
215	16.875	-34.866	-56.627	2.2096
216	16.875	-39.543	-53.466	2.7999
217	16.875	-43.935	-49.92	3.2102
218	16.875	-48.01	-46.014	3.4131
219	16.875	-51.739	-41.777	3.3957
220	16.875	-55.096	-37.238	3.1587
221	16.875	-58.055	-32.432	2.7167
222	16.875	-60.597	-27.391	2.0978
223	16.875	-62.701	-22.154	1.342
224	16.875	-64.354	-16.757	0.49834
225	16.875	-65.543	-11.239	-0.3784
226	16.875	-66.26	-5.6396	-1.231
227	33.75	-66.26	5.6396	-7.3191
228	33.75	-65.543	11.239	-8.6223
229	33.75	-64.354	16.757	-9.3691
230	33.75	-62.701	22.154	-9.5113
231	33.75	-60.597	27.391	-9.0396
232	33.75	-58.055	32.432	-7.9845
233	33.75	-55.096	37.238	-6.4139
234	33.75	-51.739	41.777	-4.4295
235	33.75	-48.01	46.014	-2.1592
236	33.75	-43.935	49.92	0.25024
237	33.75	-39.543	53.466	2.643
238	33.75	-34.866	56.627	4.8645
239	33.75	-29.939	59.38	6.7712
240	33.75	-24.795	61.705	8.2398
241	33.75	-19.473	63.585	9.1764
242	33.75	-14.01	65.007	9.5193
243	33.75	-8.4467	65.961	9.2499
244	33.75	-2.8223	66.44	8.3707
245	33.75	2.8223	66.44	6.9796
246	33.75	8.4467	65.961	5.1145
247	33.75	14.01	65.007	2.9392
248	33.75	19.473	63.585	0.56362
249	33.75	24.795	61.705	-1.8491
250	33.75	29.939	59.38	-4.1434
251	33.75	34.866	56.627	-6.1706
252	33.75	39.543	53.466	-7.7997
253	33.75	43.935	49.92	-8.9252
254	33.75	48.01	46.014	-9.4743
255	33.75	51.739	41.777	-9.4112
256	33.75	55.096	37.238	-8.74
257	33.75	58.055	32.432	-7.5038
258	33.75	60.597	27.391	-5.7823
259	33.75	62.701	22.154	-3.6862
260	33.75	64.354	16.757	-1.3503
261	33.75	65.543	11.239	1.0755
262	33.75	66.26	5.6396	3.4314
263	33.75	66.5	-1.9429e-013	5.5668
264	33.75	66.26	-5.6396	7.3343
265	33.75	65.543	-11.239	8.6292
266	33.75	64.354	-16.757	9.368
267	33.75	62.701	-22.154	9.5028
268	33.75	60.597	-27.391	9.025
269	33.75	58.055	-32.432	7.9648
270	33.75	55.096	-37.238	6.3905
271	33.75	51.739	-41.777	4.4035
272	33.75	48.01	-46.014	2.132
273	33.75	43.935	-49.92	-0.27721
274	33.75	39.543	-53.466	-2.6684
275	33.75	34.866	-56.627	-4.887
276	33.75	29.939	-59.38	-6.7897
277	33.75	24.795	-61.705	-8.2533
278	33.75	19.473	-63.585	-9.1844
279	33.75	14.01	-65.007	-9.5214
280	33.75	8.4467	-65.961	-9.2463
281	33.75	2.8223	-66.44	-8.3619
282	33.75	-2.8223	-66.44	-6.9665
283	33.75	-8.4467	-65.961	-5.0986
284	33.75	-14.01	-65.007	-2.922
285	33.75	-19.473	-63.585	-0.54623
286	33.75	-24.795	-61.705	1.8611
287	33.75	-29.939	-59.38	4.1607
288	33.75	-34.866	-56.627	6.1761
289	33.75	-39.543	-53.466	7.8076
290	33.75	-43.935	-49.92	8.9314
291	33.75	-48.01	-46.014	9.4803
292	33.75	-51.739	-41.777	9.4172
293	33.75	-55.096	-37.238	8.7465
294	33.75	-58.055	-32.432	7.5112
295	33.75	-60.597	-27.391	5.7908
296	33.75	-62.701	-22.154	3.6966
297	33.75	-64.354	-16.757	1.3636
298	33.75	-65.543	-11.239	-1.0576
299	33.75	-66.26	-5.6396	-3.4107
300	50.625	-66.26	5.6396	-12.884
301	50.625	-65.543	11.239	-15.178
302	50.625	-64.354	16.757	-16.495
303	50.625	-62.701	22.154	-16.748
304	50.625	-60.597	27.391	-15.921
305	50.625	-58.055	32.432	-14.068
306	50.625	-55.096	37.238	-11.307
307	50.625	-51.739	41.777	-7.8162
308	50.625	-48.01	46.014	-3.8205
309	50.625	-43.935	49.92	0.42277
310	50.625	-39.543	53.466	4.6399
311	50.625	-34.866	56.627	8.5586
312	50.625	-29.939	59.38	11.926
313	50.625	-24.795	61.705	14.523
314	50.625	-19.473	63.585	16.181
315	50.625	-14.01	65.007	16.791
316	50.625	-8.4467	65.961	16.316
317	50.625	-2.8223	66.44	14.766
318	50.625	2.8223	66.44	12.291
319	50.625	8.4467	65.961	9.0148
320	50.625	14.01	65.007	5.1717
321	50.625	19.473	63.585	0.99013
322	50.625	24.795	61.705	-3.2557
323	50.625	29.939	59.38	-7.2936
324	50.625	34.866	56.627	-10.863
325	50.625	39.543	53.466	-13.732
326	50.625	43.935	49.92	-15.717
327	50.625	48.01	46.014	-16.688
328	50.625	51.739	41.777	-16.582
329	50.625	55.096	37.238	-15.405
330	50.625	58.055	32.432	-13.232
331	50.625	60.597	27.391	-10.203
332	50.625	62.701	22.154	-6.511
333	50.625	64.354	16.757	-2.3955
334	50.625	65.543	11.239	1.879
335	50.625	66.26	5.6396	6.0323
336	50.625	66.5	-1.9429e-013	9.8003
337	50.625	66.26	-5.6396	12.911
338	50.625	65.543	-11.239	15.193
339	50.625	64.354	-16.757	16.498
340	50.625	62.701	-22.154	16.74
341	50.625	60.597	-27.391	15.902
342	50.625	58.055	-32.432	14.04
343	50.625	55.096	-37.238	11.271
344	50.625	51.739	-41.777	7.7753
345	50.625	48.01	-46.014	3.7765
346	50.625	43.935	-49.92	-0.46741
347	50.625	39.543	-53.466	-4.6827
348	50.625	34.866	-56.627	-8.5973
349	50.625	29.939	-59.38	-11.958
350	50.625	24.795	-61.705	-14.547
351	50.625	19.473	-63.585	-16.197
352	50.625	14.01	-65.007	-16.796
353	50.625	8.4467	-65.961	-16.312
354	50.625	2.8223	-66.44	-14.753
355	50.625	-2.8223	-66.44	-12.27
356	50.625	-8.4467	-65.961	-8.9876
357	50.625	-14.01	-65.007	-5.1405
358	50.625	-19.473	-63.585	-0.95612
359	50.625	-24.795	-61.705	3.2874
360	50.625	-29.939	-59.38	7.3328
361	50.625	-34.866	-56.627	10.889
362	50.625	-39.543	-53.466	13.763
363	50.625	-43.935	-49.92	15.741
364	50.625	-48.01	-46.014	16.704
365	50.625	-51.739	-41.777	16.588
366	50.625	-55.096	-37.238	15.402
367	50.625	-58.055	-32.432	13.223
368	50.625	-60.597	-27.391	10.191
369	50.625	-62.701	-22.154	6.5031
370	50.625	-64.354	-16.757	2.3961
371	50.625	-65.543	-11.239	-1.865
372	50.625	-66.26	-5.6396	-6.0058
373	67.5	-66.26	5.6396	-19.174
374	67.5	-65.543	11.239	-22.589
375	67.5	-64.354	16.757	-24.549
376	67.5	-62.701	22.154	-24.927
377	67.5	-60.597	27.391	-23.699
378	67.5	-58.055	32.432	-20.942
379	67.5	-55.096	37.238	-16.835
380	67.5	-51.739	41.777	-11.64
381	67.5	-48.01	46.014	-5.6936
382	67.5	-43.935	49.92	0.62284
383	67.5	-39.543	53.466	6.9014
384	67.5	-34.866	56.627	12.737
385	67.5	-29.939	59.38	17.751
386	67.5	-24.795	61.705	21.62
387	67.5	-19.473	63.585	24.091
388	67.5	-14.01	65.007	24.998
389	67.5	-8.4467	65.961	24.292
390	67.5	-2.8223	66.44	21.984
391	67.5	2.8223	66.44	18.29
392	67.5	8.4467	65.961	13.423
393	67.5	14.01	65.007	7.6998
394	67.5	19.473	63.585	1.4759
395	67.5	24.795	61.705	-4.8447
396	67.5	29.939	59.38	-10.855
397	67.5	34.866	56.627	-16.168
398	67.5	39.543	53.466	-20.44
399	67.5	43.935	49.92	-23.395
400	67.5	48.01	46.014	-24.842
401	67.5	51.739	41.777	-24.686
402	67.5	55.096	37.238	-22.936
403	67.5	58.055	32.432	-19.703
404	67.5	60.597	27.391	-15.194
405	67.5	62.701	22.154	-9.699
406	67.5	64.354	16.757	-3.573
407	67.5	65.543	11.239	2.7895
408	67.5	66.26	5.6396	8.9734
409	67.5	66.5	-1.9429e-013	14.587
410	67.5	66.26	-5.6396	19.216
411	67.5	65.543	-11.239	22.614
412	67.5	64.354	-16.757	24.558
413	67.5	62.701	-22.154	24.92
414	67.5	60.597	-27.391	23.676
415	67.5	58.055	-32.432	20.906
416	67.5	55.096	-37.238	16.787
417	67.5	51.739	-41.777	11.584
418	67.5	48.01	-46.014	5.6316
419	67.5	43.935	-49.92	-0.68657
420	67.5	39.543	-53.466	-6.9632
421	67.5	34.866	-56.627	-12.793
422	67.5	29.939	-59.38	-17.799
423	67.5	24.795	-61.705	-21.656
424	67.5	19.473	-63.585	-24.114
425	67.5	14.01	-65.007	-25.008
426	67.5	8.4467	-65.961	-24.287
427	67.5	2.8223	-66.44	-21.966
428	67.5	-2.8223	-66.44	-18.26
429	67.5	-8.4467	-65.961	-13.382
430	67.5	-14.01	-65.007	-7.6516
431	67.5	-19.473	-63.585	-1.4225
432	67.5	-24.795	-61.705	4.8964
433	67.5	-29.939	-59.38	10.914
434	67.5	-34.866	-56.627	16.21
435	67.5	-39.543	-53.466	20.49
436	67.5	-43.935	-49.92	23.433
437	67.5	-48.01	-46.014	24.866
438	67.5	-51.739	-41.777	24.691
439	67.5	-55.096	-37.238	22.924
440	67.5	-58.055	-32.432	19.679
441	67.5	-60.597	-27.391	15.167
442	67.5	-62.701	-22.154	9.6772
443	67.5	-64.354	-16.757	3.5649
444	67.5	-65.543	-11.239	-2.7764
445	67.5	-66.26	-5.6396	-8.9384
446	84.375	-66.26	5.6396	-25.873
447	84.375	-65.543	11.239	-30.481
448	84.375	-64.354	16.757	-33.126
449	84.375	-62.701	22.154	-33.637
450	84.375	-60.597	27.391	-31.98
451	84.375	-58.055	32.432	-28.262
452	84.375	-55.096	37.238	-22.72
453	84.375	-51.739	41.777	-15.712
454	84.375	-48.01	46.014	-7.6872
455	84.375	-43.935	49.92	0.83681
456	84.375	-39.543	53.466	9.3105
457	84.375	-34.866	56.627	17.187
458	84.375	-29.939	59.38	23.955
459	84.375	-24.795	61.705	29.178
460	84.375	-19.473	63.585	32.514
461	84.375	-14.01	65.007	33.741
462	84.375	-8.4467	65.961	32.788
463	84.375	-2.8223	66.44	29.671
464	84.375	2.8223	66.44	24.681
465	84.375	8.4467	65.961	18.118
466	84.375	14.01	65.007	10.392
467	84.375	19.473	63.585	1.9933
468	84.375	24.795	61.705	-6.5363
469	84.375	29.939	59.38	-14.648
470	84.375	34.866	56.627	-21.817
471	84.375	39.543	53.466	-27.583
472	84.375	43.935	49.92	-31.572
473	84.375	48.01	46.014	-33.526
474	84.375	51.739	41.777	-33.317
475	84.375	55.096	37.238	-30.956
476	84.375	58.055	32.432	-26.593
477	84.375	60.597	27.391	-20.509
478	84.375	62.701	22.154	-13.094
479	84.375	64.354	16.757	-4.8268
480	84.375	65.543	11.239	3.7603
481	84.375	66.26	5.6396	12.107
482	84.375	66.5	-1.9429e-013	19.685
483	84.375	66.26	-5.6396	25.929
484	84.375	65.543	-11.239	30.515
485	84.375	64.354	-16.757	33.14
486	84.375	62.701	-22.154	33.63
487	84.375	60.597	-27.391	31.953
488	84.375	58.055	-32.432	28.216
489	84.375	55.096	-37.238	22.659
490	84.375	51.739	-41.777	15.639
491	84.375	48.01	-46.014	7.6064
492	84.375	43.935	-49.92	-0.92048
493	84.375	39.543	-53.466	-9.3921
494	84.375	34.866	-56.627	-17.262
495	84.375	29.939	-59.38	-24.02
496	84.375	24.795	-61.705	-29.227
497	84.375	19.473	-63.585	-32.546
498	84.375	14.01	-65.007	-33.754
499	84.375	8.4467	-65.961	-32.782
500	84.375	2.8223	-66.44	-29.646
501	84.375	-2.8223	-66.44	-24.639
502	84.375	-8.4467	-65.961	-18.062
503	84.375	-14.01	-65.007	-10.326
504	84.375	-19.473	-63.585	-1.9193
505	84.375	-24.795	-61.705	6.6087
506	84.375	-29.939	-59.38	14.728
507	84.375	-34.866	-56.627	21.872
508	84.375	-39.543	-53.466	27.654
509	84.375	-43.935	-49.92	31.623
510	84.375	-48.01	-46.014	33.556
511	84.375	-51.739	-41.777	33.32
512	84.375	-55.096	-37.238	30.935
513	84.375	-58.055	-32.432	26.555
514	84.375	-60.597	-27.391	20.466
515	84.375	-62.701	-22.154	13.058
516	84.375	-64.354	-16.757	4.8103
517	84.375	-65.543	-11.239	-3.7462
518	84.375	-66.26	-5.6396	-12.061
519	101.25	-66.26	5.6396	-32.606
520	101.25	-65.543	11.239	-38.414
521	101.25	-64.354	16.757	-41.748
522	101.25	-62.701	22.154	-42.393
523	101.25	-60.597	27.391	-40.305
524	101.25	-58.055	32.432	-35.62
525	101.25	-55.096	37.238	-28.636
526	101.25	-51.739	41.777	-19.804
527	101.25	-48.01	46.014	-9.69
528	101.25	-43.935	49.92	1.0533
529	101.25	-39.543	53.466	11.733
530	101.25	-34.866	56.627	21.66
531	101.25	-29.939	59.38	30.192
532	101.25	-24.795	61.705	36.774
533	101.25	-19.473	63.585	40.98
534	101.25	-14.01	65.007	42.526
535	101.25	-8.4467	65.961	41.326
536	101.25	-2.8223	66.44	37.391
537	101.25	2.8223	66.44	31.105
538	101.25	8.4467	65.961	22.838
539	101.25	14.01	65.007	13.1
540	101.25	19.473	63.585	2.514
541	101.25	24.795	61.705	-8.2366
542	101.25	29.939	59.38	-18.46
543	101.25	34.866	56.627	-27.497
544	101.25	39.543	53.466	-34.764
545	101.25	43.935	49.92	-39.793
546	101.25	48.01	46.014	-42.256
547	101.25	51.739	41.777	-41.993
548	101.25	55.096	37.238	-39.018
549	101.25	58.055	32.432	-33.52
550	101.25	60.597	27.391	-25.852
551	101.25	62.701	22.154	-16.506
552	101.25	64.354	16.757	-6.0863
553	101.25	65.543	11.239	4.7367
554	101.25	66.26	5.6396	15.257
555	101.25	66.5	-1.9429e-013	24.81
556	101.25	66.26	-5.6396	32.676
557	101.25	65.543	-11.239	38.458
558	101.25	64.354	-16.757	41.766
559	101.25	62.701	-22.154	42.385
560	101.25	60.597	-27.391	40.273
561	101.25	58.055	-32.432	35.564
562	101.25	55.096	-37.238	28.562
563	101.25	51.739	-41.777	19.714
564	101.25	48.01	-46.014	9.5905
565	101.25	43.935	-49.92	-1.1567
566	101.25	39.543	-53.466	-11.835
567	101.25	34.866	-56.627	-21.754
568	101.25	29.939	-59.38	-30.272
569	101.25	24.795	-61.705	-36.836
570	101.25	19.473	-63.585	-41.02
571	101.25	14.01	-65.007	-42.543
572	101.25	8.4467	-65.961	-41.317
573	101.25	2.8223	-66.44	-37.359
574	101.25	-2.8223	-66.44	-31.051
575	101.25	-8.4467	-65.961	-22.766
576	101.25	-14.01	-65.007	-13.015
577	101.25	-19.473	-63.585	-2.42
578	101.25	-24.795	-61.705	8.3279
579	101.25	-29.939	-59.38	18.562
580	101.25	-34.866	-56.627	27.557
581	101.25	-39.543	-53.466	34.853
582	101.25	-43.935	-49.92	39.855
583	101.25	-48.01	-46.014	42.29
584	101.25	-51.739	-41.777	41.993
585	101.25	-55.096	-37.238	38.987
586	101.25	-58.055	-32.432	33.468
587	101.25	-60.597	-27.391	25.793
588	101.25	-62.701	-22.154	16.457
589	101.25	-64.354	-16.757	6.063
590	101.25	-65.543	-11.239	-4.7206
591	101.25	-66.26	-5.6396	-15.199
592	118.13	-66.26	5.6396	-39.164
593	118.13	-65.543	11.239	-46.14
594	118.13	-64.354	16.757	-50.145
595	118.13	-62.701	22.154	-50.919
596	118.13	-60.597	27.391	-48.412
597	118.13	-58.055	32.432	-42.784
598	118.13	-55.096	37.238	-34.396
599	118.13	-51.739	41.777	-23.787
600	118.13	-48.01	46.014	-11.64
601	118.13	-43.935	49.92	1.2644
602	118.13	-39.543	53.466	14.092
603	118.13	-34.866	56.627	26.016
604	118.13	-29.939	59.38	36.264
605	118.13	-24.795	61.705	44.17
606	118.13	-19.473	63.585	49.222
607	118.13	-14.01	65.007	51.08
608	118.13	-8.4467	65.961	49.635
609	118.13	-2.8223	66.44	44.9
610	118.13	2.8223	66.44	37.359
611	118.13	8.4467	65.961	27.426
612	118.13	14.01	65.007	15.733
613	118.13	19.473	63.585	3.0197
614	118.13	24.795	61.705	-9.8927
615	118.13	29.939	59.38	-22.173
616	118.13	34.866	56.627	-33.028
617	118.13	39.543	53.466	-41.758
618	118.13	43.935	49.92	-47.798
619	118.13	48.01	46.014	-50.756
620	118.13	51.739	41.777	-50.44
621	118.13	55.096	37.238	-46.866
622	118.13	58.055	32.432	-40.262
623	118.13	60.597	27.391	-31.051
624	118.13	62.701	22.154	-19.826
625	118.13	64.354	16.757	-7.3105
626	118.13	65.543	11.239	5.6887
627	118.13	66.26	5.6396	18.32
628	118.13	66.5	-1.9429e-013	29.793
629	118.13	66.26	-5.6396	39.239
630	118.13	65.543	-11.239	46.189
631	118.13	64.354	-16.757	50.165
632	118.13	62.701	-22.154	50.909
633	118.13	60.597	-27.391	48.374
634	118.13	58.055	-32.432	42.719
635	118.13	55.096	-37.238	34.308
636	118.13	51.739	-41.777	23.682
637	118.13	48.01	-46.014	11.522
638	118.13	43.935	-49.92	-1.3868
639	118.13	39.543	-53.466	-14.213
640	118.13	34.866	-56.627	-26.127
641	118.13	29.939	-59.38	-36.359
642	118.13	24.795	-61.705	-44.244
643	118.13	19.473	-63.585	-49.27
644	118.13	14.01	-65.007	-51.099
645	118.13	8.4467	-65.961	-49.624
646	118.13	2.8223	-66.44	-44.861
647	118.13	-2.8223	-66.44	-37.293
648	118.13	-8.4467	-65.961	-27.338
649	118.13	-14.01	-65.007	-15.631
650	118.13	-19.473	-63.585	-2.9082
651	118.13	-24.795	-61.705	9.9973
652	118.13	-29.939	-59.38	22.296
653	118.13	-34.866	-56.627	33.083
654	118.13	-39.543	-53.466	41.86
655	118.13	-43.935	-49.92	47.87
656	118.13	-48.01	-46.014	50.796
657	118.13	-51.739	-41.777	50.439
658	118.13	-55.096	-37.238	46.829
659	118.13	-58.055	-32.432	40.2
660	118.13	-60.597	-27.391	30.982
661	118.13	-62.701	-22.154	19.769
662	118.13	-64.354	-16.757	7.2836
663	118.13	-65.543	-11.239	-5.6689
664	118.13	-66.26	-5.6396	-18.255
665	135.	-66.26	5.6396	-47.189
666	16.875	-66.5	-8.1439e-015	-2.004
667	33.75	-66.5	-8.1439e-015	-5.5437
668	50.625	-66.5	-8.1439e-015	-9.7594
669	67.5	-66.5	-8.1439e-015	-14.524
670	84.375	-66.5	-8.1439e-015	-19.598
671	101.25	-66.5	-8.1439e-015	-24.698
672	118.13	-66.5	-8.1439e-015	-29.665
673	135.	-66.5	-8.1439e-015	-35.744
674	135.	-66.26	-5.6396	-21.996
675	135.	-65.543	-11.239	-6.8314
676	135.	-64.354	-16.757	8.7751
677	135.	-62.701	-22.154	23.819
678	135.	-60.597	-27.391	37.33
679	135.	-58.055	-32.432	48.439
680	135.	-55.096	-37.238	56.427
681	135.	-51.739	-41.777	60.778
682	135.	-48.01	-46.014	61.208
683	135.	-43.935	-49.92	57.68
684	135.	-39.543	-53.466	50.43
685	135.	-34.866	-56.627	39.848
686	135.	-29.939	-59.38	26.882
687	135.	-24.795	-61.705	12.064
688	135.	-19.473	-63.585	-3.501
689	135.	-14.01	-65.007	-18.845
690	135.	-8.4467	-65.961	-32.964
691	135.	-2.8223	-66.44	-44.948
692	135.	2.8223	-66.44	-54.05
693	135.	8.4467	-65.961	-59.799
694	135.	14.01	-65.007	-61.582
695	135.	19.473	-63.585	-59.378
696	135.	24.795	-61.705	-53.319
697	135.	29.939	-59.38	-43.813
698	135.	34.866	-56.627	-31.48
699	135.	39.543	-53.466	-17.12
700	135.	43.935	-49.92	-1.6627
701	135.	48.01	-46.014	13.893
702	135.	51.739	-41.777	28.544
703	135.	55.096	-37.238	41.347
704	135.	58.055	-32.432	51.479
705	135.	60.597	-27.391	58.29
706	135.	62.701	-22.154	61.342
707	135.	64.354	-16.757	60.443
708	135.	65.543	-11.239	55.65
709	135.	66.26	-5.6396	47.279
710	135.	66.5	-1.9429e-013	35.913
711	135.	66.26	5.6396	22.093
712	135.	65.543	11.239	6.8646
713	135.	64.354	16.757	-8.807
714	135.	62.701	22.154	-23.893
715	135.	60.597	27.391	-37.423
716	135.	58.055	32.432	-48.524
717	135.	55.096	37.238	-56.481
718	135.	51.739	41.777	-60.786
719	135.	48.01	46.014	-61.164
720	135.	43.935	49.92	-57.596
721	135.	39.543	53.466	-50.315
722	135.	34.866	56.627	-39.792
723	135.	29.939	59.38	-26.709
724	135.	24.795	61.705	-11.908
725	135.	19.473	63.585	3.6556
726	135.	14.01	65.007	18.981
727	135.	8.4467	65.961	33.077
728	135.	2.8223	66.44	45.032
729	135.	-2.8223	66.44	54.1
730	135.	-8.4467	65.961	59.813
731	135.	-14.01	65.007	61.559
732	135.	-19.473	63.585	59.32
733	135.	-24.795	61.705	53.23
734	135.	-29.939	59.38	43.699
735	135.	-34.866	56.627	31.347
736	135.	-39.543	53.466	16.976
737	135.	-43.935	49.92	1.5172
738	135.	-48.01	46.014	-14.032
739	135.	-51.739	41.777	-28.669
740	135.	-55.096	37.238	-41.451
741	135.	-58.055	32.432	-51.557
742	135.	-60.597	27.391	-58.336
743	135.	-62.701	22.154	-61.355
744	135.	-64.354	16.757	-60.421
745	135.	-65.543	11.239	-55.595
1554	0.	-66.44	-2.8223	0.
1555	0.	-66.44	2.8223	0.
1556	8.4375	-66.5	-8.1439e-015	-0.67734
1557	0.	-65.961	-8.4467	0.
1558	8.4375	-66.26	-5.6396	-0.4163
1559	0.	-65.007	-14.01	0.
1560	8.4375	-65.543	-11.239	-0.12838
1561	0.	-63.585	-19.473	0.
1562	8.4375	-64.354	-16.757	0.16764
1563	0.	-61.705	-24.795	0.
1564	8.4375	-62.701	-22.154	0.45246
1565	0.	-59.38	-29.939	0.
1566	8.4375	-60.597	-27.391	0.70754
1567	0.	-56.627	-34.866	0.
1568	8.4375	-58.055	-32.432	0.91639
1569	0.	-53.466	-39.543	0.
1570	8.4375	-55.096	-37.238	1.0657
1571	0.	-49.92	-43.935	0.
1572	8.4375	-51.739	-41.777	1.1462
1573	0.	-46.014	-48.01	0.
1574	8.4375	-48.01	-46.014	1.1534
1575	0.	-41.777	-51.739	0.
1576	8.4375	-43.935	-49.92	1.0874
1577	0.	-37.238	-55.096	0.
1578	8.4375	-39.543	-53.466	0.95146
1579	0.	-32.432	-58.055	0.
1580	8.4375	-34.866	-56.627	0.74945
1581	0.	-27.391	-60.597	0.
1582	8.4375	-29.939	-59.38	0.48607
1583	0.	-22.154	-62.701	0.
1584	8.4375	-24.795	-61.705	0.21825
1585	0.	-16.757	-64.354	0.
1586	8.4375	-19.473	-63.585	-6.8183e-002
1587	0.	-11.239	-65.543	0.
1588	8.4375	-14.01	-65.007	-0.3503
1589	0.	-5.6396	-66.26	0.
1590	8.4375	-8.4467	-65.961	-0.60174
1591	0.	4.072e-015	-66.5	0.
1592	8.4375	-2.8223	-66.44	-0.81225
1593	0.	5.6396	-66.26	0.
1594	8.4375	2.8223	-66.44	-1.0221
1595	0.	11.239	-65.543	0.
1596	8.4375	8.4467	-65.961	-1.13
1597	0.	16.757	-64.354	0.
1598	8.4375	14.01	-65.007	-1.1582
1599	0.	22.154	-62.701	0.
1600	8.4375	19.473	-63.585	-1.1131
1601	0.	27.391	-60.597	0.
1602	8.4375	24.795	-61.705	-0.99906
1603	0.	32.432	-58.055	0.
1604	8.4375	29.939	-59.38	-0.82252
1605	0.	37.238	-55.096	0.
1606	8.4375	34.866	-56.627	-0.59358
1607	0.	41.777	-51.739	0.
1608	8.4375	39.543	-53.466	-0.32607
1609	0.	46.014	-48.01	0.
1610	8.4375	43.935	-49.92	-3.6767e-002
1611	0.	49.92	-43.935	0.
1612	8.4375	48.01	-46.014	0.25577
1613	0.	53.466	-39.543	0.
1614	8.4375	51.739	-41.777	0.53253
1615	0.	56.627	-34.866	0.
1616	8.4375	55.096	-37.238	0.77543
1617	0.	59.38	-29.939	0.
1618	8.4375	58.055	-32.432	0.96851
1619	0.	61.705	-24.795	0.
1620	8.4375	60.597	-27.391	1.0991
1621	0.	63.585	-19.473	0.
1622	8.4375	62.701	-22.154	1.1584
1623	0.	65.007	-14.01	0.
1624	8.4375	64.354	-16.757	1.1425
1625	0.	65.961	-8.4467	0.
1626	8.4375	65.543	-11.239	1.0513
1627	0.	66.44	-2.8223	0.
1628	8.4375	66.26	-5.6396	0.89027
1629	0.	66.44	2.8223	0.
1630	8.4375	66.5	-1.9429e-013	0.68348
1631	0.	65.961	8.4467	0.
1632	8.4375	66.26	5.6396	0.42452
1633	0.	65.007	14.01	0.
1634	8.4375	65.543	11.239	0.13764
1635	0.	63.585	19.473	0.
1636	8.4375	64.354	16.757	-0.15789
1637	0.	61.705	24.795	0.
1638	8.4375	62.701	22.154	-0.44188
1639	0.	59.38	29.939	0.
1640	8.4375	60.597	27.391	-0.6967
1641	0.	56.627	34.866	0.
1642	8.4375	58.055	32.432	-0.90644
1643	0.	53.466	39.543	0.
1644	8.4375	55.096	37.238	-1.0579
1645	0.	49.92	43.935	0.
1646	8.4375	51.739	41.777	-1.1412
1647	0.	46.014	48.01	0.
1648	8.4375	48.01	46.014	-1.1508
1649	0.	41.777	51.739	0.
1650	8.4375	43.935	49.92	-1.0858
1651	0.	37.238	55.096	0.
1652	8.4375	39.543	53.466	-0.95025
1653	0.	32.432	58.055	0.
1654	8.4375	34.866	56.627	-0.75264
1655	0.	27.391	60.597	0.
1656	8.4375	29.939	59.38	-0.50583
1657	0.	22.154	62.701	0.
1658	8.4375	24.795	61.705	-0.22619
1659	0.	16.757	64.354	0.
1660	8.4375	19.473	63.585	6.6909e-002
1661	0.	11.239	65.543	0.
1662	8.4375	14.01	65.007	0.35174
1663	0.	5.6396	66.26	0.
1664	8.4375	8.4467	65.961	0.60394
1665	0.	3.7322e-013	66.5	0.
1666	8.4375	2.8223	66.44	0.81429
1667	0.	-5.6396	66.26	0.
1668	8.4375	-2.8223	66.44	1.0237
1669	0.	-11.239	65.543	0.
1670	8.4375	-8.4467	65.961	1.1308
1671	0.	-16.757	64.354	0.
1672	8.4375	-14.01	65.007	1.1582
1673	0.	-22.154	62.701	0.
1674	8.4375	-19.473	63.585	1.1123
1675	0.	-27.391	60.597	0.
1676	8.4375	-24.795	61.705	0.99746
1677	0.	-32.432	58.055	0.
1678	8.4375	-29.939	59.38	0.82022
1679	0.	-37.238	55.096	0.
1680	8.4375	-34.866	56.627	0.59071
1681	0.	-41.777	51.739	0.
1682	8.4375	-39.543	53.466	0.32276
1683	0.	-46.014	48.01	0.
1684	8.4375	-43.935	49.92	3.3171e-002
1685	0.	-49.92	43.935	0.
1686	8.4375	-48.01	46.014	-0.25949
1687	0.	-53.466	39.543	0.
1688	8.4375	-51.739	41.777	-0.53623
1689	0.	-56.627	34.866	0.
1690	8.4375	-55.096	37.238	-0.77894
1691	0.	-59.38	29.939	0.
1692	8.4375	-58.055	32.432	-0.9717
1693	0.	-61.705	24.795	0.
1694	8.4375	-60.597	27.391	-1.1018
1695	0.	-63.585	19.473	0.
1696	8.4375	-62.701	22.154	-1.1606
1697	0.	-65.007	14.01	0.
1698	8.4375	-64.354	16.757	-1.1442
1699	0.	-65.961	8.4467	0.
1700	8.4375	-66.26	5.6396	-0.89447
1701	8.4375	-65.543	11.239	-1.0535
1702	16.875	-65.961	8.4467	-2.9039
1703	25.313	-66.26	5.6396	-4.87
1704	16.875	-66.44	2.8223	-2.3428
1706	16.875	-65.007	14.01	-3.2763
1707	25.313	-65.543	11.239	-5.7369
1709	16.875	-63.585	19.473	-3.4359
1710	25.313	-64.354	16.757	-6.2326
1712	16.875	-61.705	24.795	-3.3724
1713	25.313	-62.701	22.154	-6.3251
1715	16.875	-59.38	29.939	-3.0902
1716	25.313	-60.597	27.391	-6.0084
1718	16.875	-56.627	34.866	-2.6077
1719	25.313	-58.055	32.432	-5.3033
1721	16.875	-53.466	39.543	-1.9568
1722	25.313	-55.096	37.238	-4.2556
1724	16.875	-49.92	43.935	-1.1802
1725	25.313	-51.739	41.777	-2.9333
1727	16.875	-46.014	48.01	-0.32853
1728	25.313	-48.01	46.014	-1.4224
1730	16.875	-41.777	51.739	0.54252
1731	25.313	-43.935	49.92	0.17901
1733	16.875	-37.238	55.096	1.3764
1734	25.313	-39.543	53.466	1.767
1736	16.875	-32.432	58.055	2.1193
1737	25.313	-34.866	56.627	3.2386
1739	16.875	-27.391	60.597	2.7238
1740	25.313	-29.939	59.38	4.4987
1742	16.875	-22.154	62.701	3.152
1743	25.313	-24.795	61.705	5.4661
1745	16.875	-16.757	64.354	3.3773
1746	25.313	-19.473	63.585	6.0796
1748	16.875	-11.239	65.543	3.385
1749	25.313	-14.01	65.007	6.3017
1751	16.875	-5.6396	66.26	3.1728
1752	25.313	-8.4467	65.961	6.1226
1754	16.875	3.4369e-013	66.5	2.7724
1755	25.313	-2.8223	66.44	5.556
1757	16.875	5.6396	66.26	2.1927
1758	25.313	2.8223	66.44	4.6262
1760	16.875	11.239	65.543	1.4548
1761	25.313	8.4467	65.961	3.4112
1763	16.875	16.757	64.354	0.62951
1764	25.313	14.01	65.007	1.9535
1766	16.875	22.154	62.701	-0.24035
1767	25.313	19.473	63.585	0.37221
1769	16.875	27.391	60.597	-1.0967
1770	25.313	24.795	61.705	-1.2336
1772	16.875	32.432	58.055	-1.8823
1773	25.313	29.939	59.38	-2.7596
1775	16.875	37.238	55.096	-2.5453
1776	25.313	34.866	56.627	-4.1068
1778	16.875	41.777	51.739	-3.0421
1779	25.313	39.543	53.466	-5.1879
1781	16.875	46.014	48.01	-3.3408
1782	25.313	43.935	49.92	-5.9326
1784	16.875	49.92	43.935	-3.4222
1785	25.313	48.01	46.014	-6.293
1787	16.875	53.466	39.543	-3.2815
1788	25.313	51.739	41.777	-6.2458
1790	16.875	56.627	34.866	-2.9285
1791	25.313	55.096	37.238	-5.7947
1793	16.875	59.38	29.939	-2.3866
1794	25.313	58.055	32.432	-4.9692
1796	16.875	61.705	24.795	-1.691
1797	25.313	60.597	27.391	-3.8233
1799	16.875	63.585	19.473	-0.88713
1800	25.313	62.701	22.154	-2.4312
1802	16.875	65.007	14.01	-2.7497e-002
1803	25.313	64.354	16.757	-0.88292
1805	16.875	65.961	8.4467	0.83106
1806	25.313	65.543	11.239	0.72356
1808	16.875	66.44	2.8223	1.6315
1809	25.313	66.26	5.6396	2.2873
1811	16.875	66.44	-2.8223	2.3391
1812	25.313	66.5	-1.9429e-013	3.7125
1813	16.875	65.961	-8.4467	2.9027
1814	25.313	66.26	-5.6396	4.8815
1816	16.875	65.007	-14.01	3.2734
1817	25.313	65.543	-11.239	5.74
1819	16.875	63.585	-19.473	3.4313
1820	25.313	64.354	-16.757	6.2294
1822	16.875	61.705	-24.795	3.3659
1823	25.313	62.701	-22.154	6.3173
1825	16.875	59.38	-29.939	3.082
1826	25.313	60.597	-27.391	5.9968
1828	16.875	56.627	-34.866	2.5983
1829	25.313	58.055	-32.432	5.2887
1831	16.875	53.466	-39.543	1.9465
1832	25.313	55.096	-37.238	4.2387
1834	16.875	49.92	-43.935	1.1695
1835	25.313	51.739	-41.777	2.915
1837	16.875	46.014	-48.01	0.31792
1838	25.313	48.01	-46.014	1.4035
1840	16.875	41.777	-51.739	-0.55256
1841	25.313	43.935	-49.92	-0.19757
1843	16.875	37.238	-55.096	-1.3854
1844	25.313	39.543	-53.466	-1.7843
1846	16.875	32.432	-58.055	-2.1268
1847	25.313	34.866	-56.627	-3.2538
1849	16.875	27.391	-60.597	-2.7295
1850	25.313	29.939	-59.38	-4.511
1852	16.875	22.154	-62.701	-3.1556
1853	25.313	24.795	-61.705	-5.4749
1855	16.875	16.757	-64.354	-3.3786
1856	25.313	19.473	-63.585	-6.0846
1858	16.875	11.239	-65.543	-3.3841
1859	25.313	14.01	-65.007	-6.3026
1861	16.875	5.6396	-66.26	-3.1697
1862	25.312	8.4467	-65.961	-6.1196
1864	16.875	1.8838e-014	-66.5	-2.7675
1865	25.313	2.8223	-66.44	-5.5495
1867	16.875	-5.6396	-66.26	-2.1869
1868	25.313	-2.8223	-66.44	-4.617
1870	16.875	-11.239	-65.543	-1.4493
1871	25.313	-8.4467	-65.961	-3.4006
1873	16.875	-16.757	-64.354	-0.62651
1874	25.313	-14.01	-65.007	-1.9428
1876	16.875	-22.154	-62.701	0.2378
1877	25.312	-19.473	-63.585	-0.36323
1879	16.875	-27.391	-60.597	1.0917
1880	25.312	-24.795	-61.705	1.2415
1882	16.875	-32.432	-58.055	1.8676
1883	25.313	-29.939	-59.38	2.758
1885	16.875	-37.238	-55.096	2.5234
1886	25.313	-34.866	-56.627	4.0991
1888	16.875	-41.777	-51.739	3.0271
1889	25.313	-39.543	-53.466	5.1771
1891	16.875	-46.014	-48.01	3.336
1892	25.312	-43.935	-49.92	5.9253
1894	16.875	-49.92	-43.935	3.4295
1895	25.312	-48.01	-46.014	6.2943
1897	16.875	-53.466	-39.543	3.3015
1898	25.313	-51.739	-41.777	6.2574
1900	16.875	-56.627	-34.866	2.9596
1901	25.313	-55.096	-37.238	5.8158
1903	16.875	-59.38	-29.939	2.4253
1904	25.312	-58.055	-32.432	4.9975
1906	16.875	-61.705	-24.795	1.7329
1907	25.313	-60.597	-27.391	3.8553
1909	16.875	-63.585	-19.473	0.92716
1910	25.313	-62.701	-22.154	2.463
1912	16.875	-65.007	-14.01	6.0508e-002
1913	25.313	-64.354	-16.757	0.91075
1915	16.875	-65.961	-8.4467	-0.81065
1916	25.313	-65.543	-11.239	-0.70098
1918	25.313	-66.26	-5.6396	-2.2678
1919	16.875	-66.44	-2.8223	-1.6295
1921	33.75	-65.961	8.4467	-8.0358
1922	42.188	-66.26	5.6396	-10.019
1923	33.75	-66.44	2.8223	-6.484
1925	33.75	-65.007	14.01	-9.0692
1926	42.188	-65.543	11.239	-11.803
1928	33.75	-63.585	19.473	-9.5173
1929	42.188	-64.354	16.757	-12.826
1931	33.75	-61.705	24.795	-9.3512
1932	42.188	-62.701	22.154	-13.022
1934	33.75	-59.38	29.939	-8.5816
1935	42.188	-60.597	27.391	-12.379
1937	33.75	-56.627	34.866	-7.258
1938	42.188	-58.055	32.432	-10.937
1940	33.75	-53.466	39.543	-5.466
1941	42.188	-55.096	37.238	-8.79
1943	33.75	-49.92	43.935	-3.3212
1944	42.188	-51.739	41.777	-6.0754
1946	33.75	-46.014	48.01	-0.96217
1947	42.188	-48.01	46.014	-2.9686
1949	33.75	-41.777	51.739	1.4586
1950	42.188	-43.935	49.92	0.3303
1952	33.75	-37.238	55.096	3.7847
1953	42.188	-39.543	53.466	3.6084
1955	33.75	-32.432	58.055	5.8657
1956	42.188	-34.866	56.627	6.6541
1958	33.75	-27.391	60.597	7.5672
1959	42.188	-29.939	59.38	9.2706
1961	33.75	-22.154	62.701	8.7795
1962	42.188	-24.795	61.705	11.288
1964	33.75	-16.757	64.354	9.4247
1965	42.188	-19.473	63.585	12.577
1967	33.75	-11.239	65.543	9.4605
1968	42.188	-14.01	65.007	13.05
1970	33.75	-5.6396	66.26	8.8843
1971	42.188	-8.4467	65.961	12.679
1973	33.75	3.4369e-013	66.5	7.7337
1974	42.188	-2.8223	66.44	11.481
1976	33.75	5.6396	66.26	6.0972
1977	42.188	2.8223	66.44	9.5389
1979	33.75	11.239	65.543	4.0604
1980	42.188	8.4467	65.961	7.0099
1982	33.75	16.757	64.354	1.7658
1983	42.188	14.01	65.007	4.0199
1985	33.75	22.154	62.701	-0.64793
1986	42.188	19.473	63.585	0.77108
1988	33.75	27.391	60.597	-3.0207
1989	42.188	24.795	61.705	-2.5302
1991	33.75	32.432	58.055	-5.1992
1992	42.188	29.939	59.38	-5.67
1994	33.75	37.238	55.096	-7.0423
1995	42.188	34.866	56.627	-8.4453
1997	33.75	41.777	51.739	-8.4309
1998	42.188	39.543	53.466	-10.677
2000	33.75	46.014	48.01	-9.2751
2001	42.188	43.935	49.92	-12.22
2003	33.75	49.92	43.935	-9.5201
2004	42.188	48.01	46.014	-12.975
2006	33.75	53.466	39.543	-9.15
2007	42.188	51.739	41.777	-12.892
2009	33.75	56.627	34.866	-8.1885
2010	42.188	55.096	37.238	-11.977
2012	33.75	59.38	29.939	-6.6975
2013	42.188	58.055	32.432	-10.287
2015	33.75	61.705	24.795	-4.7732
2016	42.188	60.597	27.391	-7.9314
2018	33.75	63.585	19.473	-2.539
2019	42.188	62.701	22.154	-5.0614
2021	33.75	65.007	14.01	-0.13915
2022	42.188	64.354	16.757	-1.8624
2024	33.75	65.961	8.4467	2.272
2025	42.188	65.543	11.239	1.46
2027	33.75	66.44	2.8223	4.5336
2028	42.188	66.26	5.6396	4.691
2030	33.75	66.44	-2.8223	6.5001
2031	42.188	66.5	-1.9429e-013	7.6262
2032	33.75	65.961	-8.4467	8.0466
2033	42.188	66.26	-5.6396	10.039
2035	33.75	65.007	-14.01	9.0718
2036	42.188	65.543	-11.239	11.813
2038	33.75	63.585	-19.473	9.5124
2039	42.188	64.354	-16.757	12.827
2041	33.75	61.705	-24.795	9.3395
2042	42.188	62.701	-22.154	13.014
2044	33.75	59.38	-29.939	8.5643
2045	42.188	60.597	-27.391	12.362
2047	33.75	56.627	-34.866	7.2363
2048	42.188	58.055	-32.432	10.913
2050	33.75	53.466	-39.543	5.4411
2051	42.188	55.096	-37.238	8.7604
2053	33.75	49.92	-43.935	3.2944
2054	42.188	51.739	-41.777	6.0419
2056	33.75	46.014	-48.01	0.93493
2057	42.188	48.01	-46.014	2.933
2059	33.75	41.777	-51.739	-1.4849
2060	42.188	43.935	-49.92	-0.36604
2062	33.75	37.238	-55.096	-3.8088
2063	42.188	39.543	-53.466	-3.6424
2065	33.75	32.432	-58.055	-5.8863
2066	42.188	34.866	-56.627	-6.6845
2068	33.75	27.391	-60.597	-7.5833
2069	42.188	29.939	-59.38	-9.2959
2071	33.75	22.154	-62.701	-8.7903
2072	42.188	24.795	-61.705	-11.307
2074	33.75	16.757	-64.354	-9.4298
2075	42.188	19.473	-63.585	-12.588
2077	33.75	11.239	-65.543	-9.4597
2078	42.188	14.01	-65.007	-13.054
2080	33.75	5.6396	-66.26	-8.878
2081	42.188	8.4467	-65.961	-12.675
2083	33.75	1.8838e-014	-66.5	-7.7226
2084	42.188	2.8223	-66.44	-11.47
2086	33.75	-5.6396	-66.26	-6.0825
2087	42.188	-2.8223	-66.44	-9.522
2089	33.75	-11.239	-65.543	-4.0436
2090	42.188	-8.4467	-65.961	-6.9885
2092	33.75	-16.757	-64.354	-1.7483
2093	42.188	-14.01	-65.007	-3.9959
2095	33.75	-22.154	-62.701	0.66278
2096	42.188	-19.473	-63.585	-0.74683
2098	33.75	-27.391	-60.597	3.0356
2099	42.188	-24.795	-61.705	2.5541
2101	33.75	-32.432	-58.055	5.2092
2102	42.188	-29.939	-59.38	5.6877
2104	33.75	-37.238	-55.096	7.0494
2105	42.188	-34.866	-56.627	8.4633
2107	33.75	-41.777	-51.739	8.4375
2108	42.188	-39.543	-53.466	10.699
2110	33.75	-46.014	-48.01	9.2811
2111	42.187	-43.935	-49.92	12.238
2113	33.75	-49.92	-43.935	9.5259
2114	42.188	-48.01	-46.014	12.987
2116	33.75	-53.466	-39.543	9.1561
2117	42.188	-51.739	-41.777	12.897
2119	33.75	-56.627	-34.866	8.1953
2120	42.188	-55.096	-37.238	11.975
2122	33.75	-59.38	-29.939	6.7054
2123	42.187	-58.055	-32.432	10.281
2125	33.75	-61.705	-24.795	4.7825
2126	42.187	-60.597	-27.391	7.9244
2128	33.75	-63.585	-19.473	2.5508
2129	42.188	-62.701	-22.154	5.0569
2131	33.75	-65.007	-14.01	0.15427
2132	42.188	-64.354	-16.757	1.8634
2134	33.75	-65.961	-8.4467	-2.2523
2135	42.188	-65.543	-11.239	-1.4501
2137	42.188	-66.26	-5.6396	-4.6701
2138	33.75	-66.44	-2.8223	-4.5137
2140	50.625	-65.961	8.4467	-14.145
2141	59.063	-66.26	5.6396	-15.966
2142	50.625	-66.44	2.8223	-11.414
2144	50.625	-65.007	14.01	-15.965
2145	59.063	-65.543	11.239	-18.809
2147	50.625	-63.585	19.473	-16.756
2148	59.063	-64.354	16.757	-20.44
2150	50.625	-61.705	24.795	-16.467
2151	59.063	-62.701	22.154	-20.755
2153	50.625	-59.38	29.939	-15.116
2154	59.063	-60.597	27.391	-19.731
2156	50.625	-56.627	34.866	-12.79
2157	59.063	-58.055	32.432	-17.436
2159	50.625	-53.466	39.543	-9.6393
2160	59.063	-55.096	37.238	-14.016
2162	50.625	-49.92	43.935	-5.8658
2163	59.063	-51.739	41.777	-9.6908
2165	50.625	-46.014	48.01	-1.7128
2166	59.063	-48.01	46.014	-4.7395
2168	50.625	-41.777	51.739	2.5518
2169	59.063	-43.935	49.92	0.51919
2171	50.625	-37.238	55.096	6.6529
2172	59.063	-39.543	53.466	5.746
2174	50.625	-32.432	58.055	10.326
2175	59.063	-34.866	56.627	10.604
2177	50.625	-27.391	60.597	13.332
2178	59.063	-29.939	59.38	14.778
2180	50.625	-22.154	62.701	15.478
2181	59.063	-24.795	61.705	17.998
2183	50.625	-16.757	64.354	16.622
2184	59.063	-19.473	63.585	20.055
2186	50.625	-11.239	65.543	16.689
2187	59.063	-14.01	65.007	20.812
2189	50.625	-5.6396	66.26	15.674
2190	59.063	-8.4467	65.961	20.222
2192	50.625	3.4369e-013	66.5	13.63
2193	59.063	-2.8223	66.44	18.308
2195	50.625	5.6396	66.26	10.739
2196	59.063	2.8223	66.44	15.217
2198	50.625	11.239	65.543	7.1511
2199	59.063	8.4467	65.961	11.178
2201	50.625	16.757	64.354	3.1061
2202	59.063	14.01	65.007	6.41
2204	50.625	22.154	62.701	-1.1417
2205	59.063	19.473	63.585	1.2288
2207	50.625	27.391	60.597	-5.3173
2208	59.063	24.795	61.705	-4.0337
2210	50.625	32.432	58.055	-9.1517
2211	59.063	29.939	59.38	-9.0378
2213	50.625	37.238	55.096	-12.397
2214	59.063	34.866	56.627	-13.461
2216	50.625	41.777	51.739	-14.844
2217	59.063	39.543	53.466	-17.018
2219	50.625	46.014	48.01	-16.335
2220	59.063	43.935	49.92	-19.478
2222	50.625	49.92	43.935	-16.771
2223	59.063	48.01	46.014	-20.683
2225	50.625	53.466	39.543	-16.124
2226	59.063	51.739	41.777	-20.553
2228	50.625	56.627	34.866	-14.436
2229	59.063	55.096	37.238	-19.095
2231	50.625	59.38	29.939	-11.813
2232	59.063	58.055	32.432	-16.403
2234	50.625	61.705	24.795	-8.4256
2235	59.063	60.597	27.391	-12.649
2237	50.625	63.585	19.473	-4.4899
2238	59.063	62.701	22.154	-8.0746
2240	50.625	65.007	14.01	-0.26123
2241	59.063	64.354	16.757	-2.9747
2243	50.625	65.961	8.4467	3.9889
2244	59.063	65.543	11.239	2.3223
2246	50.625	66.44	2.8223	7.977
2247	59.063	66.26	5.6396	7.4721
2249	50.625	66.44	-2.8223	11.442
2250	59.063	66.5	-1.9429e-013	12.149
2251	50.625	65.961	-8.4467	14.166
2252	59.063	66.26	-5.6396	15.999
2254	50.625	65.007	-14.01	15.974
2255	59.063	65.543	-11.239	18.829
2257	50.625	63.585	-19.473	16.754
2258	59.063	64.354	-16.757	20.447
2260	50.625	61.705	-24.795	16.454
2261	59.063	62.701	-22.154	20.747
2263	50.625	59.38	-29.939	15.093
2264	59.063	60.597	-27.391	19.711
2266	50.625	56.627	-34.866	12.758
2267	59.063	58.055	-32.432	17.404
2269	50.625	53.466	-39.543	9.6008
2270	59.063	55.096	-37.238	13.974
2272	50.625	49.92	-43.935	5.823
2273	59.063	51.739	-41.777	9.6421
2275	50.625	46.014	-48.01	1.6682
2276	59.063	48.01	-46.014	4.6866
2278	50.625	41.777	-51.739	-2.5958
2279	59.063	43.935	-49.92	-0.57325
2281	50.625	37.238	-55.096	-6.6938
2282	59.063	39.543	-53.466	-5.7982
2284	50.625	32.432	-58.055	-10.361
2285	59.063	34.866	-56.627	-10.651
2287	50.625	27.391	-60.597	-13.361
2288	59.063	29.939	-59.38	-14.818
2290	50.625	22.154	-62.701	-15.498
2291	59.063	24.795	-61.705	-18.028
2293	50.625	16.757	-64.354	-16.632
2294	59.063	19.473	-63.585	-20.075
2296	50.625	11.239	-65.543	-16.689
2297	59.063	14.01	-65.007	-20.82
2299	50.625	5.6396	-66.26	-15.665
2300	59.063	8.4467	-65.961	-20.218
2302	50.625	1.8838e-014	-66.5	-13.612
2303	59.063	2.8223	-66.44	-18.292
2305	50.625	-5.6396	-66.26	-10.714
2306	59.063	-2.8223	-66.44	-15.191
2308	50.625	-11.239	-65.543	-7.1216
2309	59.063	-8.4467	-65.961	-11.144
2311	50.625	-16.757	-64.354	-3.0732
2312	59.063	-14.01	-65.007	-6.3702
2314	50.625	-22.154	-62.701	1.1749
2315	59.063	-19.473	-63.585	-1.1859
2317	50.625	-27.391	-60.597	5.3527
2318	59.063	-24.795	-61.705	4.078
2320	50.625	-32.432	-58.055	9.182
2321	59.063	-29.939	-59.38	9.0771
2323	50.625	-37.238	-55.096	12.428
2324	59.063	-34.866	-56.627	13.498
2326	50.625	-41.777	-51.739	14.872
2327	59.063	-39.543	-53.466	17.059
2329	50.625	-46.014	-48.01	16.355
2330	59.063	-43.935	-49.92	19.51
2332	50.625	-49.92	-43.935	16.782
2333	59.063	-48.01	-46.014	20.702
2335	50.625	-53.466	-39.543	16.125
2336	59.063	-51.739	-41.777	20.558
2338	50.625	-56.627	-34.866	14.429
2339	59.063	-55.096	-37.238	19.087
2341	50.625	-59.38	-29.939	11.802
2342	59.063	-58.055	-32.432	16.385
2344	50.625	-61.705	-24.795	8.4149
2345	59.062	-60.597	-27.391	12.628
2347	50.625	-63.585	-19.473	4.4857
2348	59.063	-62.701	-22.154	8.0575
2350	50.625	-65.007	-14.01	0.2677
2351	59.063	-64.354	-16.757	2.9682
2353	50.625	-65.961	-8.4467	-3.9673
2354	59.063	-65.543	-11.239	-2.3119
2356	59.063	-66.26	-5.6396	-7.4427
2357	50.625	-66.44	-2.8223	-7.9466
2359	67.5	-65.961	8.4467	-21.052
2360	75.938	-66.26	5.6396	-22.502
2361	67.5	-66.44	2.8223	-16.987
2363	67.5	-65.007	14.01	-23.761
2364	75.938	-65.543	11.239	-26.51
2366	67.5	-63.585	19.473	-24.94
2367	75.938	-64.354	16.757	-28.811
2369	67.5	-61.705	24.795	-24.511
2370	75.938	-62.701	22.154	-29.255
2372	67.5	-59.38	29.939	-22.502
2373	75.938	-60.597	27.391	-27.814
2375	67.5	-56.627	34.866	-19.043
2376	75.938	-58.055	32.432	-24.58
2378	67.5	-53.466	39.543	-14.354
2379	75.938	-55.096	37.238	-19.76
2381	67.5	-49.92	43.935	-8.738
2382	75.938	-51.739	41.777	-13.665
2384	67.5	-46.014	48.01	-2.5563
2385	75.938	-48.01	46.014	-6.686
2387	67.5	-41.777	51.739	3.7926
2388	75.938	-43.935	49.92	0.72705
2390	67.5	-37.238	55.096	9.8991
2391	75.938	-39.543	53.466	8.0962
2393	67.5	-32.432	58.055	15.369
2394	75.938	-34.866	56.627	14.946
2396	67.5	-27.391	60.597	19.847
2397	75.938	-29.939	59.38	20.832
2399	67.5	-22.154	62.701	23.042
2400	75.938	-24.795	61.705	25.374
2402	67.5	-16.757	64.354	24.747
2403	75.938	-19.473	63.585	28.275
2405	67.5	-11.239	65.543	24.846
2406	75.938	-14.01	65.007	29.344
2408	67.5	-5.6396	66.26	23.335
2409	75.938	-8.4467	65.961	28.512
2411	67.5	3.4369e-013	66.5	20.289
2412	75.938	-2.8223	66.44	25.813
2414	67.5	5.6396	66.26	15.986
2415	75.938	2.8223	66.44	21.457
2417	67.5	11.239	65.543	10.648
2418	75.938	8.4467	65.961	15.758
2420	67.5	16.757	64.354	4.6253
2421	75.938	14.01	65.007	9.0378
2423	67.5	22.154	62.701	-1.6979
2424	75.938	19.473	63.585	1.7337
2426	67.5	27.391	60.597	-7.9137
2427	75.938	24.795	61.705	-5.6844
2429	67.5	32.432	58.055	-13.622
2430	75.938	29.939	59.38	-12.739
2432	67.5	37.238	55.096	-18.453
2433	75.938	34.866	56.627	-18.974
2435	67.5	41.777	51.739	-22.097
2436	75.938	39.543	53.466	-23.988
2438	67.5	46.014	48.01	-24.316
2439	75.938	43.935	49.92	-27.458
2441	67.5	49.92	43.935	-24.967
2442	75.938	48.01	46.014	-29.157
2444	67.5	53.466	39.543	-24.006
2445	75.938	51.739	41.777	-28.975
2447	67.5	56.627	34.866	-21.494
2448	75.938	55.096	37.238	-26.922
2450	67.5	59.38	29.939	-17.592
2451	75.938	58.055	32.432	-23.128
2453	67.5	61.705	24.795	-12.549
2454	75.938	60.597	27.391	-17.837
2456	67.5	63.585	19.473	-6.6907
2457	75.938	62.701	22.154	-11.389
2459	67.5	65.007	14.01	-0.39617
2460	75.938	64.354	16.757	-4.1992
2462	67.5	65.961	8.4467	5.9309
2463	75.938	65.543	11.239	3.2685
2465	67.5	66.44	2.8223	11.871
2466	75.938	66.26	5.6396	10.529
2468	67.5	66.44	-2.8223	17.03
2469	75.938	66.5	-1.9429e-013	17.121
2470	67.5	65.961	-8.4467	21.084
2471	75.938	66.26	-5.6396	22.549
2473	67.5	65.007	-14.01	23.778
2474	75.938	65.543	-11.239	26.54
2476	67.5	63.585	-19.473	24.94
2477	75.938	64.354	-16.757	28.822
2479	67.5	61.705	-24.795	24.496
2480	75.938	62.701	-22.154	29.248
2482	67.5	59.38	-29.939	22.473
2483	75.938	60.597	-27.391	27.789
2485	67.5	56.627	-34.866	19.
2486	75.938	58.055	-32.432	24.539
2488	67.5	53.466	-39.543	14.301
2489	75.938	55.096	-37.238	19.706
2491	67.5	49.92	-43.935	8.6782
2492	75.938	51.739	-41.777	13.6
2494	67.5	46.014	-48.01	2.493
2495	75.938	48.01	-46.014	6.6146
2497	67.5	41.777	-51.739	-3.8558
2498	75.938	43.935	-49.92	-0.80074
2500	67.5	37.238	-55.096	-9.9586
2501	75.938	39.543	-53.466	-8.168
2503	67.5	32.432	-58.055	-15.421
2504	75.938	34.866	-56.627	-15.011
2506	67.5	27.391	-60.597	-19.889
2507	75.938	29.939	-59.38	-20.888
2509	67.5	22.154	-62.701	-23.073
2510	75.938	24.795	-61.705	-25.417
2512	67.5	16.757	-64.354	-24.764
2513	75.938	19.473	-63.585	-28.303
2515	67.5	11.239	-65.543	-24.849
2516	75.938	14.01	-65.007	-29.355
2518	67.5	5.6396	-66.26	-23.324
2519	75.938	8.4467	-65.961	-28.506
2521	67.5	1.8838e-014	-66.5	-20.264
2522	75.938	2.8223	-66.44	-25.791
2524	67.5	-5.6396	-66.26	-15.949
2525	75.938	-2.8223	-66.44	-21.421
2527	67.5	-11.239	-65.543	-10.603
2528	75.938	-8.4467	-65.961	-15.71
2530	67.5	-16.757	-64.354	-4.5741
2531	75.938	-14.01	-65.007	-8.9802
2533	67.5	-22.154	-62.701	1.7509
2534	75.938	-19.473	-63.585	-1.671
2536	67.5	-27.391	-60.597	7.9692
2537	75.938	-24.795	-61.705	5.7494
2539	67.5	-32.432	-58.055	13.668
2540	75.938	-29.939	-59.38	12.799
2542	67.5	-37.238	-55.096	18.502
2543	75.938	-34.866	-56.627	19.031
2545	67.5	-41.777	-51.739	22.141
2546	75.938	-39.543	-53.466	24.049
2548	67.5	-46.014	-48.01	24.347
2549	75.938	-43.935	-49.92	27.504
2551	67.5	-49.92	-43.935	24.981
2552	75.938	-48.01	-46.014	29.183
2554	67.5	-53.466	-39.543	24.002
2555	75.938	-51.739	-41.777	28.978
2557	67.5	-56.627	-34.866	21.476
2558	75.938	-55.096	-37.238	26.904
2560	67.5	-59.38	-29.939	17.565
2561	75.938	-58.055	-32.432	23.095
2563	67.5	-61.705	-24.795	12.523
2564	75.938	-60.597	-27.391	17.799
2566	67.5	-63.585	-19.473	6.6749
2567	75.938	-62.701	-22.154	11.356
2569	67.5	-65.007	-14.01	0.39742
2570	75.938	-64.354	-16.757	4.183
2572	67.5	-65.961	-8.4467	-5.9051
2573	75.938	-65.543	-11.239	-3.2588
2575	75.938	-66.26	-5.6396	-10.49
2576	67.5	-66.44	-2.8223	-11.827
2578	84.375	-65.961	8.4467	-28.407
2579	92.813	-66.26	5.6396	-29.263
2580	84.375	-66.44	2.8223	-22.921
2582	84.375	-65.007	14.01	-32.063
2583	92.813	-65.543	11.239	-34.475
2585	84.375	-63.585	19.473	-33.654
2586	92.813	-64.354	16.757	-37.467
2588	84.375	-61.705	24.795	-33.076
2589	92.813	-62.701	22.154	-38.045
2591	84.375	-59.38	29.939	-30.367
2592	92.813	-60.597	27.391	-36.172
2594	84.375	-56.627	34.866	-25.699
2595	92.813	-58.055	32.432	-31.968
2597	84.375	-53.466	39.543	-19.373
2598	92.813	-55.096	37.238	-25.701
2600	84.375	-49.92	43.935	-11.795
2601	92.813	-51.739	41.777	-17.774
2603	84.375	-46.014	48.01	-3.4536
2604	92.813	-48.01	46.014	-8.6984
2606	84.375	-41.777	51.739	5.1147
2607	92.813	-43.935	49.92	0.94268
2609	84.375	-37.238	55.096	13.357
2610	92.813	-39.543	53.466	10.527
2612	84.375	-32.432	58.055	20.739
2613	92.813	-34.866	56.627	19.436
2615	84.375	-27.391	60.597	26.785
2616	92.813	-29.939	59.38	27.094
2618	84.375	-22.154	62.701	31.099
2619	92.813	-24.795	61.705	33.002
2621	84.375	-16.757	64.354	33.401
2622	92.813	-19.473	63.585	36.777
2624	84.375	-11.239	65.543	33.537
2625	92.813	-14.01	65.007	38.168
2627	84.375	-5.6396	66.26	31.496
2628	92.813	-8.4467	65.961	37.086
2630	84.375	3.4369e-013	66.5	27.381
2631	92.813	-2.8223	66.44	33.577
2633	84.375	5.6396	66.26	21.574
2634	92.813	2.8223	66.44	27.91
2636	84.375	11.239	65.543	14.372
2637	92.813	8.4467	65.961	20.495
2639	84.375	16.757	64.354	6.2434
2640	92.813	14.01	65.007	11.756
2642	84.375	22.154	62.701	-2.2897
2643	92.813	19.473	63.585	2.2566
2645	84.375	27.391	60.597	-10.678
2646	92.813	24.795	61.705	-7.391
2648	84.375	32.432	58.055	-18.381
2649	92.813	29.939	59.38	-16.565
2651	84.375	37.238	55.096	-24.902
2652	92.813	34.866	56.627	-24.675
2654	84.375	41.777	51.739	-29.819
2655	92.813	39.543	53.466	-31.198
2657	84.375	46.014	48.01	-32.815
2658	92.813	43.935	49.92	-35.71
2660	84.375	49.92	43.935	-33.695
2661	92.813	48.01	46.014	-37.921
2663	84.375	53.466	39.543	-32.399
2664	92.813	51.739	41.777	-37.686
2666	84.375	56.627	34.866	-29.011
2667	92.813	55.096	37.238	-35.017
2669	84.375	59.38	29.939	-23.745
2670	92.813	58.055	32.432	-30.084
2672	84.375	61.705	24.795	-16.94
2673	92.813	60.597	27.391	-23.203
2675	84.375	63.585	19.473	-9.0345
2676	92.813	62.701	22.154	-14.816
2678	84.375	65.007	14.01	-0.53928
2679	92.813	64.354	16.757	-5.4656
2681	84.375	65.961	8.4467	8.0006
2682	92.813	65.543	11.239	4.2475
2684	84.375	66.44	2.8223	16.019
2685	92.813	66.26	5.6396	13.691
2687	84.375	66.44	-2.8223	22.981
2688	92.813	66.5	-1.9429e-013	22.264
2689	84.375	65.961	-8.4467	28.451
2690	92.813	66.26	-5.6396	29.324
2692	84.375	65.007	-14.01	32.087
2693	92.813	65.543	-11.239	34.514
2695	84.375	63.585	-19.473	33.657
2696	92.813	64.354	-16.757	37.483
2698	84.375	61.705	-24.795	33.059
2699	92.813	62.701	-22.154	38.038
2701	84.375	59.38	-29.939	30.33
2702	92.813	60.597	-27.391	36.142
2704	84.375	56.627	-34.866	25.646
2705	92.813	58.055	-32.432	31.917
2707	84.375	53.466	-39.543	19.306
2708	92.813	55.096	-37.238	25.633
2710	84.375	49.92	-43.935	11.718
2711	92.813	51.739	-41.777	17.693
2713	84.375	46.014	-48.01	3.3708
2714	92.813	48.01	-46.014	8.6082
2716	84.375	41.777	-51.739	-5.1979
2717	92.813	43.935	-49.92	-1.0363
2719	84.375	37.238	-55.096	-13.435
2720	92.813	39.543	-53.466	-10.619
2722	84.375	32.432	-58.055	-20.809
2723	92.813	34.866	-56.627	-19.521
2725	84.375	27.391	-60.597	-26.842
2726	92.813	29.939	-59.38	-27.166
2728	84.375	22.154	-62.701	-31.14
2729	92.813	24.795	-61.705	-33.058
2731	84.375	16.757	-64.354	-33.424
2732	92.813	19.473	-63.585	-36.814
2734	84.375	11.239	-65.543	-33.54
2735	92.813	14.01	-65.007	-38.183
2737	84.375	5.6396	-66.26	-31.481
2738	92.813	8.4467	-65.961	-37.078
2740	84.375	1.8838e-014	-66.5	-27.347
2741	92.813	2.8223	-66.44	-33.548
2743	84.375	-5.6396	-66.26	-21.524
2744	92.813	-2.8223	-66.44	-27.862
2746	84.375	-11.239	-65.543	-14.31
2747	92.813	-8.4467	-65.961	-20.431
2749	84.375	-16.757	-64.354	-6.1727
2750	92.813	-14.01	-65.007	-11.68
2752	84.375	-22.154	-62.701	2.3635
2753	92.813	-19.473	-63.585	-2.1737
2755	84.375	-27.391	-60.597	10.755
2756	92.813	-24.795	-61.705	7.4772
2758	84.375	-32.432	-58.055	18.444
2759	92.813	-29.939	-59.38	16.645
2761	84.375	-37.238	-55.096	24.969
2762	92.813	-34.866	-56.627	24.754
2764	84.375	-41.777	-51.739	29.881
2765	92.813	-39.543	-53.466	31.276
2767	84.375	-46.014	-48.01	32.857
2768	92.813	-43.935	-49.92	35.771
2770	84.375	-49.92	-43.935	33.711
2771	92.813	-48.01	-46.014	37.954
2773	84.375	-53.466	-39.543	32.39
2774	92.813	-51.739	-41.777	37.687
2776	84.375	-56.627	-34.866	28.98
2777	92.813	-55.096	-37.238	34.988
2779	84.375	-59.38	-29.939	23.702
2780	92.813	-58.055	-32.432	30.035
2782	84.375	-61.705	-24.795	16.898
2783	92.813	-60.597	-27.391	23.147
2785	84.375	-63.585	-19.473	9.0069
2786	92.813	-62.701	-22.154	14.768
2788	84.375	-65.007	-14.01	0.53629
2789	92.813	-64.354	-16.757	5.44
2791	84.375	-65.961	-8.4467	-7.9679
2792	92.813	-65.543	-11.239	-4.2374
2794	92.813	-66.26	-5.6396	-13.641
2795	84.375	-66.44	-2.8223	-15.958
2797	101.25	-65.961	8.4467	-35.8
2798	109.69	-66.26	5.6396	-35.885
2799	101.25	-66.44	2.8223	-28.886
2801	101.25	-65.007	14.01	-40.409
2802	109.69	-65.543	11.239	-42.277
2804	101.25	-63.585	19.473	-42.414
2805	109.69	-64.354	16.757	-45.946
2807	101.25	-61.705	24.795	-41.687
2808	109.69	-62.701	22.154	-46.656
2810	101.25	-59.38	29.939	-38.273
2811	109.69	-60.597	27.391	-44.359
2813	101.25	-56.627	34.866	-32.391
2814	109.69	-58.055	32.432	-39.202
2816	101.25	-53.466	39.543	-24.419
2817	109.69	-55.096	37.238	-31.517
2819	101.25	-49.92	43.935	-14.868
2820	109.69	-51.739	41.777	-21.797
2822	101.25	-46.014	48.01	-4.3543
2823	109.69	-48.01	46.014	-10.666
2825	101.25	-41.777	51.739	6.4451
2826	109.69	-43.935	49.92	1.1569
2828	101.25	-37.238	55.096	16.833
2829	109.69	-39.543	53.466	12.911
2831	101.25	-32.432	58.055	26.139
2832	109.69	-34.866	56.627	23.836
2834	101.25	-27.391	60.597	33.759
2835	109.69	-29.939	59.38	33.225
2837	101.25	-22.154	62.701	39.197
2838	109.69	-24.795	61.705	40.469
2840	101.25	-16.757	64.354	42.099
2841	109.69	-19.473	63.585	45.096
2843	101.25	-11.239	65.543	42.27
2844	109.69	-14.01	65.007	46.799
2846	101.25	-5.6396	66.26	39.695
2847	109.69	-8.4467	65.961	45.472
2849	101.25	3.4369e-013	66.5	34.506
2850	109.69	-2.8223	66.44	41.176
2852	101.25	5.6396	66.26	27.192
2853	109.69	2.8223	66.44	34.229
2855	101.25	11.239	65.543	18.116
2856	109.69	8.4467	65.961	25.135
2858	101.25	16.757	64.354	7.8708
2859	109.69	14.01	65.007	14.417
2861	101.25	22.154	62.701	-2.8843
2862	109.69	19.473	63.585	2.7672
2864	101.25	27.391	60.597	-13.457
2865	109.69	24.795	61.705	-9.064
2867	101.25	32.432	58.055	-23.166
2868	109.69	29.939	59.38	-20.315
2870	101.25	37.238	55.096	-31.385
2871	109.69	34.866	56.627	-30.261
2873	101.25	41.777	51.739	-37.583
2874	109.69	39.543	53.466	-38.26
2876	101.25	46.014	48.01	-41.36
2877	109.69	43.935	49.92	-43.794
2879	101.25	49.92	43.935	-42.47
2880	109.69	48.01	46.014	-46.505
2882	101.25	53.466	39.543	-40.838
2883	109.69	51.739	41.777	-46.216
2885	101.25	56.627	34.866	-36.567
2886	109.69	55.096	37.238	-42.942
2888	101.25	59.38	29.939	-29.93
2889	109.69	58.055	32.432	-36.892
2891	101.25	61.705	24.795	-21.354
2892	109.69	60.597	27.391	-28.453
2894	101.25	63.585	19.473	-11.39
2895	109.69	62.701	22.154	-18.168
2897	101.25	65.007	14.01	-0.68243
2898	109.69	64.354	16.757	-6.7018
2900	101.25	65.961	8.4467	10.081
2901	109.69	65.543	11.239	5.2076
2903	101.25	66.44	2.8223	20.189
2904	109.69	66.26	5.6396	16.786
2906	101.25	66.44	-2.8223	28.963
2907	109.69	66.5	-1.9429e-013	27.297
2908	101.25	65.961	-8.4467	35.856
2909	109.69	66.26	-5.6396	35.958
2911	101.25	65.007	-14.01	40.439
2912	109.69	65.543	-11.239	42.322
2914	101.25	63.585	-19.473	42.419
2915	109.69	64.354	-16.757	45.965
2917	101.25	61.705	-24.795	41.667
2918	109.69	62.701	-22.154	46.647
2920	101.25	59.38	-29.939	38.229
2921	109.69	60.597	-27.391	44.323
2923	101.25	56.627	-34.866	32.326
2924	109.69	58.055	-32.432	39.142
2926	101.25	53.466	-39.543	24.336
2927	109.69	55.096	-37.238	31.436
2929	101.25	49.92	-43.935	14.773
2930	109.69	51.739	-41.777	21.699
2932	101.25	46.014	-48.01	4.2521
2933	109.69	48.01	-46.014	10.558
2935	101.25	41.777	-51.739	-6.5483
2936	109.69	43.935	-49.92	-1.2698
2938	101.25	37.238	-55.096	-16.931
2939	109.69	39.543	-53.466	-13.021
2941	101.25	32.432	-58.055	-26.226
2942	109.69	34.866	-56.627	-23.938
2944	101.25	27.391	-60.597	-33.83
2945	109.69	29.939	-59.38	-33.313
2947	101.25	22.154	-62.701	-39.248
2948	109.69	24.795	-61.705	-40.537
2950	101.25	16.757	-64.354	-42.127
2951	109.69	19.473	-63.585	-45.14
2953	101.25	11.239	-65.543	-42.274
2954	109.69	14.01	-65.007	-46.817
2956	101.25	5.6396	-66.26	-39.675
2957	109.69	8.4467	-65.961	-45.462
2959	101.25	1.8838e-014	-66.5	-34.463
2960	109.69	2.8223	-66.44	-41.14
2962	101.25	-5.6396	-66.26	-27.128
2963	109.69	-2.8223	-66.44	-34.17
2965	101.25	-11.239	-65.543	-18.037
2966	109.69	-8.4467	-65.961	-25.056
2968	101.25	-16.757	-64.354	-7.7808
2969	109.69	-14.01	-65.007	-14.323
2971	101.25	-22.154	-62.701	2.9777
2972	109.69	-19.473	-63.585	-2.6661
2974	101.25	-27.391	-60.597	13.555
2975	109.69	-24.795	-61.705	9.1685
2977	101.25	-32.432	-58.055	23.241
2978	109.69	-29.939	-59.38	20.409
2980	101.25	-37.238	-55.096	31.464
2981	109.69	-34.866	-56.627	30.357
2983	101.25	-41.777	-51.739	37.66
2984	109.69	-39.543	-53.466	38.349
2986	101.25	-46.014	-48.01	41.41
2987	109.69	-43.935	-49.92	43.862
2989	101.25	-49.92	-43.935	42.487
2990	109.69	-48.01	-46.014	46.542
2992	101.25	-53.466	-39.543	40.822
2993	109.69	-51.739	-41.777	46.215
2995	101.25	-56.627	-34.866	36.524
2996	109.69	-55.096	-37.238	42.907
2998	101.25	-59.38	-29.939	29.873
2999	109.69	-58.055	-32.432	36.833
3001	101.25	-61.705	-24.795	21.298
3002	109.69	-60.597	-27.391	28.386
3004	101.25	-63.585	-19.473	11.352
3005	109.69	-62.701	-22.154	18.112
3007	101.25	-65.007	-14.01	0.67662
3008	109.69	-64.354	-16.757	6.6726
3010	101.25	-65.961	-8.4467	-10.041
3011	109.69	-65.543	-11.239	-5.1952
3013	109.69	-66.26	-5.6396	-16.727
3014	101.25	-66.44	-2.8223	-20.112
3016	118.13	-65.961	8.4467	-42.998
3017	126.56	-66.26	5.6396	-42.684
3018	118.13	-66.44	2.8223	-34.694
3020	118.13	-65.007	14.01	-48.533
3021	126.56	-65.543	11.239	-50.287
3023	118.13	-63.585	19.473	-50.942
3024	126.56	-64.354	16.757	-54.652
3026	118.13	-61.705	24.795	-50.069
3027	126.56	-62.701	22.154	-55.497
3029	118.13	-59.38	29.939	-45.969
3030	126.56	-60.597	27.391	-52.766
3032	118.13	-56.627	34.866	-38.904
3033	126.56	-58.055	32.432	-46.634
3035	118.13	-53.466	39.543	-29.329
3036	126.56	-55.096	37.238	-37.493
3038	118.13	-49.92	43.935	-17.858
3039	126.56	-51.739	41.777	-25.932
3041	118.13	-46.014	48.01	-5.2305
3042	126.56	-48.01	46.014	-12.693
3044	118.13	-41.777	51.739	7.7403
3045	126.56	-43.935	49.92	1.3705
3047	118.13	-37.238	55.096	20.217
3048	126.56	-39.543	53.466	15.352
3050	118.13	-32.432	58.055	31.394
3051	126.56	-34.866	56.627	28.349
3053	118.13	-27.391	60.597	40.546
3054	126.56	-29.939	59.38	39.521
3056	118.13	-22.154	62.701	47.078
3057	126.56	-24.795	61.705	48.141
3059	118.13	-16.757	64.354	50.564
3060	126.56	-19.473	63.585	53.65
3062	118.13	-11.239	65.543	50.767
3063	126.56	-14.01	65.007	55.68
3065	118.13	-5.6396	66.26	47.67
3066	126.56	-8.4467	65.961	54.106
3068	118.13	3.4369e-013	66.5	41.439
3069	126.56	-2.8223	66.44	48.995
3071	118.13	5.6396	66.26	32.654
3072	126.56	2.8223	66.44	40.711
3074	118.13	11.239	65.543	21.756
3075	126.56	8.4467	65.961	29.901
3077	118.13	16.757	64.354	9.453
3078	126.56	14.01	65.007	17.155
3080	118.13	22.154	62.701	-3.4638
3081	126.56	19.473	63.585	3.2988
3083	118.13	27.391	60.597	-16.162
3084	126.56	24.795	61.705	-10.776
3086	118.13	32.432	58.055	-27.824
3087	126.56	29.939	59.38	-24.161
3089	118.13	37.238	55.096	-37.696
3090	126.56	34.866	56.627	-35.993
3092	118.13	41.777	51.739	-45.142
3093	126.56	39.543	53.466	-45.51
3095	118.13	46.014	48.01	-49.678
3096	126.56	43.935	49.92	-52.095
3098	118.13	49.92	43.935	-51.011
3099	126.56	48.01	46.014	-55.322
3101	118.13	53.466	39.543	-49.05
3102	126.56	51.739	41.777	-54.979
3104	118.13	56.627	34.866	-43.92
3105	126.56	55.096	37.238	-51.086
3107	118.13	59.38	29.939	-35.949
3108	126.56	58.055	32.432	-43.89
3110	118.13	61.705	24.795	-25.648
3111	126.56	60.597	27.391	-33.852
3113	118.13	63.585	19.473	-13.68
3114	126.56	62.701	22.154	-21.617
3116	118.13	65.007	14.01	-0.81972
3117	126.56	64.354	16.757	-7.9751
3119	118.13	65.961	8.4467	12.106
3120	126.56	65.543	11.239	6.1943
3122	118.13	66.44	2.8223	24.241
3123	126.56	66.26	5.6396	19.971
3125	118.13	66.44	-2.8223	34.779
3126	126.56	66.5	-1.9429e-013	32.471
3127	118.13	65.961	-8.4467	43.06
3128	126.56	66.26	-5.6396	42.774
3130	118.13	65.007	-14.01	48.568
3131	126.56	65.543	-11.239	50.342
3133	118.13	63.585	-19.473	50.948
3134	126.56	64.354	-16.757	54.674
3136	118.13	61.705	-24.795	50.045
3137	126.56	62.701	-22.154	55.486
3139	118.13	59.38	-29.939	45.917
3140	126.56	60.597	-27.391	52.724
3142	118.13	56.627	-34.866	38.827
3143	126.56	58.055	-32.432	46.563
3145	118.13	53.466	-39.543	29.231
3146	126.56	55.096	-37.238	37.398
3148	118.13	49.92	-43.935	17.746
3149	126.56	51.739	-41.777	25.818
3151	118.13	46.014	-48.01	5.1097
3152	126.56	48.01	-46.014	12.566
3154	118.13	41.777	-51.739	-7.8625
3155	126.56	43.935	-49.92	-1.503
3157	118.13	37.238	-55.096	-20.334
3158	126.56	39.543	-53.466	-15.483
3160	118.13	32.432	-58.055	-31.498
3161	126.56	34.866	-56.627	-28.47
3163	118.13	27.391	-60.597	-40.631
3164	126.56	29.939	-59.38	-39.624
3166	118.13	22.154	-62.701	-47.139
3167	126.56	24.795	-61.705	-48.221
3169	118.13	16.757	-64.354	-50.598
3170	126.56	19.473	-63.585	-53.702
3172	118.13	11.239	-65.543	-50.772
3173	126.56	14.01	-65.007	-55.701
3175	118.13	5.6396	-66.26	-47.645
3176	126.56	8.4467	-65.961	-54.094
3178	118.13	1.8838e-014	-66.5	-41.386
3179	126.56	2.8223	-66.44	-48.951
3181	118.13	-5.6396	-66.26	-32.577
3182	126.56	-2.8223	-66.44	-40.638
3184	118.13	-11.239	-65.543	-21.66
3185	126.56	-8.4467	-65.961	-29.803
3187	118.13	-16.757	-64.354	-9.3452
3188	126.56	-14.01	-65.007	-17.038
3190	118.13	-22.154	-62.701	3.573
3191	126.56	-19.473	-63.585	-3.173
3193	118.13	-27.391	-60.597	16.276
3194	126.56	-24.795	-61.705	10.903
3196	118.13	-32.432	-58.055	27.907
3197	126.56	-29.939	-59.38	24.266
3199	118.13	-37.238	-55.096	37.781
3200	126.56	-34.866	-56.627	36.118
3202	118.13	-41.777	-51.739	45.23
3203	126.56	-39.543	-53.466	45.623
3205	118.13	-46.014	-48.01	49.736
3206	126.56	-43.935	-49.92	52.178
3208	118.13	-49.92	-43.935	51.03
3209	126.56	-48.01	-46.014	55.364
3211	118.13	-53.466	-39.543	49.03
3212	126.56	-51.739	-41.777	54.974
3214	118.13	-56.627	-34.866	43.869
3215	126.56	-55.096	-37.238	51.038
3217	118.13	-59.38	-29.939	35.88
3218	126.56	-58.055	-32.432	43.813
3220	118.13	-61.705	-24.795	25.581
3221	126.56	-60.597	-27.391	33.765
3223	118.13	-63.585	-19.473	13.636
3224	126.56	-62.701	-22.154	21.544
3226	118.13	-65.007	-14.01	0.81381
3227	126.56	-64.354	-16.757	7.9367
3229	118.13	-65.961	-8.4467	-12.059
3230	126.56	-65.543	-11.239	-6.1796
3232	118.13	-66.44	-2.8223	-24.154
3233	126.56	-66.26	-5.6396	-19.896
3235	135.	-66.44	2.8223	-41.801
3236	135.	-65.961	8.4467	-51.807
3238	25.313	-66.5	-8.1439e-015	-3.6881
3240	42.188	-66.5	-8.1439e-015	-7.5891
3242	59.063	-66.5	-8.1439e-015	-12.094
3244	75.938	-66.5	-8.1439e-015	-17.045
3246	92.813	-66.5	-8.1439e-015	-22.166
3248	109.69	-66.5	-8.1439e-015	-27.181
3250	126.56	-66.5	-8.1439e-015	-32.331
3252	135.	-66.44	-2.8223	-29.103
3254	135.	-65.961	-8.4467	-14.53
3256	135.	-65.007	-14.01	0.97957
3258	135.	-63.585	-19.473	16.428
3260	135.	-61.705	-24.795	30.821
3262	135.	-59.38	-29.939	43.231
3264	135.	-56.627	-34.866	52.857
3266	135.	-53.466	-39.543	59.077
3268	135.	-49.92	-43.935	61.487
3270	135.	-46.014	-48.01	59.927
3272	135.	-41.777	-51.739	54.494
3274	135.	-37.238	-55.096	45.509
3276	135.	-32.432	-58.055	33.622
3278	135.	-27.391	-60.597	19.632
3280	135.	-22.154	-62.701	4.3157
3282	135.	-16.757	-64.354	-11.263
3284	135.	-11.239	-65.543	-26.116
3286	135.	-5.6396	-66.26	-39.271
3288	135.	4.072e-015	-66.5	-49.865
3290	135.	5.6396	-66.26	-57.407
3292	135.	11.239	-65.543	-61.182
3294	135.	16.757	-64.354	-60.975
3296	135.	22.154	-62.701	-56.806
3298	135.	27.391	-60.597	-48.961
3300	135.	32.432	-58.055	-37.951
3302	135.	37.238	-55.096	-24.496
3304	135.	41.777	-51.739	-9.4662
3306	135.	46.014	-48.01	6.1656
3308	135.	49.92	-43.935	21.391
3310	135.	53.466	-39.543	35.229
3312	135.	56.627	-34.866	46.789
3314	135.	59.38	-29.939	55.328
3316	135.	61.705	-24.795	60.299
3318	135.	63.585	-19.473	61.384
3320	135.	65.007	-14.01	58.515
3322	135.	65.961	-8.4467	51.878
3324	135.	66.44	-2.8223	41.912
3326	135.	66.44	2.8223	29.226
3327	135.	65.961	8.4467	14.6
3329	135.	65.007	14.01	-0.98236
3331	135.	63.585	19.473	-16.484
3333	135.	61.705	24.795	-30.909
3335	135.	59.38	29.939	-43.324
3337	135.	56.627	34.866	-52.929
3339	135.	53.466	39.543	-59.109
3341	135.	49.92	43.935	-61.469
3343	135.	46.014	48.01	-59.861
3345	135.	41.777	51.739	-54.391
3347	135.	37.238	55.096	-45.417
3349	135.	32.432	58.055	-33.519
3351	135.	27.391	60.597	-19.464
3353	135.	22.154	62.701	-4.1589
3355	135.	16.757	64.354	11.41
3357	135.	11.239	65.543	26.241
3359	135.	5.6396	66.26	39.37
3361	135.	3.7322e-013	66.5	49.933
3363	135.	-5.6396	66.26	57.439
3365	135.	-11.239	65.543	61.178
3367	135.	-16.757	64.354	60.935
3369	135.	-22.154	62.701	56.733
3371	135.	-27.391	60.597	48.858
3373	135.	-32.432	58.055	37.827
3375	135.	-37.238	55.096	24.357
3377	135.	-41.777	51.739	9.3208
3379	135.	-46.014	48.01	-6.309
3381	135.	-49.92	43.935	-21.524
3383	135.	-53.466	39.543	-35.344
3385	135.	-56.627	34.866	-46.88
3387	135.	-59.38	29.939	-55.391
3389	135.	-61.705	24.795	-60.329
3391	135.	-63.585	19.473	-61.38
3393	135.	-65.007	14.01	-58.476
