節点番号	X 座標 (mm)	Y 座標 (mm)	Z 座標 (mm)	各方向での変形量 (mm)
80	0.	-66.5	-8.1439e-015	0.
81	0.	-66.26	-5.6396	0.
82	0.	-65.543	-11.239	0.
83	0.	-64.354	-16.757	0.
84	0.	-62.701	-22.154	0.
85	0.	-60.597	-27.391	0.
86	0.	-58.055	-32.432	0.
87	0.	-55.096	-37.238	0.
88	0.	-51.739	-41.777	0.
89	0.	-48.01	-46.014	0.
90	0.	-43.935	-49.92	0.
91	0.	-39.543	-53.466	0.
92	0.	-34.866	-56.627	0.
93	0.	-29.939	-59.38	0.
94	0.	-24.795	-61.705	0.
95	0.	-19.473	-63.585	0.
96	0.	-14.01	-65.007	0.
97	0.	-8.4467	-65.961	0.
98	0.	-2.8223	-66.44	0.
99	0.	2.8223	-66.44	0.
100	0.	8.4467	-65.961	0.
101	0.	14.01	-65.007	0.
102	0.	19.473	-63.585	0.
103	0.	24.795	-61.705	0.
104	0.	29.939	-59.38	0.
105	0.	34.866	-56.627	0.
106	0.	39.543	-53.466	0.
107	0.	43.935	-49.92	0.
108	0.	48.01	-46.014	0.
109	0.	51.739	-41.777	0.
110	0.	55.096	-37.238	0.
111	0.	58.055	-32.432	0.
112	0.	60.597	-27.391	0.
113	0.	62.701	-22.154	0.
114	0.	64.354	-16.757	0.
115	0.	65.543	-11.239	0.
116	0.	66.26	-5.6396	0.
117	0.	66.5	-1.9429e-013	0.
118	0.	66.26	5.6396	0.
119	0.	65.543	11.239	0.
120	0.	64.354	16.757	0.
121	0.	62.701	22.154	0.
122	0.	60.597	27.391	0.
123	0.	58.055	32.432	0.
124	0.	55.096	37.238	0.
125	0.	51.739	41.777	0.
126	0.	48.01	46.014	0.
127	0.	43.935	49.92	0.
128	0.	39.543	53.466	0.
129	0.	34.866	56.627	0.
130	0.	29.939	59.38	0.
131	0.	24.795	61.705	0.
132	0.	19.473	63.585	0.
133	0.	14.01	65.007	0.
134	0.	8.4467	65.961	0.
135	0.	2.8223	66.44	0.
136	0.	-2.8223	66.44	0.
137	0.	-8.4467	65.961	0.
138	0.	-14.01	65.007	0.
139	0.	-19.473	63.585	0.
140	0.	-24.795	61.705	0.
141	0.	-29.939	59.38	0.
142	0.	-34.866	56.627	0.
143	0.	-39.543	53.466	0.
144	0.	-43.935	49.92	0.
145	0.	-48.01	46.014	0.
146	0.	-51.739	41.777	0.
147	0.	-55.096	37.238	0.
148	0.	-58.055	32.432	0.
149	0.	-60.597	27.391	0.
150	0.	-62.701	22.154	0.
151	0.	-64.354	16.757	0.
152	0.	-66.26	5.6396	0.
153	0.	-65.543	11.239	0.
154	16.875	-66.26	5.6396	3.5565
155	16.875	-65.543	11.239	3.9269
156	16.875	-64.354	16.757	4.1832
157	16.875	-62.701	22.154	4.3179
158	16.875	-60.597	27.391	4.3271
159	16.875	-58.055	32.432	4.2107
160	16.875	-55.096	37.238	3.9722
161	16.875	-51.739	41.777	3.6188
162	16.875	-48.01	46.014	3.1609
163	16.875	-43.935	49.92	2.6123
164	16.875	-39.543	53.466	1.9892
165	16.875	-34.866	56.627	1.3102
166	16.875	-29.939	59.38	0.59518
167	16.875	-24.795	61.705	-0.13481
168	16.875	-19.473	63.585	-0.85845
169	16.875	-14.01	65.007	-1.554
170	16.875	-8.4467	65.961	-2.1997
171	16.875	-2.8223	66.44	-2.7732
172	16.875	2.8223	66.44	-3.3148
173	16.875	8.4467	65.961	-3.7201
174	16.875	14.01	65.007	-4.0534
175	16.875	19.473	63.585	-4.2593
176	16.875	24.795	61.705	-4.3382
177	16.875	29.939	59.38	-4.2879
178	16.875	34.866	56.627	-4.1115
179	16.875	39.543	53.466	-3.8153
180	16.875	43.935	49.92	-3.4084
181	16.875	48.01	46.014	-2.9031
182	16.875	51.739	41.777	-2.3146
183	16.875	55.096	37.238	-1.6602
184	16.875	58.055	32.432	-0.95884
185	16.875	60.597	27.391	-0.23067
186	16.875	62.701	22.154	0.50367
187	16.875	64.354	16.757	1.2228
188	16.875	65.543	11.239	1.905
189	16.875	66.26	5.6396	2.5242
190	16.875	66.5	-1.9429e-013	3.075
191	16.875	66.26	-5.6396	3.5613
192	16.875	65.543	-11.239	3.9299
193	16.875	64.354	-16.757	4.1868
194	16.875	62.701	-22.154	4.3206
195	16.875	60.597	-27.391	4.3287
196	16.875	58.055	-32.432	4.2112
197	16.875	55.096	-37.238	3.9717
198	16.875	51.739	-41.777	3.6174
199	16.875	48.01	-46.014	3.1588
200	16.875	43.935	-49.92	2.6094
201	16.875	39.543	-53.466	1.9856
202	16.875	34.866	-56.627	1.3059
203	16.875	29.939	-59.38	0.59031
204	16.875	24.795	-61.705	-0.1401
205	16.875	19.473	-63.585	-0.86394
206	16.875	14.01	-65.007	-1.5594
207	16.875	8.4467	-65.961	-2.2045
208	16.875	2.8223	-66.44	-2.7768
209	16.875	-2.8223	-66.44	-3.3163
210	16.875	-8.4467	-65.961	-3.7175
211	16.875	-14.01	-65.007	-4.0439
212	16.875	-19.473	-63.585	-4.2399
213	16.875	-24.795	-61.705	-4.3015
214	16.875	-29.939	-59.38	-4.2629
215	16.875	-34.866	-56.627	-4.0741
216	16.875	-39.543	-53.466	-3.796
217	16.875	-43.935	-49.92	-3.4109
218	16.875	-48.01	-46.014	-2.9215
219	16.875	-51.739	-41.777	-2.3445
220	16.875	-55.096	-37.238	-1.6972
221	16.875	-58.055	-32.432	-0.99893
222	16.875	-60.597	-27.391	-0.27026
223	16.875	-62.701	-22.154	0.46736
224	16.875	-64.354	-16.757	1.1922
225	16.875	-65.543	-11.239	1.8829
226	16.875	-66.26	-5.6396	2.5193
227	33.75	-66.26	5.6396	8.8325
228	33.75	-65.543	11.239	9.752
229	33.75	-64.354	16.757	10.39
230	33.75	-62.701	22.154	10.73
231	33.75	-60.597	27.391	10.76
232	33.75	-58.055	32.432	10.48
233	33.75	-55.096	37.238	9.8979
234	33.75	-51.739	41.777	9.0312
235	33.75	-48.01	46.014	7.9047
236	33.75	-43.935	49.92	6.551
237	33.75	-39.543	53.466	5.0094
238	33.75	-34.866	56.627	3.3244
239	33.75	-29.939	59.38	1.5447
240	33.75	-24.795	61.705	-0.27851
241	33.75	-19.473	63.585	-2.0934
242	33.75	-14.01	65.007	-3.8491
243	33.75	-8.4467	65.961	-5.4956
244	33.75	-2.8223	66.44	-6.9849
245	33.75	2.8223	66.44	-8.293
246	33.75	8.4467	65.961	-9.32
247	33.75	14.01	65.007	-10.11
248	33.75	19.473	63.585	-10.601
249	33.75	24.795	61.705	-10.789
250	33.75	29.939	59.38	-10.666
251	33.75	34.866	56.627	-10.236
252	33.75	39.543	53.466	-9.5098
253	33.75	43.935	49.92	-8.5097
254	33.75	48.01	46.014	-7.2645
255	33.75	51.739	41.777	-5.8101
256	33.75	55.096	37.238	-4.1887
257	33.75	58.055	32.432	-2.4469
258	33.75	60.597	27.391	-0.63496
259	33.75	62.701	22.154	1.1957
260	33.75	64.354	16.757	2.9928
261	33.75	65.543	11.239	4.7059
262	33.75	66.26	5.6396	6.2791
263	33.75	66.5	-1.9429e-013	7.6714
264	33.75	66.26	-5.6396	8.851
265	33.75	65.543	-11.239	9.7688
266	33.75	64.354	-16.757	10.404
267	33.75	62.701	-22.154	10.74
268	33.75	60.597	-27.391	10.767
269	33.75	58.055	-32.432	10.484
270	33.75	55.096	-37.238	9.8992
271	33.75	51.739	-41.777	9.0299
272	33.75	48.01	-46.014	7.9008
273	33.75	43.935	-49.92	6.5447
274	33.75	39.543	-53.466	5.0009
275	33.75	34.866	-56.627	3.314
276	33.75	29.939	-59.38	1.5329
277	33.75	24.795	-61.705	-0.29126
278	33.75	19.473	-63.585	-2.1063
279	33.75	14.01	-65.007	-3.8614
280	33.75	8.4467	-65.961	-5.5061
281	33.75	2.8223	-66.44	-6.9927
282	33.75	-2.8223	-66.44	-8.2969
283	33.75	-8.4467	-65.961	-9.3192
284	33.75	-14.01	-65.007	-10.104
285	33.75	-19.473	-63.585	-10.592
286	33.75	-24.795	-61.705	-10.771
287	33.75	-29.939	-59.38	-10.668
288	33.75	-34.866	-56.627	-10.226
289	33.75	-39.543	-53.466	-9.4929
290	33.75	-43.935	-49.92	-8.4966
291	33.75	-48.01	-46.014	-7.2558
292	33.75	-51.739	-41.777	-5.8072
293	33.75	-55.096	-37.238	-4.191
294	33.75	-58.055	-32.432	-2.4532
295	33.75	-60.597	-27.391	-0.64398
296	33.75	-62.701	-22.154	1.1846
297	33.75	-64.354	-16.757	2.9796
298	33.75	-65.543	-11.239	4.6893
299	33.75	-66.26	-5.6396	6.2641
300	50.625	-66.26	5.6396	14.341
301	50.625	-65.543	11.239	15.834
302	50.625	-64.354	16.757	16.871
303	50.625	-62.701	22.154	17.423
304	50.625	-60.597	27.391	17.473
305	50.625	-58.055	32.432	17.021
306	50.625	-55.096	37.238	16.08
307	50.625	-51.739	41.777	14.676
308	50.625	-48.01	46.014	12.85
309	50.625	-43.935	49.92	10.655
310	50.625	-39.543	53.466	8.1531
311	50.625	-34.866	56.627	5.4167
312	50.625	-29.939	59.38	2.5242
313	50.625	-24.795	61.705	-0.44145
314	50.625	-19.473	63.585	-3.395
315	50.625	-14.01	65.007	-6.2525
316	50.625	-8.4467	65.961	-8.9311
317	50.625	-2.8223	66.44	-11.355
318	50.625	2.8223	66.44	-13.462
319	50.625	8.4467	65.961	-15.148
320	50.625	14.01	65.007	-16.422
321	50.625	19.473	63.585	-17.219
322	50.625	24.795	61.705	-17.523
323	50.625	29.939	59.38	-17.323
324	50.625	34.866	56.627	-16.625
325	50.625	39.543	53.466	-15.447
326	50.625	43.935	49.92	-13.826
327	50.625	48.01	46.014	-11.806
328	50.625	51.739	41.777	-9.4457
329	50.625	55.096	37.238	-6.8133
330	50.625	58.055	32.432	-3.9844
331	50.625	60.597	27.391	-1.0403
332	50.625	62.701	22.154	1.9345
333	50.625	64.354	16.757	4.8538
334	50.625	65.543	11.239	7.6352
335	50.625	66.26	5.6396	10.192
336	50.625	66.5	-1.9429e-013	12.457
337	50.625	66.26	-5.6396	14.367
338	50.625	65.543	-11.239	15.858
339	50.625	64.354	-16.757	16.893
340	50.625	62.701	-22.154	17.442
341	50.625	60.597	-27.391	17.489
342	50.625	58.055	-32.432	17.033
343	50.625	55.096	-37.238	16.087
344	50.625	51.739	-41.777	14.678
345	50.625	48.01	-46.014	12.847
346	50.625	43.935	-49.92	10.647
347	50.625	39.543	-53.466	8.1411
348	50.625	34.866	-56.627	5.4011
349	50.625	29.939	-59.38	2.506
350	50.625	24.795	-61.705	-0.46116
351	50.625	19.473	-63.585	-3.4151
352	50.625	14.01	-65.007	-6.2715
353	50.625	8.4467	-65.961	-8.9478
354	50.625	2.8223	-66.44	-11.368
355	50.625	-2.8223	-66.44	-13.47
356	50.625	-8.4467	-65.961	-15.152
357	50.625	-14.01	-65.007	-16.42
358	50.625	-19.473	-63.585	-17.214
359	50.625	-24.795	-61.705	-17.51
360	50.625	-29.939	-59.38	-17.328
361	50.625	-34.866	-56.627	-16.618
362	50.625	-39.543	-53.466	-15.428
363	50.625	-43.935	-49.92	-13.806
364	50.625	-48.01	-46.014	-11.786
365	50.625	-51.739	-41.777	-9.4276
366	50.625	-55.096	-37.238	-6.7987
367	50.625	-58.055	-32.432	-3.9745
368	50.625	-60.597	-27.391	-1.036
369	50.625	-62.701	-22.154	1.9324
370	50.625	-64.354	-16.757	4.8455
371	50.625	-65.543	-11.239	7.6193
372	50.625	-66.26	-5.6396	10.174
373	67.5	-66.26	5.6396	20.33
374	67.5	-65.543	11.239	22.446
375	67.5	-64.354	16.757	23.916
376	67.5	-62.701	22.154	24.699
377	67.5	-60.597	27.391	24.772
378	67.5	-58.055	32.432	24.133
379	67.5	-55.096	37.238	22.8
380	67.5	-51.739	41.777	20.812
381	67.5	-48.01	46.014	18.225
382	67.5	-43.935	49.92	15.114
383	67.5	-39.543	53.466	11.567
384	67.5	-34.866	56.627	7.6871
385	67.5	-29.939	59.38	3.5851
386	67.5	-24.795	61.705	-0.62125
387	67.5	-19.473	63.585	-4.8107
388	67.5	-14.01	65.007	-8.8632
389	67.5	-8.4467	65.961	-12.661
390	67.5	-2.8223	66.44	-16.099
391	67.5	2.8223	66.44	-19.074
392	67.5	8.4467	65.961	-21.48
393	67.5	14.01	65.007	-23.284
394	67.5	19.473	63.585	-24.415
395	67.5	24.795	61.705	-24.845
396	67.5	29.939	59.38	-24.561
397	67.5	34.866	56.627	-23.571
398	67.5	39.543	53.466	-21.902
399	67.5	43.935	49.92	-19.603
400	67.5	48.01	46.014	-16.74
401	67.5	51.739	41.777	-13.395
402	67.5	55.096	37.238	-9.663
403	67.5	58.055	32.432	-5.6525
404	67.5	60.597	27.391	-1.4785
405	67.5	62.701	22.154	2.7389
406	67.5	64.354	16.757	6.8774
407	67.5	65.543	11.239	10.82
408	67.5	66.26	5.6396	14.446
409	67.5	66.5	-1.9429e-013	17.663
410	67.5	66.26	-5.6396	20.366
411	67.5	65.543	-11.239	22.481
412	67.5	64.354	-16.757	23.951
413	67.5	62.701	-22.154	24.731
414	67.5	60.597	-27.391	24.799
415	67.5	58.055	-32.432	24.154
416	67.5	55.096	-37.238	22.815
417	67.5	51.739	-41.777	20.819
418	67.5	48.01	-46.014	18.224
419	67.5	43.935	-49.92	15.106
420	67.5	39.543	-53.466	11.552
421	67.5	34.866	-56.627	7.6668
422	67.5	29.939	-59.38	3.5605
423	67.5	24.795	-61.705	-0.64848
424	67.5	19.473	-63.585	-4.8389
425	67.5	14.01	-65.007	-8.8905
426	67.5	8.4467	-65.961	-12.685
427	67.5	2.8223	-66.44	-16.12
428	67.5	-2.8223	-66.44	-19.09
429	67.5	-8.4467	-65.961	-21.49
430	67.5	-14.01	-65.007	-23.287
431	67.5	-19.473	-63.585	-24.412
432	67.5	-24.795	-61.705	-24.832
433	67.5	-29.939	-59.38	-24.557
434	67.5	-34.866	-56.627	-23.557
435	67.5	-39.543	-53.466	-21.874
436	67.5	-43.935	-49.92	-19.573
437	67.5	-48.01	-46.014	-16.708
438	67.5	-51.739	-41.777	-13.363
439	67.5	-55.096	-37.238	-9.6346
440	67.5	-58.055	-32.432	-5.6299
441	67.5	-60.597	-27.391	-1.4637
442	67.5	-62.701	-22.154	2.7442
443	67.5	-64.354	-16.757	6.873
444	67.5	-65.543	-11.239	10.804
445	67.5	-66.26	-5.6396	14.425
446	84.375	-66.26	5.6396	26.603
447	84.375	-65.543	11.239	29.371
448	84.375	-64.354	16.757	31.295
449	84.375	-62.701	22.154	32.32
450	84.375	-60.597	27.391	32.417
451	84.375	-58.055	32.432	31.582
452	84.375	-55.096	37.238	29.839
453	84.375	-51.739	41.777	27.238
454	84.375	-48.01	46.014	23.854
455	84.375	-43.935	49.92	19.783
456	84.375	-39.543	53.466	15.142
457	84.375	-34.866	56.627	10.064
458	84.375	-29.939	59.38	4.6955
459	84.375	-24.795	61.705	-0.81003
460	84.375	-19.473	63.585	-6.2939
461	84.375	-14.01	65.007	-11.598
462	84.375	-8.4467	65.961	-16.569
463	84.375	-2.8223	66.44	-21.069
464	84.375	2.8223	66.44	-24.956
465	84.375	8.4467	65.961	-28.113
466	84.375	14.01	65.007	-30.471
467	84.375	19.473	63.585	-31.951
468	84.375	24.795	61.705	-32.514
469	84.375	29.939	59.38	-32.142
470	84.375	34.866	56.627	-30.846
471	84.375	39.543	53.466	-28.663
472	84.375	43.935	49.92	-25.655
473	84.375	48.01	46.014	-21.909
474	84.375	51.739	41.777	-17.531
475	84.375	55.096	37.238	-12.648
476	84.375	58.055	32.432	-7.4
477	84.375	60.597	27.391	-1.9379
478	84.375	62.701	22.154	3.5812
479	84.375	64.354	16.757	8.9971
480	84.375	65.543	11.239	14.156
481	84.375	66.26	5.6396	18.903
482	84.375	66.5	-1.9429e-013	23.115
483	84.375	66.26	-5.6396	26.649
484	84.375	65.543	-11.239	29.418
485	84.375	64.354	-16.757	31.341
486	84.375	62.701	-22.154	32.363
487	84.375	60.597	-27.391	32.454
488	84.375	58.055	-32.432	31.612
489	84.375	55.096	-37.238	29.861
490	84.375	51.739	-41.777	27.25
491	84.375	48.01	-46.014	23.856
492	84.375	43.935	-49.92	19.775
493	84.375	39.543	-53.466	15.125
494	84.375	34.866	-56.627	10.039
495	84.375	29.939	-59.38	4.6644
496	84.375	24.795	-61.705	-0.84537
497	84.375	19.473	-63.585	-6.3312
498	84.375	14.01	-65.007	-11.635
499	84.375	8.4467	-65.961	-16.603
500	84.375	2.8223	-66.44	-21.099
501	84.375	-2.8223	-66.44	-24.98
502	84.375	-8.4467	-65.961	-28.129
503	84.375	-14.01	-65.007	-30.478
504	84.375	-19.473	-63.585	-31.951
505	84.375	-24.795	-61.705	-32.503
506	84.375	-29.939	-59.38	-32.132
507	84.375	-34.866	-56.627	-30.827
508	84.375	-39.543	-53.466	-28.628
509	84.375	-43.935	-49.92	-25.615
510	84.375	-48.01	-46.014	-21.864
511	84.375	-51.739	-41.777	-17.486
512	84.375	-55.096	-37.238	-12.606
513	84.375	-58.055	-32.432	-7.3646
514	84.375	-60.597	-27.391	-1.9127
515	84.375	-62.701	-22.154	3.5935
516	84.375	-64.354	-16.757	8.9959
517	84.375	-65.543	-11.239	14.139
518	84.375	-66.26	-5.6396	18.876
519	101.25	-66.26	5.6396	32.805
520	101.25	-65.543	11.239	36.218
521	101.25	-64.354	16.757	38.591
522	101.25	-62.701	22.154	39.855
523	101.25	-60.597	27.391	39.975
524	101.25	-58.055	32.432	38.946
525	101.25	-55.096	37.238	36.798
526	101.25	-51.739	41.777	33.591
527	101.25	-48.01	46.014	29.418
528	101.25	-43.935	49.92	24.399
529	101.25	-39.543	53.466	18.676
530	101.25	-34.866	56.627	12.414
531	101.25	-29.939	59.38	5.7928
532	101.25	-24.795	61.705	-0.99701
533	101.25	-19.473	63.585	-7.7602
534	101.25	-14.01	65.007	-14.302
535	101.25	-8.4467	65.961	-20.432
536	101.25	-2.8223	66.44	-25.982
537	101.25	2.8223	66.44	-30.769
538	101.25	8.4467	65.961	-34.669
539	101.25	14.01	65.007	-37.575
540	101.25	19.473	63.585	-39.402
541	101.25	24.795	61.705	-40.096
542	101.25	29.939	59.38	-39.637
543	101.25	34.866	56.627	-38.04
544	101.25	39.543	53.466	-35.348
545	101.25	43.935	49.92	-31.639
546	101.25	48.01	46.014	-27.019
547	101.25	51.739	41.777	-21.621
548	101.25	55.096	37.238	-15.599
549	101.25	58.055	32.432	-9.1278
550	101.25	60.597	27.391	-2.3923
551	101.25	62.701	22.154	4.4136
552	101.25	64.354	16.757	11.092
553	101.25	65.543	11.239	17.455
554	101.25	66.26	5.6396	23.308
555	101.25	66.5	-1.9429e-013	28.505
556	101.25	66.26	-5.6396	32.86
557	101.25	65.543	-11.239	36.276
558	101.25	64.354	-16.757	38.648
559	101.25	62.701	-22.154	39.91
560	101.25	60.597	-27.391	40.023
561	101.25	58.055	-32.432	38.986
562	101.25	55.096	-37.238	36.827
563	101.25	51.739	-41.777	33.609
564	101.25	48.01	-46.014	29.423
565	101.25	43.935	-49.92	24.391
566	101.25	39.543	-53.466	18.657
567	101.25	34.866	-56.627	12.384
568	101.25	29.939	-59.38	5.7552
569	101.25	24.795	-61.705	-1.0405
570	101.25	19.473	-63.585	-7.8069
571	101.25	14.01	-65.007	-14.349
572	101.25	8.4467	-65.961	-20.476
573	101.25	2.8223	-66.44	-26.022
574	101.25	-2.8223	-66.44	-30.801
575	101.25	-8.4467	-65.961	-34.692
576	101.25	-14.01	-65.007	-37.588
577	101.25	-19.473	-63.585	-39.403
578	101.25	-24.795	-61.705	-40.085
579	101.25	-29.939	-59.38	-39.62
580	101.25	-34.866	-56.627	-38.013
581	101.25	-39.543	-53.466	-35.304
582	101.25	-43.935	-49.92	-31.587
583	101.25	-48.01	-46.014	-26.961
584	101.25	-51.739	-41.777	-21.562
585	101.25	-55.096	-37.238	-15.544
586	101.25	-58.055	-32.432	-9.0803
587	101.25	-60.597	-27.391	-2.3571
588	101.25	-62.701	-22.154	4.4327
589	101.25	-64.354	-16.757	11.094
590	101.25	-65.543	-11.239	17.437
591	101.25	-66.26	-5.6396	23.278
592	118.13	-66.26	5.6396	38.686
593	118.13	-65.543	11.239	42.711
594	118.13	-64.354	16.757	45.509
595	118.13	-62.701	22.154	47.
596	118.13	-60.597	27.391	47.142
597	118.13	-58.055	32.432	45.929
598	118.13	-55.096	37.238	43.396
599	118.13	-51.739	41.777	39.615
600	118.13	-48.01	46.014	34.694
601	118.13	-43.935	49.92	28.775
602	118.13	-39.543	53.466	22.026
603	118.13	-34.866	56.627	14.641
604	118.13	-29.939	59.38	6.8327
605	118.13	-24.795	61.705	-1.1748
606	118.13	-19.473	63.585	-9.1508
607	118.13	-14.01	65.007	-16.866
608	118.13	-8.4467	65.961	-24.094
609	118.13	-2.8223	66.44	-30.64
610	118.13	2.8223	66.44	-36.28
611	118.13	8.4467	65.961	-40.885
612	118.13	14.01	65.007	-44.312
613	118.13	19.473	63.585	-46.466
614	118.13	24.795	61.705	-47.284
615	118.13	29.939	59.38	-46.744
616	118.13	34.866	56.627	-44.86
617	118.13	39.543	53.466	-41.686
618	118.13	43.935	49.92	-37.312
619	118.13	48.01	46.014	-31.864
620	118.13	51.739	41.777	-25.498
621	118.13	55.096	37.238	-18.398
622	118.13	58.055	32.432	-10.766
623	118.13	60.597	27.391	-2.8226
624	118.13	62.701	22.154	5.2036
625	118.13	64.354	16.757	13.08
626	118.13	65.543	11.239	20.582
627	118.13	66.26	5.6396	27.484
628	118.13	66.5	-1.9429e-013	33.614
629	118.13	66.26	-5.6396	38.748
630	118.13	65.543	-11.239	42.778
631	118.13	64.354	-16.757	45.577
632	118.13	62.701	-22.154	47.065
633	118.13	60.597	-27.391	47.2
634	118.13	58.055	-32.432	45.978
635	118.13	55.096	-37.238	43.432
636	118.13	51.739	-41.777	39.638
637	118.13	48.01	-46.014	34.702
638	118.13	43.935	-49.92	28.768
639	118.13	39.543	-53.466	22.005
640	118.13	34.866	-56.627	14.608
641	118.13	29.939	-59.38	6.7889
642	118.13	24.795	-61.705	-1.2262
643	118.13	19.473	-63.585	-9.2066
644	118.13	14.01	-65.007	-16.922
645	118.13	8.4467	-65.961	-24.149
646	118.13	2.8223	-66.44	-30.688
647	118.13	-2.8223	-66.44	-36.32
648	118.13	-8.4467	-65.961	-40.915
649	118.13	-14.01	-65.007	-44.329
650	118.13	-19.473	-63.585	-46.469
651	118.13	-24.795	-61.705	-47.272
652	118.13	-29.939	-59.38	-46.717
653	118.13	-34.866	-56.627	-44.824
654	118.13	-39.543	-53.466	-41.633
655	118.13	-43.935	-49.92	-37.25
656	118.13	-48.01	-46.014	-31.795
657	118.13	-51.739	-41.777	-25.427
658	118.13	-55.096	-37.238	-18.33
659	118.13	-58.055	-32.432	-10.708
660	118.13	-60.597	-27.391	-2.779
661	118.13	-62.701	-22.154	5.2281
662	118.13	-64.354	-16.757	13.084
663	118.13	-65.543	-11.239	20.563
664	118.13	-66.26	-5.6396	27.451
665	135.	-66.26	5.6396	44.955
666	16.875	-66.5	-8.1439e-015	3.0827
667	33.75	-66.5	-8.1439e-015	7.6585
668	50.625	-66.5	-8.1439e-015	12.437
669	67.5	-66.5	-8.1439e-015	17.631
670	84.375	-66.5	-8.1439e-015	23.071
671	101.25	-66.5	-8.1439e-015	28.45
672	118.13	-66.5	-8.1439e-015	33.55
673	135.	-66.5	-8.1439e-015	38.987
674	135.	-66.26	-5.6396	31.9
675	135.	-65.543	-11.239	23.896
676	135.	-64.354	-16.757	15.206
677	135.	-62.701	-22.154	6.0772
678	135.	-60.597	-27.391	-3.2274
679	135.	-58.055	-32.432	-12.441
680	135.	-55.096	-37.238	-21.3
681	135.	-51.739	-41.777	-29.549
682	135.	-48.01	-46.014	-36.95
683	135.	-43.935	-49.92	-43.293
684	135.	-39.543	-53.466	-48.389
685	135.	-34.866	-56.627	-52.095
686	135.	-29.939	-59.38	-54.291
687	135.	-24.795	-61.705	-54.939
688	135.	-19.473	-63.585	-54.004
689	135.	-14.01	-65.007	-51.516
690	135.	-8.4467	-65.961	-47.548
691	135.	-2.8223	-66.44	-42.211
692	135.	2.8223	-66.44	-35.678
693	135.	8.4467	-65.961	-28.078
694	135.	14.01	-65.007	-19.675
695	135.	19.473	-63.585	-10.704
696	135.	24.795	-61.705	-1.426
697	135.	29.939	-59.38	7.8908
698	135.	34.866	-56.627	16.979
699	135.	39.543	-53.466	25.576
700	135.	43.935	-49.92	33.435
701	135.	48.01	-46.014	40.332
702	135.	51.739	-41.777	46.067
703	135.	55.096	-37.238	50.475
704	135.	58.055	-32.432	53.432
705	135.	60.597	-27.391	54.852
706	135.	62.701	-22.154	54.694
707	135.	64.354	-16.757	52.963
708	135.	65.543	-11.239	49.709
709	135.	66.26	-5.6396	45.028
710	135.	66.5	-1.9429e-013	39.066
711	135.	66.26	5.6396	31.943
712	135.	65.543	11.239	23.922
713	135.	64.354	16.757	15.201
714	135.	62.701	22.154	6.0464
715	135.	60.597	27.391	-3.2822
716	135.	58.055	32.432	-12.514
717	135.	55.096	37.238	-21.383
718	135.	51.739	41.777	-29.634
719	135.	48.01	46.014	-37.032
720	135.	43.935	49.92	-43.362
721	135.	39.543	53.466	-48.444
722	135.	34.866	56.627	-52.132
723	135.	29.939	59.38	-54.32
724	135.	24.795	61.705	-54.947
725	135.	19.473	63.585	-53.995
726	135.	14.01	65.007	-51.492
727	135.	8.4467	65.961	-47.51
728	135.	2.8223	66.44	-42.16
729	135.	-2.8223	66.44	-35.618
730	135.	-8.4467	65.961	-28.012
731	135.	-14.01	65.007	-19.606
732	135.	-19.473	63.585	-10.637
733	135.	-24.795	61.705	-1.3649
734	135.	-29.939	59.38	7.9425
735	135.	-34.866	56.627	17.018
736	135.	-39.543	53.466	25.6
737	135.	-43.935	49.92	33.442
738	135.	-48.01	46.014	40.321
739	135.	-51.739	41.777	46.038
740	135.	-55.096	37.238	50.431
741	135.	-58.055	32.432	53.373
742	135.	-60.597	27.391	54.782
743	135.	-62.701	22.154	54.617
744	135.	-64.354	16.757	52.884
745	135.	-65.543	11.239	49.632
1554	0.	-66.44	-2.8223	0.
1555	0.	-66.44	2.8223	0.
1556	8.4375	-66.5	-8.1439e-015	1.1047
1557	0.	-65.961	-8.4467	0.
1558	8.4375	-66.26	-5.6396	0.9029
1559	0.	-65.007	-14.01	0.
1560	8.4375	-65.543	-11.239	0.67495
1561	0.	-63.585	-19.473	0.
1562	8.4375	-64.354	-16.757	0.42754
1563	0.	-61.705	-24.795	0.
1564	8.4375	-62.701	-22.154	0.16796
1565	0.	-59.38	-29.939	0.
1566	8.4375	-60.597	-27.391	-9.614e-002
1567	0.	-56.627	-34.866	0.
1568	8.4375	-58.055	-32.432	-0.35698
1569	0.	-53.466	-39.543	0.
1570	8.4375	-55.096	-37.238	-0.60693
1571	0.	-49.92	-43.935	0.
1572	8.4375	-51.739	-41.777	-0.83874
1573	0.	-46.014	-48.01	0.
1574	8.4375	-48.01	-46.014	-1.0457
1575	0.	-41.777	-51.739	0.
1576	8.4375	-43.935	-49.92	-1.2213
1577	0.	-37.238	-55.096	0.
1578	8.4375	-39.543	-53.466	-1.3586
1579	0.	-32.432	-58.055	0.
1580	8.4375	-34.866	-56.627	-1.4473
1581	0.	-27.391	-60.597	0.
1582	8.4375	-29.939	-59.38	-1.4889
1583	0.	-22.154	-62.701	0.
1584	8.4375	-24.795	-61.705	-1.5316
1585	0.	-16.757	-64.354	0.
1586	8.4375	-19.473	-63.585	-1.5147
1587	0.	-11.239	-65.543	0.
1588	8.4375	-14.01	-65.007	-1.4432
1589	0.	-5.6396	-66.26	0.
1590	8.4375	-8.4467	-65.961	-1.3205
1591	0.	4.072e-015	-66.5	0.
1592	8.4375	-2.8223	-66.44	-1.1466
1593	0.	5.6396	-66.26	0.
1594	8.4375	2.8223	-66.44	-0.99599
1595	0.	11.239	-65.543	0.
1596	8.4375	8.4467	-65.961	-0.79082
1597	0.	16.757	-64.354	0.
1598	8.4375	14.01	-65.007	-0.55788
1599	0.	22.154	-62.701	0.
1600	8.4375	19.473	-63.585	-0.30759
1601	0.	27.391	-60.597	0.
1602	8.4375	24.795	-61.705	-4.7938e-002
1603	0.	32.432	-58.055	0.
1604	8.4375	29.939	-59.38	0.21345
1605	0.	37.238	-55.096	0.
1606	8.4375	34.866	-56.627	0.46925
1607	0.	41.777	-51.739	0.
1608	8.4375	39.543	-53.466	0.71217
1609	0.	46.014	-48.01	0.
1610	8.4375	43.935	-49.92	0.93516
1611	0.	49.92	-43.935	0.
1612	8.4375	48.01	-46.014	1.1316
1613	0.	53.466	-39.543	0.
1614	8.4375	51.739	-41.777	1.2958
1615	0.	56.627	-34.866	0.
1616	8.4375	55.096	-37.238	1.4226
1617	0.	59.38	-29.939	0.
1618	8.4375	58.055	-32.432	1.5084
1619	0.	61.705	-24.795	0.
1620	8.4375	60.597	-27.391	1.5506
1621	0.	63.585	-19.473	0.
1622	8.4375	62.701	-22.154	1.5479
1623	0.	65.007	-14.01	0.
1624	8.4375	64.354	-16.757	1.4998
1625	0.	65.961	-8.4467	0.
1626	8.4375	65.543	-11.239	1.4063
1627	0.	66.44	-2.8223	0.
1628	8.4375	66.26	-5.6396	1.2653
1629	0.	66.44	2.8223	0.
1630	8.4375	66.5	-1.9429e-013	1.1091
1631	0.	65.961	8.4467	0.
1632	8.4375	66.26	5.6396	0.91519
1633	0.	65.007	14.01	0.
1634	8.4375	65.543	11.239	0.68805
1635	0.	63.585	19.473	0.
1636	8.4375	64.354	16.757	0.43908
1637	0.	61.705	24.795	0.
1638	8.4375	62.701	22.154	0.17907
1639	0.	59.38	29.939	0.
1640	8.4375	60.597	27.391	-8.4709e-002
1641	0.	56.627	34.866	0.
1642	8.4375	58.055	32.432	-0.34532
1643	0.	53.466	39.543	0.
1644	8.4375	55.096	37.238	-0.59599
1645	0.	49.92	43.935	0.
1646	8.4375	51.739	41.777	-0.82985
1647	0.	46.014	48.01	0.
1648	8.4375	48.01	46.014	-1.0402
1649	0.	41.777	51.739	0.
1650	8.4375	43.935	49.92	-1.221
1651	0.	37.238	55.096	0.
1652	8.4375	39.543	53.466	-1.3667
1653	0.	32.432	58.055	0.
1654	8.4375	34.866	56.627	-1.473
1655	0.	27.391	60.597	0.
1656	8.4375	29.939	59.38	-1.5363
1657	0.	22.154	62.701	0.
1658	8.4375	24.795	61.705	-1.5541
1659	0.	16.757	64.354	0.
1660	8.4375	19.473	63.585	-1.525
1661	0.	11.239	65.543	0.
1662	8.4375	14.01	65.007	-1.447
1663	0.	5.6396	66.26	0.
1664	8.4375	8.4467	65.961	-1.3213
1665	0.	3.7322e-013	66.5	0.
1666	8.4375	2.8223	66.44	-1.1459
1667	0.	-5.6396	66.26	0.
1668	8.4375	-2.8223	66.44	-0.99443
1669	0.	-11.239	65.543	0.
1670	8.4375	-8.4467	65.961	-0.78895
1671	0.	-16.757	64.354	0.
1672	8.4375	-14.01	65.007	-0.55592
1673	0.	-22.154	62.701	0.
1674	8.4375	-19.473	63.585	-0.30567
1675	0.	-27.391	60.597	0.
1676	8.4375	-24.795	61.705	-4.6122e-002
1677	0.	-32.432	58.055	0.
1678	8.4375	-29.939	59.38	0.2151
1679	0.	-37.238	55.096	0.
1680	8.4375	-34.866	56.627	0.4707
1681	0.	-41.777	51.739	0.
1682	8.4375	-39.543	53.466	0.71339
1683	0.	-46.014	48.01	0.
1684	8.4375	-43.935	49.92	0.93614
1685	0.	-49.92	43.935	0.
1686	8.4375	-48.01	46.014	1.1324
1687	0.	-53.466	39.543	0.
1688	8.4375	-51.739	41.777	1.2962
1689	0.	-56.627	34.866	0.
1690	8.4375	-55.096	37.238	1.4228
1691	0.	-59.38	29.939	0.
1692	8.4375	-58.055	32.432	1.5083
1693	0.	-61.705	24.795	0.
1694	8.4375	-60.597	27.391	1.5501
1695	0.	-63.585	19.473	0.
1696	8.4375	-62.701	22.154	1.5469
1697	0.	-65.007	14.01	0.
1698	8.4375	-64.354	16.757	1.4988
1699	0.	-65.961	8.4467	0.
1700	8.4375	-66.26	5.6396	1.2744
1701	8.4375	-65.543	11.239	1.407
1702	16.875	-65.961	8.4467	3.7545
1703	25.313	-66.26	5.6396	6.2044
1704	16.875	-66.44	2.8223	3.3309
1706	16.875	-65.007	14.01	4.0689
1707	25.313	-65.543	11.239	6.8504
1709	16.875	-63.585	19.473	4.2651
1710	25.313	-64.354	16.757	7.2984
1712	16.875	-61.705	24.795	4.3373
1713	25.313	-62.701	22.154	7.5354
1715	16.875	-59.38	29.939	4.2835
1716	25.313	-60.597	27.391	7.5545
1718	16.875	-56.627	34.866	4.1054
1719	25.313	-58.055	32.432	7.3553
1721	16.875	-53.466	39.543	3.8083
1722	25.313	-55.096	37.238	6.9437
1724	16.875	-49.92	43.935	3.4013
1725	25.313	-51.739	41.777	6.3318
1727	16.875	-46.014	48.01	2.8963
1728	25.313	-48.01	46.014	5.5375
1730	16.875	-41.777	51.739	2.3084
1731	25.313	-43.935	49.92	4.5841
1733	16.875	-37.238	55.096	1.6551
1734	25.313	-39.543	53.466	3.4997
1736	16.875	-32.432	58.055	0.95562
1737	25.313	-34.866	56.627	2.316
1739	16.875	-27.391	60.597	0.23064
1740	25.313	-29.939	59.38	1.0677
1742	16.875	-22.154	62.701	-0.49862
1743	25.313	-24.795	61.705	-0.20891
1745	16.875	-16.757	64.354	-1.2107
1746	25.313	-19.473	63.585	-1.4771
1748	16.875	-11.239	65.543	-1.8836
1749	25.313	-14.01	65.007	-2.7015
1751	16.875	-5.6396	66.26	-2.4961
1752	25.313	-8.4467	65.961	-3.8501
1754	16.875	3.4369e-013	66.5	-3.0509
1755	25.313	-2.8223	66.44	-4.8955
1757	16.875	5.6396	66.26	-3.5273
1758	25.313	2.8223	66.44	-5.7922
1760	16.875	11.239	65.543	-3.9005
1761	25.313	8.4467	65.961	-6.5444
1763	16.875	16.757	64.354	-4.1712
1764	25.313	14.01	65.007	-7.092
1766	16.875	22.154	62.701	-4.3139
1767	25.313	19.473	63.585	-7.4412
1769	16.875	27.391	60.597	-4.328
1770	25.313	24.795	61.705	-7.5742
1772	16.875	32.432	58.055	-4.2141
1773	25.313	29.939	59.38	-7.4874
1775	16.875	37.238	55.096	-3.9769
1776	25.313	34.866	56.627	-7.1832
1778	16.875	41.777	51.739	-3.624
1779	25.313	39.543	53.466	-6.6708
1781	16.875	46.014	48.01	-3.1664
1782	25.313	43.935	49.92	-5.9655
1784	16.875	49.92	43.935	-2.6176
1785	25.313	48.01	46.014	-5.0881
1787	16.875	53.466	39.543	-1.994
1788	25.313	51.739	41.777	-4.0646
1790	16.875	56.627	34.866	-1.3138
1791	25.313	55.096	37.238	-2.9247
1793	16.875	59.38	29.939	-0.59665
1794	25.313	58.055	32.432	-1.7017
1796	16.875	61.705	24.795	0.13697
1797	25.313	60.597	27.391	-0.43111
1799	16.875	63.585	19.473	0.86617
1800	25.313	62.701	22.154	0.85098
1802	16.875	65.007	14.01	1.5691
1803	25.313	64.354	16.757	2.1082
1805	16.875	65.961	8.4467	2.2231
1806	25.313	65.543	11.239	3.3076
1808	16.875	66.44	2.8223	2.8074
1809	25.313	66.26	5.6396	4.4174
1811	16.875	66.44	-2.8223	3.3279
1812	25.313	66.5	-1.9429e-013	5.4089
1813	16.875	65.961	-8.4467	3.7585
1814	25.313	66.26	-5.6396	6.2253
1816	16.875	65.007	-14.01	4.0724
1817	25.313	65.543	-11.239	6.8642
1819	16.875	63.585	-19.473	4.2683
1820	25.313	64.354	-16.757	7.3071
1822	16.875	61.705	-24.795	4.3394
1823	25.313	62.701	-22.154	7.5413
1825	16.875	59.38	-29.939	4.2844
1826	25.313	60.597	-27.391	7.5581
1828	16.875	56.627	-34.866	4.1053
1829	25.313	58.055	-32.432	7.357
1831	16.875	53.466	-39.543	3.8074
1832	25.313	55.096	-37.238	6.9437
1834	16.875	49.92	-43.935	3.3995
1835	25.313	51.739	-41.777	6.3301
1837	16.875	46.014	-48.01	2.8938
1838	25.313	48.01	-46.014	5.5342
1840	16.875	41.777	-51.739	2.3051
1841	25.313	43.935	-49.92	4.5793
1843	16.875	37.238	-55.096	1.6511
1844	25.313	39.543	-53.466	3.4935
1846	16.875	32.432	-58.055	0.95102
1847	25.313	34.866	-56.627	2.3085
1849	16.875	27.391	-60.597	0.22554
1850	25.313	29.939	-59.38	1.0592
1852	16.875	22.154	-62.701	-0.50404
1853	25.313	24.795	-61.705	-0.21803
1855	16.875	16.757	-64.354	-1.2162
1856	25.313	19.473	-63.585	-1.4864
1858	16.875	11.239	-65.543	-1.8887
1859	25.313	14.01	-65.007	-2.7104
1861	16.875	5.6396	-66.26	-2.5004
1862	25.312	8.4467	-65.961	-3.8578
1864	16.875	1.8838e-014	-66.5	-3.0536
1865	25.313	2.8223	-66.44	-4.9011
1867	16.875	-5.6396	-66.26	-3.527
1868	25.313	-2.8223	-66.44	-5.7944
1870	16.875	-11.239	-65.543	-3.8949
1871	25.313	-8.4467	-65.961	-6.5418
1873	16.875	-16.757	-64.354	-4.1573
1874	25.313	-14.01	-65.007	-7.0832
1876	16.875	-22.154	-62.701	-4.2864
1877	25.312	-19.473	-63.585	-7.4252
1879	16.875	-27.391	-60.597	-4.2959
1880	25.312	-24.795	-61.705	-7.5571
1882	16.875	-32.432	-58.055	-4.1794
1883	25.313	-29.939	-59.38	-7.4599
1885	16.875	-37.238	-55.096	-3.9487
1886	25.313	-34.866	-56.627	-7.1604
1888	16.875	-41.777	-51.739	-3.6162
1889	25.313	-39.543	-53.466	-6.6532
1891	16.875	-46.014	-48.01	-3.1774
1892	25.312	-43.935	-49.92	-5.9581
1894	16.875	-49.92	-43.935	-2.6423
1895	25.312	-48.01	-46.014	-5.0941
1897	16.875	-53.466	-39.543	-2.028
1898	25.313	-51.739	-41.777	-4.0818
1900	16.875	-56.627	-34.866	-1.3529
1901	25.313	-55.096	-37.238	-2.9498
1903	16.875	-59.38	-29.939	-0.63694
1904	25.312	-58.055	-32.432	-1.7306
1906	16.875	-61.705	-24.795	9.8748e-002
1907	25.313	-60.597	-27.391	-0.45974
1909	16.875	-63.585	-19.473	0.83251
1910	25.313	-62.701	-22.154	0.82558
1912	16.875	-65.007	-14.01	1.5428
1913	25.313	-64.354	-16.757	2.0879
1915	16.875	-65.961	-8.4467	2.2086
1916	25.313	-65.543	-11.239	3.2904
1918	25.313	-66.26	-5.6396	4.3982
1919	16.875	-66.44	-2.8223	2.8105
1921	33.75	-65.961	8.4467	9.3264
1922	42.188	-66.26	5.6396	11.57
1923	33.75	-66.44	2.8223	8.2758
1925	33.75	-65.007	14.01	10.108
1926	42.188	-65.543	11.239	12.774
1928	33.75	-63.585	19.473	10.599
1929	42.188	-64.354	16.757	13.61
1931	33.75	-61.705	24.795	10.784
1932	42.188	-62.701	22.154	14.055
1934	33.75	-59.38	29.939	10.659
1935	42.188	-60.597	27.391	14.096
1937	33.75	-56.627	34.866	10.226
1938	42.188	-58.055	32.432	13.731
1940	33.75	-53.466	39.543	9.4993
1941	42.188	-55.096	37.238	12.971
1943	33.75	-49.92	43.935	8.499
1944	42.188	-51.739	41.777	11.838
1946	33.75	-46.014	48.01	7.2543
1947	42.188	-48.01	46.014	10.364
1949	33.75	-41.777	51.739	5.8013
1950	42.188	-43.935	49.92	8.5928
1952	33.75	-37.238	55.096	4.1821
1953	42.188	-39.543	53.466	6.5745
1955	33.75	-32.432	58.055	2.4434
1956	42.188	-34.866	56.627	4.3674
1958	33.75	-27.391	60.597	0.63528
1959	42.188	-29.939	59.38	2.0348
1961	33.75	-22.154	62.701	-1.1904
1962	42.188	-24.795	61.705	-0.35646
1964	33.75	-16.757	64.354	-2.982
1965	42.188	-19.473	63.585	-2.7377
1967	33.75	-11.239	65.543	-4.689
1968	42.188	-14.01	65.007	-5.0406
1970	33.75	-5.6396	66.26	-6.2621
1971	42.188	-8.4467	65.961	-7.1994
1973	33.75	3.4369e-013	66.5	-7.6685
1974	42.188	-2.8223	66.44	-9.1542
1976	33.75	5.6396	66.26	-8.8391
1977	42.188	2.8223	66.44	-10.835
1979	33.75	11.239	65.543	-9.7503
1980	42.188	8.4467	65.961	-12.221
1982	33.75	16.757	64.354	-10.393
1983	42.188	14.01	65.007	-13.244
1985	33.75	22.154	62.701	-10.734
1986	42.188	19.473	63.585	-13.89
1988	33.75	27.391	60.597	-10.767
1989	42.188	24.795	61.705	-14.135
1991	33.75	32.432	58.055	-10.489
1992	42.188	29.939	59.38	-13.974
1994	33.75	37.238	55.096	-9.909
1995	42.188	34.866	56.627	-13.411
1997	33.75	41.777	51.739	-9.0429
1998	42.188	39.543	53.466	-12.461
2000	33.75	46.014	48.01	-7.9161
2001	42.188	43.935	49.92	-11.153
2003	33.75	49.92	43.935	-6.5613
2004	42.188	48.01	46.014	-9.5235
2006	33.75	53.466	39.543	-5.0177
2007	42.188	51.739	41.777	-7.6197
2009	33.75	56.627	34.866	-3.3299
2010	42.188	55.096	37.238	-5.4963
2012	33.75	59.38	29.939	-1.5465
2013	42.188	58.055	32.432	-3.2144
2015	33.75	61.705	24.795	0.28136
2016	42.188	60.597	27.391	-0.83968
2018	33.75	63.585	19.473	2.102
2019	42.188	62.701	22.154	1.5598
2021	33.75	65.007	14.01	3.8628
2022	42.188	64.354	16.757	3.9144
2024	33.75	65.961	8.4467	5.513
2025	42.188	65.543	11.239	6.1572
2027	33.75	66.44	2.8223	6.9983
2028	42.188	66.26	5.6396	8.2228
2030	33.75	66.44	-2.8223	8.2901
2031	42.188	66.5	-1.9429e-013	10.06
2032	33.75	65.961	-8.4467	9.3441
2033	42.188	66.26	-5.6396	11.589
2035	33.75	65.007	-14.01	10.123
2036	42.188	65.543	-11.239	12.793
2038	33.75	63.585	-19.473	10.611
2039	42.188	64.354	-16.757	13.628
2041	33.75	61.705	-24.795	10.793
2042	42.188	62.701	-22.154	14.07
2044	33.75	59.38	-29.939	10.664
2045	42.188	60.597	-27.391	14.107
2047	33.75	56.627	-34.866	10.229
2048	42.188	58.055	-32.432	13.738
2050	33.75	53.466	-39.543	9.4993
2051	42.188	55.096	-37.238	12.974
2053	33.75	49.92	-43.935	8.4964
2054	42.188	51.739	-41.777	11.838
2056	33.75	46.014	-48.01	7.2492
2057	42.188	48.01	-46.014	10.36
2059	33.75	41.777	-51.739	5.7939
2060	42.188	43.935	-49.92	8.5855
2062	33.75	37.238	-55.096	4.1725
2063	42.188	39.543	-53.466	6.5641
2065	33.75	32.432	-58.055	2.4322
2066	42.188	34.866	-56.627	4.3543
2068	33.75	27.391	-60.597	0.6229
2069	42.188	29.939	-59.38	2.0197
2071	33.75	22.154	-62.701	-1.2033
2072	42.188	24.795	-61.705	-0.3727
2074	33.75	16.757	-64.354	-2.9947
2075	42.188	19.473	-63.585	-2.7541
2077	33.75	11.239	-65.543	-4.7005
2078	42.188	14.01	-65.007	-5.0561
2080	33.75	5.6396	-66.26	-6.2714
2081	42.188	8.4467	-65.961	-7.2129
2083	33.75	1.8838e-014	-66.5	-7.6745
2084	42.188	2.8223	-66.44	-9.1645
2086	33.75	-5.6396	-66.26	-8.8407
2087	42.188	-2.8223	-66.44	-10.841
2089	33.75	-11.239	-65.543	-9.747
2090	42.188	-8.4467	-65.961	-12.222
2092	33.75	-16.757	-64.354	-10.385
2093	42.188	-14.01	-65.007	-13.241
2095	33.75	-22.154	-62.701	-10.72
2096	42.188	-19.473	-63.585	-13.881
2098	33.75	-27.391	-60.597	-10.759
2099	42.188	-24.795	-61.705	-14.124
2101	33.75	-32.432	-58.055	-10.486
2102	42.188	-29.939	-59.38	-13.949
2104	33.75	-37.238	-55.096	-9.8952
2105	42.188	-34.866	-56.627	-13.388
2107	33.75	-41.777	-51.739	-9.0272
2108	42.188	-39.543	-53.466	-12.443
2110	33.75	-46.014	-48.01	-7.905
2111	42.187	-43.935	-49.92	-11.134
2113	33.75	-49.92	-43.935	-6.5556
2114	42.188	-48.01	-46.014	-9.5064
2116	33.75	-53.466	-39.543	-5.0176
2117	42.188	-51.739	-41.777	-7.6052
2119	33.75	-56.627	-34.866	-3.3345
2120	42.188	-55.096	-37.238	-5.4853
2122	33.75	-59.38	-29.939	-1.5544
2123	42.187	-58.055	-32.432	-3.2077
2125	33.75	-61.705	-24.795	0.2712
2126	42.187	-60.597	-27.391	-0.83745
2128	33.75	-63.585	-19.473	2.0897
2129	42.188	-62.701	-22.154	1.5572
2131	33.75	-65.007	-14.01	3.8485
2132	42.188	-64.354	-16.757	3.9075
2134	33.75	-65.961	-8.4467	5.4968
2135	42.188	-65.543	-11.239	6.1456
2137	42.188	-66.26	-5.6396	8.2071
2138	33.75	-66.44	-2.8223	6.9869
2140	50.625	-65.961	8.4467	15.142
2141	59.063	-66.26	5.6396	17.299
2142	50.625	-66.44	2.8223	13.437
2144	50.625	-65.007	14.01	16.411
2145	59.063	-65.543	11.239	19.098
2147	50.625	-63.585	19.473	17.209
2148	59.063	-64.354	16.757	20.349
2150	50.625	-61.705	24.795	17.511
2151	59.063	-62.701	22.154	21.015
2153	50.625	-59.38	29.939	17.31
2154	59.063	-60.597	27.391	21.077
2156	50.625	-56.627	34.866	16.61
2157	59.063	-58.055	32.432	20.533
2159	50.625	-53.466	39.543	15.434
2160	59.063	-55.096	37.238	19.398
2162	50.625	-49.92	43.935	13.813
2163	59.063	-51.739	41.777	17.706
2165	50.625	-46.014	48.01	11.795
2166	59.063	-48.01	46.014	15.504
2168	50.625	-41.777	51.739	9.438
2169	59.063	-43.935	49.92	12.857
2171	50.625	-37.238	55.096	6.8094
2172	59.063	-39.543	53.466	9.8391
2174	50.625	-32.432	58.055	3.9848
2175	59.063	-34.866	56.627	6.5382
2177	50.625	-27.391	60.597	1.0452
2178	59.063	-29.939	59.38	3.0486
2180	50.625	-22.154	62.701	-1.9251
2181	59.063	-24.795	61.705	-0.52946
2183	50.625	-16.757	64.354	-4.841
2184	59.063	-19.473	63.585	-4.0934
2186	50.625	-11.239	65.543	-7.6192
2187	59.063	-14.01	65.007	-7.5406
2189	50.625	-5.6396	66.26	-10.18
2190	59.063	-8.4467	65.961	-10.772
2192	50.625	3.4369e-013	66.5	-12.454
2193	59.063	-2.8223	66.44	-13.693
2195	50.625	5.6396	66.26	-14.356
2196	59.063	2.8223	66.44	-16.214
2198	50.625	11.239	65.543	-15.842
2199	59.063	8.4467	65.961	-18.279
2201	50.625	16.757	64.354	-16.881
2202	59.063	14.01	65.007	-19.809
2204	50.625	22.154	62.701	-17.434
2205	59.063	19.473	63.585	-20.773
2207	50.625	27.391	60.597	-17.486
2208	59.063	24.795	61.705	-21.139
2210	50.625	32.432	58.055	-17.035
2211	59.063	29.939	59.38	-20.897
2213	50.625	37.238	55.096	-16.094
2214	59.063	34.866	56.627	-20.054
2216	50.625	41.777	51.739	-14.689
2217	59.063	39.543	53.466	-18.634
2219	50.625	46.014	48.01	-12.862
2220	59.063	43.935	49.92	-16.678
2222	50.625	49.92	43.935	-10.664
2223	59.063	48.01	46.014	-14.242
2225	50.625	53.466	39.543	-8.1589
2226	59.063	51.739	41.777	-11.396
2228	50.625	56.627	34.866	-5.4185
2229	59.063	55.096	37.238	-8.2207
2231	50.625	59.38	29.939	-2.5215
2232	59.063	58.055	32.432	-4.8084
2234	50.625	61.705	24.795	0.4486
2235	59.063	60.597	27.391	-1.2572
2237	50.625	63.585	19.473	3.4066
2238	59.063	62.701	22.154	2.3311
2240	50.625	65.007	14.01	6.2666
2241	59.063	64.354	16.757	5.8522
2243	50.625	65.961	8.4467	8.9473
2244	59.063	65.543	11.239	9.2062
2246	50.625	66.44	2.8223	11.361
2247	59.063	66.26	5.6396	12.292
2249	50.625	66.44	-2.8223	13.457
2250	59.063	66.5	-1.9429e-013	15.037
2251	50.625	65.961	-8.4467	15.167
2252	59.063	66.26	-5.6396	17.328
2254	50.625	65.007	-14.01	16.435
2255	59.063	65.543	-11.239	19.129
2257	50.625	63.585	-19.473	17.23
2258	59.063	64.354	-16.757	20.378
2260	50.625	61.705	-24.795	17.529
2261	59.063	62.701	-22.154	21.041
2263	50.625	59.38	-29.939	17.323
2264	59.063	60.597	-27.391	21.098
2266	50.625	56.627	-34.866	16.62
2267	59.063	58.055	-32.432	20.549
2269	50.625	53.466	-39.543	15.438
2270	59.063	55.096	-37.238	19.409
2272	50.625	49.92	-43.935	13.812
2273	59.063	51.739	-41.777	17.71
2275	50.625	46.014	-48.01	11.79
2276	59.063	48.01	-46.014	15.502
2278	50.625	41.777	-51.739	9.428
2279	59.063	43.935	-49.92	12.849
2281	50.625	37.238	-55.096	6.7955
2282	59.063	39.543	-53.466	9.8256
2284	50.625	32.432	-58.055	3.9678
2285	59.063	34.866	-56.627	6.5202
2287	50.625	27.391	-60.597	1.0261
2288	59.063	29.939	-59.38	3.0273
2290	50.625	22.154	-62.701	-1.9451
2291	59.063	24.795	-61.705	-0.55285
2293	50.625	16.757	-64.354	-4.8607
2294	59.063	19.473	-63.585	-4.1173
2296	50.625	11.239	-65.543	-7.6372
2297	59.063	14.01	-65.007	-7.5635
2299	50.625	5.6396	-66.26	-10.195
2300	59.063	8.4467	-65.961	-10.792
2302	50.625	1.8838e-014	-66.5	-12.465
2303	59.063	2.8223	-66.44	-13.71
2305	50.625	-5.6396	-66.26	-14.363
2306	59.063	-2.8223	-66.44	-16.226
2308	50.625	-11.239	-65.543	-15.843
2309	59.063	-8.4467	-65.961	-18.285
2311	50.625	-16.757	-64.354	-16.878
2312	59.063	-14.01	-65.007	-19.81
2314	50.625	-22.154	-62.701	-17.425
2315	59.063	-19.473	-63.585	-20.768
2317	50.625	-27.391	-60.597	-17.481
2318	59.063	-24.795	-61.705	-21.13
2320	50.625	-32.432	-58.055	-17.034
2321	59.063	-29.939	-59.38	-20.875
2323	50.625	-37.238	-55.096	-16.081
2324	59.063	-34.866	-56.627	-20.031
2326	50.625	-41.777	-51.739	-14.67
2327	59.063	-39.543	-53.466	-18.612
2329	50.625	-46.014	-48.01	-12.842
2330	59.063	-43.935	-49.92	-16.653
2332	50.625	-49.92	-43.935	-10.645
2333	59.063	-48.01	-46.014	-14.216
2335	50.625	-53.466	-39.543	-8.1424
2336	59.063	-51.739	-41.777	-11.37
2338	50.625	-56.627	-34.866	-5.406
2339	59.063	-55.096	-37.238	-8.1985
2341	50.625	-59.38	-29.939	-2.5143
2342	59.063	-58.055	-32.432	-4.7914
2344	50.625	-61.705	-24.795	0.44983
2345	59.062	-60.597	-27.391	-1.2468
2347	50.625	-63.585	-19.473	3.4011
2348	59.063	-62.701	-22.154	2.3335
2350	50.625	-65.007	-14.01	6.2548
2351	59.063	-64.354	-16.757	5.8468
2353	50.625	-65.961	-8.4467	8.9288
2354	59.063	-65.543	-11.239	9.192
2356	59.063	-66.26	-5.6396	12.273
2357	50.625	-66.44	-2.8223	11.346
2359	67.5	-65.961	8.4467	21.465
2360	75.938	-66.26	5.6396	23.465
2361	67.5	-66.44	2.8223	19.049
2363	67.5	-65.007	14.01	23.265
2364	75.938	-65.543	11.239	25.906
2366	67.5	-63.585	19.473	24.395
2367	75.938	-64.354	16.757	27.604
2369	67.5	-61.705	24.795	24.825
2370	75.938	-62.701	22.154	28.508
2372	67.5	-59.38	29.939	24.541
2373	75.938	-60.597	27.391	28.592
2375	67.5	-56.627	34.866	23.552
2376	75.938	-58.055	32.432	27.856
2378	67.5	-53.466	39.543	21.885
2379	75.938	-55.096	37.238	26.318
2381	67.5	-49.92	43.935	19.589
2382	75.938	-51.739	41.777	24.024
2384	67.5	-46.014	48.01	16.73
2385	75.938	-48.01	46.014	21.039
2387	67.5	-41.777	51.739	13.389
2388	75.938	-43.935	49.92	17.448
2390	67.5	-37.238	55.096	9.662
2391	75.938	-39.543	53.466	13.354
2393	67.5	-32.432	58.055	5.6566
2394	75.938	-34.866	56.627	8.876
2396	67.5	-27.391	60.597	1.4874
2397	75.938	-29.939	59.38	4.141
2399	67.5	-22.154	62.701	-2.7257
2400	75.938	-24.795	61.705	-0.71453
2402	67.5	-16.757	64.354	-6.8616
2403	75.938	-19.473	63.585	-5.5509
2405	67.5	-11.239	65.543	-10.801
2406	75.938	-14.01	65.007	-10.229
2408	67.5	-5.6396	66.26	-14.431
2409	75.938	-8.4467	65.961	-14.614
2411	67.5	3.4369e-013	66.5	-17.652
2412	75.938	-2.8223	66.44	-18.578
2414	67.5	5.6396	66.26	-20.35
2415	75.938	2.8223	66.44	-22.003
2417	67.5	11.239	65.543	-22.463
2418	75.938	8.4467	65.961	-24.798
2420	67.5	16.757	64.354	-23.936
2421	75.938	14.01	65.007	-26.875
2423	67.5	22.154	62.701	-24.719
2424	75.938	19.473	63.585	-28.181
2426	67.5	27.391	60.597	-24.793
2427	75.938	24.795	61.705	-28.678
2429	67.5	32.432	58.055	-24.153
2430	75.938	29.939	59.38	-28.35
2432	67.5	37.238	55.096	-22.819
2433	75.938	34.866	56.627	-27.207
2435	67.5	41.777	51.739	-20.828
2436	75.938	39.543	53.466	-25.281
2438	67.5	46.014	48.01	-18.238
2439	75.938	43.935	49.92	-22.628
2441	67.5	49.92	43.935	-15.122
2442	75.938	48.01	46.014	-19.324
2444	67.5	53.466	39.543	-11.571
2445	75.938	51.739	41.777	-15.462
2447	67.5	56.627	34.866	-7.6856
2448	75.938	55.096	37.238	-11.155
2450	67.5	59.38	29.939	-3.5784
2451	75.938	58.055	32.432	-6.5266
2453	67.5	61.705	24.795	0.63236
2454	75.938	60.597	27.391	-1.709
2456	67.5	63.585	19.473	4.8258
2457	75.938	62.701	22.154	3.1588
2459	67.5	65.007	14.01	8.8799
2460	75.938	64.354	16.757	7.9357
2462	67.5	65.961	8.4467	12.681
2463	75.938	65.543	11.239	12.486
2465	67.5	66.44	2.8223	16.106
2466	75.938	66.26	5.6396	16.673
2468	67.5	66.44	-2.8223	19.079
2469	75.938	66.5	-1.9429e-013	20.394
2470	67.5	65.961	-8.4467	21.501
2471	75.938	66.26	-5.6396	23.505
2473	67.5	65.007	-14.01	23.3
2474	75.938	65.543	-11.239	25.948
2476	67.5	63.585	-19.473	24.429
2477	75.938	64.354	-16.757	27.644
2479	67.5	61.705	-24.795	24.854
2480	75.938	62.701	-22.154	28.545
2482	67.5	59.38	-29.939	24.565
2483	75.938	60.597	-27.391	28.625
2485	67.5	56.627	-34.866	23.569
2486	75.938	58.055	-32.432	27.881
2488	67.5	53.466	-39.543	21.896
2489	75.938	55.096	-37.238	26.336
2491	67.5	49.92	-43.935	19.592
2492	75.938	51.739	-41.777	24.033
2494	67.5	46.014	-48.01	16.725
2495	75.938	48.01	-46.014	21.039
2497	67.5	41.777	-51.739	13.377
2498	75.938	43.935	-49.92	17.44
2500	67.5	37.238	-55.096	9.6443
2501	75.938	39.543	-53.466	13.338
2503	67.5	32.432	-58.055	5.6339
2504	75.938	34.866	-56.627	8.8533
2506	67.5	27.391	-60.597	1.4613
2507	75.938	29.939	-59.38	4.1131
2509	67.5	22.154	-62.701	-2.7536
2510	75.938	24.795	-61.705	-0.74579
2512	67.5	16.757	-64.354	-6.8895
2513	75.938	19.473	-63.585	-5.5836
2515	67.5	11.239	-65.543	-10.827
2516	75.938	14.01	-65.007	-10.261
2518	67.5	5.6396	-66.26	-14.454
2519	75.938	8.4467	-65.961	-14.643
2521	67.5	1.8838e-014	-66.5	-17.67
2522	75.938	2.8223	-66.44	-18.603
2524	67.5	-5.6396	-66.26	-20.363
2525	75.938	-2.8223	-66.44	-22.022
2527	67.5	-11.239	-65.543	-22.469
2528	75.938	-8.4467	-65.961	-24.81
2530	67.5	-16.757	-64.354	-23.935
2531	75.938	-14.01	-65.007	-26.88
2533	67.5	-22.154	-62.701	-24.711
2534	75.938	-19.473	-63.585	-28.179
2536	67.5	-27.391	-60.597	-24.784
2537	75.938	-24.795	-61.705	-28.669
2539	67.5	-32.432	-58.055	-24.144
2540	75.938	-29.939	-59.38	-28.329
2542	67.5	-37.238	-55.096	-22.797
2543	75.938	-34.866	-56.627	-27.18
2545	67.5	-41.777	-51.739	-20.798
2546	75.938	-39.543	-53.466	-25.251
2548	67.5	-46.014	-48.01	-18.206
2549	75.938	-43.935	-49.92	-22.591
2551	67.5	-49.92	-43.935	-15.09
2552	75.938	-48.01	-46.014	-19.284
2554	67.5	-53.466	-39.543	-11.54
2555	75.938	-51.739	-41.777	-15.423
2557	67.5	-56.627	-34.866	-7.6598
2558	75.938	-55.096	-37.238	-11.119
2560	67.5	-59.38	-29.939	-3.5596
2561	75.938	-58.055	-32.432	-6.4963
2563	67.5	-61.705	-24.795	0.64258
2564	75.938	-60.597	-27.391	-1.6876
2566	67.5	-63.585	-19.473	4.826
2567	75.938	-62.701	-22.154	3.169
2569	67.5	-65.007	-14.01	8.8706
2570	75.938	-64.354	-16.757	7.9342
2572	67.5	-65.961	-8.4467	12.66
2573	75.938	-65.543	-11.239	12.471
2575	75.938	-66.26	-5.6396	16.65
2576	67.5	-66.44	-2.8223	16.086
2578	84.375	-65.961	8.4467	28.088
2579	92.813	-66.26	5.6396	29.743
2580	84.375	-66.44	2.8223	24.927
2582	84.375	-65.007	14.01	30.443
2583	92.813	-65.543	11.239	32.837
2585	84.375	-63.585	19.473	31.923
2586	92.813	-64.354	16.757	34.989
2588	84.375	-61.705	24.795	32.485
2589	92.813	-62.701	22.154	36.135
2591	84.375	-59.38	29.939	32.115
2592	92.813	-60.597	27.391	36.243
2594	84.375	-56.627	34.866	30.821
2595	92.813	-58.055	32.432	35.31
2597	84.375	-53.466	39.543	28.642
2598	92.813	-55.096	37.238	33.362
2600	84.375	-49.92	43.935	25.638
2601	92.813	-51.739	41.777	30.455
2603	84.375	-46.014	48.01	21.897
2604	92.813	-48.01	46.014	26.672
2606	84.375	-41.777	51.739	17.526
2607	92.813	-43.935	49.92	22.12
2609	84.375	-37.238	55.096	12.649
2610	92.813	-39.543	53.466	16.932
2612	84.375	-32.432	58.055	7.4068
2613	92.813	-34.866	56.627	11.255
2615	84.375	-27.391	60.597	1.95
2616	92.813	-29.939	59.38	5.2521
2618	84.375	-22.154	62.701	-3.5647
2619	92.813	-24.795	61.705	-0.90356
2621	84.375	-16.757	64.354	-8.9784
2622	92.813	-19.473	63.585	-7.0352
2624	84.375	-11.239	65.543	-14.135
2625	92.813	-14.01	65.007	-12.966
2627	84.375	-5.6396	66.26	-18.887
2628	92.813	-8.4467	65.961	-18.526
2630	84.375	3.4369e-013	66.5	-23.099
2631	92.813	-2.8223	66.44	-23.551
2633	84.375	5.6396	66.26	-26.63
2634	92.813	2.8223	66.44	-27.895
2636	84.375	11.239	65.543	-29.398
2637	92.813	8.4467	65.961	-31.433
2639	84.375	16.757	64.354	-31.324
2640	92.813	14.01	65.007	-34.068
2642	84.375	22.154	62.701	-32.349
2643	92.813	19.473	63.585	-35.723
2645	84.375	27.391	60.597	-32.445
2646	92.813	24.795	61.705	-36.352
2648	84.375	32.432	58.055	-31.608
2649	92.813	29.939	59.38	-35.937
2651	84.375	37.238	55.096	-29.862
2652	92.813	34.866	56.627	-34.488
2654	84.375	41.777	51.739	-27.257
2655	92.813	39.543	53.466	-32.048
2657	84.375	46.014	48.01	-23.868
2658	92.813	43.935	49.92	-28.685
2660	84.375	49.92	43.935	-19.791
2661	92.813	48.01	46.014	-24.496
2663	84.375	53.466	39.543	-15.144
2664	92.813	51.739	41.777	-19.602
2666	84.375	56.627	34.866	-10.06
2667	92.813	55.096	37.238	-14.143
2669	84.375	59.38	29.939	-4.6859
2670	92.813	58.055	32.432	-8.2757
2672	84.375	61.705	24.795	0.82439
2673	92.813	60.597	27.391	-2.169
2675	84.375	63.585	19.473	6.3122
2676	92.813	62.701	22.154	4.0015
2678	84.375	65.007	14.01	11.618
2679	92.813	64.354	16.757	10.057
2681	84.375	65.961	8.4467	16.592
2682	92.813	65.543	11.239	15.825
2684	84.375	66.44	2.8223	21.077
2685	92.813	66.26	5.6396	21.133
2687	84.375	66.44	-2.8223	24.967
2688	92.813	66.5	-1.9429e-013	25.848
2689	84.375	65.961	-8.4467	28.135
2690	92.813	66.26	-5.6396	29.793
2692	84.375	65.007	-14.01	30.489
2693	92.813	65.543	-11.239	32.89
2695	84.375	63.585	-19.473	31.968
2696	92.813	64.354	-16.757	35.041
2698	84.375	61.705	-24.795	32.526
2699	92.813	62.701	-22.154	36.184
2701	84.375	59.38	-29.939	32.149
2702	92.813	60.597	-27.391	36.286
2704	84.375	56.627	-34.866	30.848
2705	92.813	58.055	-32.432	35.345
2707	84.375	53.466	-39.543	28.659
2708	92.813	55.096	-37.238	33.388
2710	84.375	49.92	-43.935	25.645
2711	92.813	51.739	-41.777	30.47
2713	84.375	46.014	-48.01	21.894
2714	92.813	48.01	-46.014	26.675
2716	84.375	41.777	-51.739	17.513
2717	92.813	43.935	-49.92	22.113
2719	84.375	37.238	-55.096	12.628
2720	92.813	39.543	-53.466	16.914
2722	84.375	32.432	-58.055	7.3785
2723	92.813	34.866	-56.627	11.228
2725	84.375	27.391	-60.597	1.9165
2726	92.813	29.939	-59.38	5.2177
2728	84.375	22.154	-62.701	-3.6013
2729	92.813	24.795	-61.705	-0.94302
2731	84.375	16.757	-64.354	-9.0158
2732	92.813	19.473	-63.585	-7.0772
2734	84.375	11.239	-65.543	-14.171
2735	92.813	14.01	-65.007	-13.008
2737	84.375	5.6396	-66.26	-18.919
2738	92.813	8.4467	-65.961	-18.565
2740	84.375	1.8838e-014	-66.5	-23.125
2741	92.813	2.8223	-66.44	-23.586
2743	84.375	-5.6396	-66.26	-26.65
2744	92.813	-2.8223	-66.44	-27.922
2746	84.375	-11.239	-65.543	-29.41
2747	92.813	-8.4467	-65.961	-31.453
2749	84.375	-16.757	-64.354	-31.327
2750	92.813	-14.01	-65.007	-34.078
2752	84.375	-22.154	-62.701	-32.343
2753	92.813	-19.473	-63.585	-35.723
2755	84.375	-27.391	-60.597	-32.434
2756	92.813	-24.795	-61.705	-36.344
2758	84.375	-32.432	-58.055	-31.594
2759	92.813	-29.939	-59.38	-35.917
2761	84.375	-37.238	-55.096	-29.835
2762	92.813	-34.866	-56.627	-34.458
2764	84.375	-41.777	-51.739	-27.219
2765	92.813	-39.543	-53.466	-32.01
2767	84.375	-46.014	-48.01	-23.825
2768	92.813	-43.935	-49.92	-28.638
2770	84.375	-49.92	-43.935	-19.746
2771	92.813	-48.01	-46.014	-24.444
2773	84.375	-53.466	-39.543	-15.1
2774	92.813	-51.739	-41.777	-19.549
2776	84.375	-56.627	-34.866	-10.021
2777	92.813	-55.096	-37.238	-14.093
2779	84.375	-59.38	-29.939	-4.6553
2780	92.813	-58.055	-32.432	-8.2327
2782	84.375	-61.705	-24.795	0.84351
2783	92.813	-60.597	-27.391	-2.1373
2785	84.375	-63.585	-19.473	6.3175
2786	92.813	-62.701	-22.154	4.0187
2788	84.375	-65.007	-14.01	11.609
2789	92.813	-64.354	-16.757	10.059
2791	84.375	-65.961	-8.4467	16.568
2792	92.813	-65.543	-11.239	15.809
2794	92.813	-66.26	-5.6396	21.105
2795	84.375	-66.44	-2.8223	21.05
2797	101.25	-65.961	8.4467	34.636
2798	109.69	-66.26	5.6396	35.784
2799	101.25	-66.44	2.8223	30.738
2801	101.25	-65.007	14.01	37.54
2802	109.69	-65.543	11.239	39.506
2804	101.25	-63.585	19.473	39.365
2805	109.69	-64.354	16.757	42.095
2807	101.25	-61.705	24.795	40.06
2808	109.69	-62.701	22.154	43.474
2810	101.25	-59.38	29.939	39.603
2811	109.69	-60.597	27.391	43.605
2813	101.25	-56.627	34.866	38.009
2814	109.69	-58.055	32.432	42.483
2816	101.25	-53.466	39.543	35.322
2817	109.69	-55.096	37.238	40.14
2819	101.25	-49.92	43.935	31.619
2820	109.69	-51.739	41.777	36.642
2822	101.25	-46.014	48.01	27.006
2823	109.69	-48.01	46.014	32.091
2825	101.25	-41.777	51.739	21.615
2826	109.69	-43.935	49.92	26.615
2828	101.25	-37.238	55.096	15.601
2829	109.69	-39.543	53.466	20.373
2831	101.25	-32.432	58.055	9.1366
2832	109.69	-34.866	56.627	13.542
2834	101.25	-27.391	60.597	2.4069
2835	109.69	-29.939	59.38	6.32
2837	101.25	-22.154	62.701	-4.3943
2838	109.69	-24.795	61.705	-1.0865
2840	101.25	-16.757	64.354	-11.071
2841	109.69	-19.473	63.585	-8.4638
2843	101.25	-11.239	65.543	-17.43
2844	109.69	-14.01	65.007	-15.599
2846	101.25	-5.6396	66.26	-23.291
2847	109.69	-8.4467	65.961	-22.287
2849	101.25	3.4369e-013	66.5	-28.482
2850	109.69	-2.8223	66.44	-28.332
2852	101.25	5.6396	66.26	-32.837
2853	109.69	2.8223	66.44	-33.562
2855	101.25	11.239	65.543	-36.253
2856	109.69	8.4467	65.961	-37.817
2858	101.25	16.757	64.354	-38.628
2859	109.69	14.01	65.007	-40.987
2861	101.25	22.154	62.701	-39.893
2862	109.69	19.473	63.585	-42.98
2864	101.25	27.391	60.597	-40.011
2865	109.69	24.795	61.705	-43.737
2867	101.25	32.432	58.055	-38.979
2868	109.69	29.939	59.38	-43.237
2870	101.25	37.238	55.096	-36.827
2871	109.69	34.866	56.627	-41.494
2873	101.25	41.777	51.739	-33.614
2874	109.69	39.543	53.466	-38.558
2876	101.25	46.014	48.01	-29.435
2877	109.69	43.935	49.92	-34.512
2879	101.25	49.92	43.935	-24.408
2880	109.69	48.01	46.014	-29.473
2882	101.25	53.466	39.543	-18.678
2883	109.69	51.739	41.777	-23.585
2885	101.25	56.627	34.866	-12.409
2886	109.69	55.096	37.238	-17.017
2888	101.25	59.38	29.939	-5.7811
2889	109.69	58.055	32.432	-9.9579
2891	101.25	61.705	24.795	1.0141
2892	109.69	60.597	27.391	-2.6108
2894	101.25	63.585	19.473	7.7815
2895	109.69	62.701	22.154	4.813
2897	101.25	65.007	14.01	14.324
2898	109.69	64.354	16.757	12.098
2900	101.25	65.961	8.4467	20.458
2901	109.69	65.543	11.239	19.038
2903	101.25	66.44	2.8223	25.991
2904	109.69	66.26	5.6396	25.423
2906	101.25	66.44	-2.8223	30.787
2907	109.69	66.5	-1.9429e-013	31.096
2908	101.25	65.961	-8.4467	34.693
2909	109.69	66.26	-5.6396	35.843
2911	101.25	65.007	-14.01	37.598
2912	109.69	65.543	-11.239	39.569
2914	101.25	63.585	-19.473	39.421
2915	109.69	64.354	-16.757	42.157
2917	101.25	61.705	-24.795	40.111
2918	109.69	62.701	-22.154	43.534
2920	101.25	59.38	-29.939	39.648
2921	109.69	60.597	-27.391	43.658
2923	101.25	56.627	-34.866	38.044
2924	109.69	58.055	-32.432	42.527
2926	101.25	53.466	-39.543	35.346
2927	109.69	55.096	-37.238	40.173
2929	101.25	49.92	-43.935	31.63
2930	109.69	51.739	-41.777	36.663
2932	101.25	46.014	-48.01	27.005
2933	109.69	48.01	-46.014	32.097
2935	101.25	41.777	-51.739	21.602
2936	109.69	43.935	-49.92	26.608
2938	101.25	37.238	-55.096	15.577
2939	109.69	39.543	-53.466	20.353
2941	101.25	32.432	-58.055	9.1028
2942	109.69	34.866	-56.627	13.511
2944	101.25	27.391	-60.597	2.366
2945	109.69	29.939	-59.38	6.2793
2947	101.25	22.154	-62.701	-4.4397
2948	109.69	24.795	-61.705	-1.1339
2950	101.25	16.757	-64.354	-11.118
2951	109.69	19.473	-63.585	-8.515
2953	101.25	11.239	-65.543	-17.476
2954	109.69	14.01	-65.007	-15.651
2956	101.25	5.6396	-66.26	-23.333
2957	109.69	8.4467	-65.961	-22.337
2959	101.25	1.8838e-014	-66.5	-28.518
2960	109.69	2.8223	-66.44	-28.377
2962	101.25	-5.6396	-66.26	-32.865
2963	109.69	-2.8223	-66.44	-33.598
2965	101.25	-11.239	-65.543	-36.271
2966	109.69	-8.4467	-65.961	-37.843
2968	101.25	-16.757	-64.354	-38.635
2969	109.69	-14.01	-65.007	-41.002
2971	101.25	-22.154	-62.701	-39.888
2972	109.69	-19.473	-63.585	-42.981
2974	101.25	-27.391	-60.597	-39.997
2975	109.69	-24.795	-61.705	-43.726
2977	101.25	-32.432	-58.055	-38.957
2978	109.69	-29.939	-59.38	-43.215
2980	101.25	-37.238	-55.096	-36.791
2981	109.69	-34.866	-56.627	-41.458
2983	101.25	-41.777	-51.739	-33.567
2984	109.69	-39.543	-53.466	-38.511
2986	101.25	-46.014	-48.01	-29.38
2987	109.69	-43.935	-49.92	-34.454
2989	101.25	-49.92	-43.935	-24.349
2990	109.69	-48.01	-46.014	-29.409
2992	101.25	-53.466	-39.543	-18.62
2993	109.69	-51.739	-41.777	-23.519
2995	101.25	-56.627	-34.866	-12.356
2996	109.69	-55.096	-37.238	-16.955
2998	101.25	-59.38	-29.939	-5.7393
2999	109.69	-58.055	-32.432	-9.9042
3001	101.25	-61.705	-24.795	1.0416
3002	109.69	-60.597	-27.391	-2.5706
3004	101.25	-63.585	-19.473	7.7917
3005	109.69	-62.701	-22.154	4.8358
3007	101.25	-65.007	-14.01	14.317
3008	109.69	-64.354	-16.757	12.102
3010	101.25	-65.961	-8.4467	20.431
3011	109.69	-65.543	-11.239	19.02
3013	109.69	-66.26	-5.6396	25.391
3014	101.25	-66.44	-2.8223	25.957
3016	118.13	-65.961	8.4467	40.845
3017	126.56	-66.26	5.6396	41.648
3018	118.13	-66.44	2.8223	36.248
3020	118.13	-65.007	14.01	44.269
3021	126.56	-65.543	11.239	45.981
3023	118.13	-63.585	19.473	46.422
3024	126.56	-64.354	16.757	48.993
3026	118.13	-61.705	24.795	47.241
3027	126.56	-62.701	22.154	50.599
3029	118.13	-59.38	29.939	46.703
3030	126.56	-60.597	27.391	50.752
3032	118.13	-56.627	34.866	44.824
3033	126.56	-58.055	32.432	49.446
3035	118.13	-53.466	39.543	41.655
3036	126.56	-55.096	37.238	46.72
3038	118.13	-49.92	43.935	37.289
3039	126.56	-51.739	41.777	42.65
3041	118.13	-46.014	48.01	31.849
3042	126.56	-48.01	46.014	37.353
3044	118.13	-41.777	51.739	25.492
3045	126.56	-43.935	49.92	30.98
3047	118.13	-37.238	55.096	18.4
3048	126.56	-39.543	53.466	23.715
3050	118.13	-32.432	58.055	10.776
3051	126.56	-34.866	56.627	15.765
3053	118.13	-27.391	60.597	2.8395
3054	126.56	-29.939	59.38	7.3582
3056	118.13	-22.154	62.701	-5.1813
3057	126.56	-24.795	61.705	-1.2631
3059	118.13	-16.757	64.354	-13.055
3060	126.56	-19.473	63.585	-9.8508
3062	118.13	-11.239	65.543	-20.554
3063	126.56	-14.01	65.007	-18.157
3065	118.13	-5.6396	66.26	-27.465
3066	126.56	-8.4467	65.961	-25.943
3068	118.13	3.4369e-013	66.5	-33.584
3069	126.56	-2.8223	66.44	-32.979
3071	118.13	5.6396	66.26	-38.721
3072	126.56	2.8223	66.44	-39.068
3074	118.13	11.239	65.543	-42.752
3075	126.56	8.4467	65.961	-44.016
3077	118.13	16.757	64.354	-45.553
3078	126.56	14.01	65.007	-47.704
3080	118.13	22.154	62.701	-47.044
3081	126.56	19.473	63.585	-50.023
3083	118.13	27.391	60.597	-47.184
3084	126.56	24.795	61.705	-50.905
3086	118.13	32.432	58.055	-45.967
3087	126.56	29.939	59.38	-50.323
3089	118.13	37.238	55.096	-43.429
3090	126.56	34.866	56.627	-48.295
3092	118.13	41.777	51.739	-39.641
3093	126.56	39.543	53.466	-44.879
3095	118.13	46.014	48.01	-34.713
3096	126.56	43.935	49.92	-40.171
3098	118.13	49.92	43.935	-28.785
3099	126.56	48.01	46.014	-34.306
3101	118.13	53.466	39.543	-22.028
3102	126.56	51.739	41.777	-27.453
3104	118.13	56.627	34.866	-14.635
3105	126.56	55.096	37.238	-19.809
3107	118.13	59.38	29.939	-6.8189
3108	126.56	58.055	32.432	-11.593
3110	118.13	61.705	24.795	1.1945
3111	126.56	60.597	27.391	-3.0412
3113	118.13	63.585	19.473	9.1753
3114	126.56	62.701	22.154	5.6
3116	118.13	65.007	14.01	16.891
3117	126.56	64.354	16.757	14.08
3119	118.13	65.961	8.4467	24.124
3120	126.56	65.543	11.239	22.158
3122	118.13	66.44	2.8223	30.648
3123	126.56	66.26	5.6396	29.59
3125	118.13	66.44	-2.8223	36.303
3126	126.56	66.5	-1.9429e-013	36.192
3127	118.13	65.961	-8.4467	40.91
3128	126.56	66.26	-5.6396	41.717
3130	118.13	65.007	-14.01	44.337
3131	126.56	65.543	-11.239	46.053
3133	118.13	63.585	-19.473	46.488
3134	126.56	64.354	-16.757	49.066
3136	118.13	61.705	-24.795	47.303
3137	126.56	62.701	-22.154	50.669
3139	118.13	59.38	-29.939	46.757
3140	126.56	60.597	-27.391	50.815
3142	118.13	56.627	-34.866	44.867
3143	126.56	58.055	-32.432	49.499
3145	118.13	53.466	-39.543	41.685
3146	126.56	55.096	-37.238	46.76
3148	118.13	49.92	-43.935	37.304
3149	126.56	51.739	-41.777	42.675
3151	118.13	46.014	-48.01	31.85
3152	126.56	48.01	-46.014	37.363
3154	118.13	41.777	-51.739	25.478
3155	126.56	43.935	-49.92	30.974
3157	118.13	37.238	-55.096	18.373
3158	126.56	39.543	-53.466	23.693
3160	118.13	32.432	-58.055	10.737
3161	126.56	34.866	-56.627	15.729
3163	118.13	27.391	-60.597	2.7915
3164	126.56	29.939	-59.38	7.311
3166	118.13	22.154	-62.701	-5.2353
3167	126.56	24.795	-61.705	-1.3187
3169	118.13	16.757	-64.354	-13.112
3170	126.56	19.473	-63.585	-9.9115
3172	118.13	11.239	-65.543	-20.61
3173	126.56	14.01	-65.007	-18.219
3175	118.13	5.6396	-66.26	-27.517
3176	126.56	8.4467	-65.961	-26.003
3178	118.13	1.8838e-014	-66.5	-33.629
3179	126.56	2.8223	-66.44	-33.033
3181	118.13	-5.6396	-66.26	-38.757
3182	126.56	-2.8223	-66.44	-39.113
3184	118.13	-11.239	-65.543	-42.776
3185	126.56	-8.4467	-65.961	-44.05
3187	118.13	-16.757	-64.354	-45.563
3188	126.56	-14.01	-65.007	-47.725
3190	118.13	-22.154	-62.701	-47.04
3191	126.56	-19.473	-63.585	-50.028
3193	118.13	-27.391	-60.597	-47.164
3194	126.56	-24.795	-61.705	-50.895
3196	118.13	-32.432	-58.055	-45.936
3197	126.56	-29.939	-59.38	-50.301
3199	118.13	-37.238	-55.096	-43.384
3200	126.56	-34.866	-56.627	-48.256
3202	118.13	-41.777	-51.739	-39.584
3203	126.56	-39.543	-53.466	-44.825
3205	118.13	-46.014	-48.01	-34.647
3206	126.56	-43.935	-49.92	-40.103
3208	118.13	-49.92	-43.935	-28.714
3209	126.56	-48.01	-46.014	-34.23
3211	118.13	-53.466	-39.543	-21.957
3212	126.56	-51.739	-41.777	-27.374
3214	118.13	-56.627	-34.866	-14.571
3215	126.56	-55.096	-37.238	-19.733
3217	118.13	-59.38	-29.939	-6.7675
3218	126.56	-58.055	-32.432	-11.526
3220	118.13	-61.705	-24.795	1.2291
3221	126.56	-60.597	-27.391	-2.9906
3223	118.13	-63.585	-19.473	9.1892
3224	126.56	-62.701	-22.154	5.6295
3226	118.13	-65.007	-14.01	16.884
3227	126.56	-64.354	-16.757	14.087
3229	118.13	-65.961	-8.4467	24.094
3230	126.56	-65.543	-11.239	22.138
3232	118.13	-66.44	-2.8223	30.611
3233	126.56	-66.26	-5.6396	29.553
3235	135.	-66.44	2.8223	42.122
3236	135.	-65.961	8.4467	47.463
3238	25.313	-66.5	-8.1439e-015	5.379
3240	42.188	-66.5	-8.1439e-015	10.033
3242	59.063	-66.5	-8.1439e-015	15.001
3244	75.938	-66.5	-8.1439e-015	20.35
3246	92.813	-66.5	-8.1439e-015	25.794
3248	109.69	-66.5	-8.1439e-015	31.033
3250	126.56	-66.5	-8.1439e-015	36.119
3252	135.	-66.44	-2.8223	35.571
3254	135.	-65.961	-8.4467	27.999
3256	135.	-65.007	-14.01	19.621
3258	135.	-63.585	-19.473	10.68
3260	135.	-61.705	-24.795	1.4302
3262	135.	-59.38	-29.939	-7.8623
3264	135.	-56.627	-34.866	-16.931
3266	135.	-53.466	-39.543	-25.516
3268	135.	-49.92	-43.935	-33.369
3270	135.	-46.014	-48.01	-40.266
3272	135.	-41.777	-51.739	-46.006
3274	135.	-37.238	-55.096	-50.423
3276	135.	-32.432	-58.055	-53.385
3278	135.	-27.391	-60.597	-54.811
3280	135.	-22.154	-62.701	-54.668
3282	135.	-16.757	-64.354	-52.95
3284	135.	-11.239	-65.543	-49.71
3286	135.	-5.6396	-66.26	-45.04
3288	135.	4.072e-015	-66.5	-39.09
3290	135.	5.6396	-66.26	-31.993
3292	135.	11.239	-65.543	-23.963
3294	135.	16.757	-64.354	-15.244
3296	135.	22.154	-62.701	-6.0866
3298	135.	27.391	-60.597	3.2443
3300	135.	32.432	-58.055	12.48
3302	135.	37.238	-55.096	21.354
3304	135.	41.777	-51.739	29.612
3306	135.	46.014	-48.01	37.017
3308	135.	49.92	-43.935	43.355
3310	135.	53.466	-39.543	48.445
3312	135.	56.627	-34.866	52.141
3314	135.	59.38	-29.939	54.337
3316	135.	61.705	-24.795	54.97
3318	135.	63.585	-19.473	54.022
3320	135.	65.007	-14.01	51.521
3322	135.	65.961	-8.4467	47.538
3324	135.	66.44	-2.8223	42.189
3326	135.	66.44	2.8223	35.62
3327	135.	65.961	8.4467	28.038
3329	135.	65.007	14.01	19.63
3331	135.	63.585	19.473	10.662
3333	135.	61.705	24.795	1.3867
3335	135.	59.38	29.939	-7.9265
3337	135.	56.627	34.866	-17.01
3339	135.	53.466	39.543	-25.601
3341	135.	49.92	43.935	-33.453
3343	135.	46.014	48.01	-40.342
3345	135.	41.777	51.739	-46.068
3347	135.	37.238	55.096	-50.469
3349	135.	32.432	58.055	-53.417
3351	135.	27.391	60.597	-54.83
3353	135.	22.154	62.701	-54.667
3355	135.	16.757	64.354	-52.933
3357	135.	11.239	65.543	-49.679
3359	135.	5.6396	66.26	-44.995
3361	135.	3.7322e-013	66.5	-39.035
3363	135.	-5.6396	66.26	-31.93
3365	135.	-11.239	65.543	-23.895
3367	135.	-16.757	64.354	-15.176
3369	135.	-22.154	62.701	-6.0221
3371	135.	-27.391	60.597	3.3011
3373	135.	-32.432	58.055	12.525
3375	135.	-37.238	55.096	21.386
3377	135.	-41.777	51.739	29.628
3379	135.	-46.014	48.01	37.014
3381	135.	-49.92	43.935	43.335
3383	135.	-53.466	39.543	48.408
3385	135.	-56.627	34.866	52.089
3387	135.	-59.38	29.939	54.272
3389	135.	-61.705	24.795	54.896
3391	135.	-63.585	19.473	53.944
3393	135.	-65.007	14.01	51.442
