節点番号	X 座標 (mm)	Y 座標 (mm)	Z 座標 (mm)	各方向での変形量 (mm)
80	0.	-66.5	-8.1439e-015	0.
81	0.	-66.26	-5.6396	0.
82	0.	-65.543	-11.239	0.
83	0.	-64.354	-16.757	0.
84	0.	-62.701	-22.154	0.
85	0.	-60.597	-27.391	0.
86	0.	-58.055	-32.432	0.
87	0.	-55.096	-37.238	0.
88	0.	-51.739	-41.777	0.
89	0.	-48.01	-46.014	0.
90	0.	-43.935	-49.92	0.
91	0.	-39.543	-53.466	0.
92	0.	-34.866	-56.627	0.
93	0.	-29.939	-59.38	0.
94	0.	-24.795	-61.705	0.
95	0.	-19.473	-63.585	0.
96	0.	-14.01	-65.007	0.
97	0.	-8.4467	-65.961	0.
98	0.	-2.8223	-66.44	0.
99	0.	2.8223	-66.44	0.
100	0.	8.4467	-65.961	0.
101	0.	14.01	-65.007	0.
102	0.	19.473	-63.585	0.
103	0.	24.795	-61.705	0.
104	0.	29.939	-59.38	0.
105	0.	34.866	-56.627	0.
106	0.	39.543	-53.466	0.
107	0.	43.935	-49.92	0.
108	0.	48.01	-46.014	0.
109	0.	51.739	-41.777	0.
110	0.	55.096	-37.238	0.
111	0.	58.055	-32.432	0.
112	0.	60.597	-27.391	0.
113	0.	62.701	-22.154	0.
114	0.	64.354	-16.757	0.
115	0.	65.543	-11.239	0.
116	0.	66.26	-5.6396	0.
117	0.	66.5	-1.9429e-013	0.
118	0.	66.26	5.6396	0.
119	0.	65.543	11.239	0.
120	0.	64.354	16.757	0.
121	0.	62.701	22.154	0.
122	0.	60.597	27.391	0.
123	0.	58.055	32.432	0.
124	0.	55.096	37.238	0.
125	0.	51.739	41.777	0.
126	0.	48.01	46.014	0.
127	0.	43.935	49.92	0.
128	0.	39.543	53.466	0.
129	0.	34.866	56.627	0.
130	0.	29.939	59.38	0.
131	0.	24.795	61.705	0.
132	0.	19.473	63.585	0.
133	0.	14.01	65.007	0.
134	0.	8.4467	65.961	0.
135	0.	2.8223	66.44	0.
136	0.	-2.8223	66.44	0.
137	0.	-8.4467	65.961	0.
138	0.	-14.01	65.007	0.
139	0.	-19.473	63.585	0.
140	0.	-24.795	61.705	0.
141	0.	-29.939	59.38	0.
142	0.	-34.866	56.627	0.
143	0.	-39.543	53.466	0.
144	0.	-43.935	49.92	0.
145	0.	-48.01	46.014	0.
146	0.	-51.739	41.777	0.
147	0.	-55.096	37.238	0.
148	0.	-58.055	32.432	0.
149	0.	-60.597	27.391	0.
150	0.	-62.701	22.154	0.
151	0.	-64.354	16.757	0.
152	0.	-66.26	5.6396	0.
153	0.	-65.543	11.239	0.
154	16.875	-66.26	5.6396	-2.4925
155	16.875	-65.543	11.239	-1.8523
156	16.875	-64.354	16.757	-1.1584
157	16.875	-62.701	22.154	-0.43102
158	16.875	-60.597	27.391	0.3085
159	16.875	-58.055	32.432	1.0385
160	16.875	-55.096	37.238	1.7376
161	16.875	-51.739	41.777	2.3853
162	16.875	-48.01	46.014	2.9628
163	16.875	-43.935	49.92	3.4531
164	16.875	-39.543	53.466	3.8422
165	16.875	-34.866	56.627	4.1192
166	16.875	-29.939	59.38	4.2766
167	16.875	-24.795	61.705	4.3111
168	16.875	-19.473	63.585	4.223
169	16.875	-14.01	65.007	4.0151
170	16.875	-8.4467	65.961	3.6925
171	16.875	-2.8223	66.44	3.2587
172	16.875	2.8223	66.44	2.7833
173	16.875	8.4467	65.961	2.1602
174	16.875	14.01	65.007	1.504
175	16.875	19.473	63.585	0.79807
176	16.875	24.795	61.705	6.5709e-002
177	16.875	29.939	59.38	-0.67057
178	16.875	34.866	56.627	-1.3875
179	16.875	39.543	53.466	-2.0633
180	16.875	43.935	49.92	-2.6781
181	16.875	48.01	46.014	-3.2137
182	16.875	51.739	41.777	-3.6549
183	16.875	55.096	37.238	-3.9894
184	16.875	58.055	32.432	-4.2086
185	16.875	60.597	27.391	-4.3077
186	16.875	62.701	22.154	-4.2861
187	16.875	64.354	16.757	-4.1453
188	16.875	65.543	11.239	-3.8886
189	16.875	66.26	5.6396	-3.5152
190	16.875	66.5	-1.9429e-013	-3.053
191	16.875	66.26	-5.6396	-2.507
192	16.875	65.543	-11.239	-1.8609
193	16.875	64.354	-16.757	-1.1669
194	16.875	62.701	-22.154	-0.43723
195	16.875	60.597	-27.391	0.30448
196	16.875	58.055	-32.432	1.0361
197	16.875	55.096	-37.238	1.736
198	16.875	51.739	-41.777	2.384
199	16.875	48.01	-46.014	2.9613
200	16.875	43.935	-49.92	3.4512
201	16.875	39.543	-53.466	3.8398
202	16.875	34.866	-56.627	4.1162
203	16.875	29.939	-59.38	4.2732
204	16.875	24.795	-61.705	4.3073
205	16.875	19.473	-63.585	4.219
206	16.875	14.01	-65.007	4.011
207	16.875	8.4467	-65.961	3.6886
208	16.875	2.8223	-66.44	3.2551
209	16.875	-2.8223	-66.44	2.7804
210	16.875	-8.4467	-65.961	2.1587
211	16.875	-14.01	-65.007	1.5053
212	16.875	-19.473	-63.585	0.80401
213	16.875	-24.795	-61.705	7.8983e-002
214	16.875	-29.939	-59.38	-0.65677
215	16.875	-34.866	-56.627	-1.3525
216	16.875	-39.543	-53.466	-2.0253
217	16.875	-43.935	-49.92	-2.6423
218	16.875	-48.01	-46.014	-3.1848
219	16.875	-51.739	-41.777	-3.637
220	16.875	-55.096	-37.238	-3.9853
221	16.875	-58.055	-32.432	-4.2188
222	16.875	-60.597	-27.391	-4.3302
223	16.875	-62.701	-22.154	-4.3159
224	16.875	-64.354	-16.757	-4.1759
225	16.875	-65.543	-11.239	-3.9144
226	16.875	-66.26	-5.6396	-3.5389
227	33.75	-66.26	5.6396	-6.1976
228	33.75	-65.543	11.239	-4.6129
229	33.75	-64.354	16.757	-2.895
230	33.75	-62.701	22.154	-1.0935
231	33.75	-60.597	27.391	0.7395
232	33.75	-58.055	32.432	2.551
233	33.75	-55.096	37.238	4.2887
234	33.75	-51.739	41.777	5.9024
235	33.75	-48.01	46.014	7.3453
236	33.75	-43.935	49.92	8.5759
237	33.75	-39.543	53.466	9.5585
238	33.75	-34.866	56.627	10.265
239	33.75	-29.939	59.38	10.675
240	33.75	-24.795	61.705	10.778
241	33.75	-19.473	63.585	10.571
242	33.75	-14.01	65.007	10.061
243	33.75	-8.4467	65.961	9.2652
244	33.75	-2.8223	66.44	8.1971
245	33.75	2.8223	66.44	6.921
246	33.75	8.4467	65.961	5.407
247	33.75	14.01	65.007	3.7646
248	33.75	19.473	63.585	2.0014
249	33.75	24.795	61.705	0.18042
250	33.75	29.939	59.38	-1.6465
251	33.75	34.866	56.627	-3.4259
252	33.75	39.543	53.466	-5.1063
253	33.75	43.935	49.92	-6.6389
254	33.75	48.01	46.014	-7.9796
255	33.75	51.739	41.777	-9.0896
256	33.75	55.096	37.238	-9.9371
257	33.75	58.055	32.432	-10.498
258	33.75	60.597	27.391	-10.758
259	33.75	62.701	22.154	-10.709
260	33.75	64.354	16.757	-10.353
261	33.75	65.543	11.239	-9.7029
262	33.75	66.26	5.6396	-8.7641
263	33.75	66.5	-1.9429e-013	-7.5811
264	33.75	66.26	-5.6396	-6.1932
265	33.75	65.543	-11.239	-4.6152
266	33.75	64.354	-16.757	-2.8999
267	33.75	62.701	-22.154	-1.098
268	33.75	60.597	-27.391	0.73547
269	33.75	58.055	-32.432	2.5472
270	33.75	55.096	-37.238	4.2847
271	33.75	51.739	-41.777	5.8978
272	33.75	48.01	-46.014	7.3397
273	33.75	43.935	-49.92	8.5692
274	33.75	39.543	-53.466	9.5507
275	33.75	34.866	-56.627	10.256
276	33.75	29.939	-59.38	10.666
277	33.75	24.795	-61.705	10.768
278	33.75	19.473	-63.585	10.561
279	33.75	14.01	-65.007	10.052
280	33.75	8.4467	-65.961	9.2573
281	33.75	2.8223	-66.44	8.191
282	33.75	-2.8223	-66.44	6.9172
283	33.75	-8.4467	-65.961	5.4063
284	33.75	-14.01	-65.007	3.7678
285	33.75	-19.473	-63.585	2.0089
286	33.75	-24.795	-61.705	0.1956
287	33.75	-29.939	-59.38	-1.6315
288	33.75	-34.866	-56.627	-3.4022
289	33.75	-39.543	-53.466	-5.0824
290	33.75	-43.935	-49.92	-6.616
291	33.75	-48.01	-46.014	-7.9608
292	33.75	-51.739	-41.777	-9.0772
293	33.75	-55.096	-37.238	-9.933
294	33.75	-58.055	-32.432	-10.503
295	33.75	-60.597	-27.391	-10.77
296	33.75	-62.701	-22.154	-10.727
297	33.75	-64.354	-16.757	-10.374
298	33.75	-65.543	-11.239	-9.7222
299	33.75	-66.26	-5.6396	-8.7896
300	50.625	-66.26	5.6396	-10.066
301	50.625	-65.543	11.239	-7.4947
302	50.625	-64.354	16.757	-4.7072
303	50.625	-62.701	22.154	-1.7839
304	50.625	-60.597	27.391	1.1909
305	50.625	-58.055	32.432	4.1315
306	50.625	-55.096	37.238	6.9532
307	50.625	-51.739	41.777	9.5746
308	50.625	-48.01	46.014	11.92
309	50.625	-43.935	49.92	13.922
310	50.625	-39.543	53.466	15.523
311	50.625	-34.866	56.627	16.678
312	50.625	-29.939	59.38	17.352
313	50.625	-24.795	61.705	17.526
314	50.625	-19.473	63.585	17.196
315	50.625	-14.01	65.007	16.37
316	50.625	-8.4467	65.961	15.075
317	50.625	-2.8223	66.44	13.338
318	50.625	2.8223	66.44	11.238
319	50.625	8.4467	65.961	8.7894
320	50.625	14.01	65.007	6.1077
321	50.625	19.473	63.585	3.245
322	50.625	24.795	61.705	0.28986
323	50.625	29.939	59.38	-2.6746
324	50.625	34.866	56.627	-5.5626
325	50.625	39.543	53.466	-8.2907
326	50.625	43.935	49.92	-10.78
327	50.625	48.01	46.014	-12.96
328	50.625	51.739	41.777	-14.766
329	50.625	55.096	37.238	-16.148
330	50.625	58.055	32.432	-17.065
331	50.625	60.597	27.391	-17.491
332	50.625	62.701	22.154	-17.414
333	50.625	64.354	16.757	-16.835
334	50.625	65.543	11.239	-15.772
335	50.625	66.26	5.6396	-14.243
336	50.625	66.5	-1.9429e-013	-12.317
337	50.625	66.26	-5.6396	-10.047
338	50.625	65.543	-11.239	-7.4806
339	50.625	64.354	-16.757	-4.6981
340	50.625	62.701	-22.154	-1.7794
341	50.625	60.597	-27.391	1.1914
342	50.625	58.055	-32.432	4.1286
343	50.625	55.096	-37.238	6.9472
344	50.625	51.739	-41.777	9.5657
345	50.625	48.01	-46.014	11.909
346	50.625	43.935	-49.92	13.909
347	50.625	39.543	-53.466	15.508
348	50.625	34.866	-56.627	16.661
349	50.625	29.939	-59.38	17.335
350	50.625	24.795	-61.705	17.51
351	50.625	19.473	-63.585	17.181
352	50.625	14.01	-65.007	16.357
353	50.625	8.4467	-65.961	15.065
354	50.625	2.8223	-66.44	13.331
355	50.625	-2.8223	-66.44	11.236
356	50.625	-8.4467	-65.961	8.792
357	50.625	-14.01	-65.007	6.1156
358	50.625	-19.473	-63.585	3.2575
359	50.625	-24.795	-61.705	0.30815
360	50.625	-29.939	-59.38	-2.6583
361	50.625	-34.866	-56.627	-5.5401
362	50.625	-39.543	-53.466	-8.2701
363	50.625	-43.935	-49.92	-10.761
364	50.625	-48.01	-46.014	-12.944
365	50.625	-51.739	-41.777	-14.755
366	50.625	-55.096	-37.238	-16.141
367	50.625	-58.055	-32.432	-17.062
368	50.625	-60.597	-27.391	-17.493
369	50.625	-62.701	-22.154	-17.421
370	50.625	-64.354	-16.757	-16.846
371	50.625	-65.543	-11.239	-15.787
372	50.625	-66.26	-5.6396	-14.273
373	67.5	-66.26	5.6396	-14.272
374	67.5	-65.543	11.239	-10.628
375	67.5	-64.354	16.757	-6.6771
376	67.5	-62.701	22.154	-2.534
377	67.5	-60.597	27.391	1.6825
378	67.5	-58.055	32.432	5.8511
379	67.5	-55.096	37.238	9.8517
380	67.5	-51.739	41.777	13.569
381	67.5	-48.01	46.014	16.896
382	67.5	-43.935	49.92	19.737
383	67.5	-39.543	53.466	22.01
384	67.5	-34.866	56.627	23.649
385	67.5	-29.939	59.38	24.607
386	67.5	-24.795	61.705	24.856
387	67.5	-19.473	63.585	24.389
388	67.5	-14.01	65.007	23.217
389	67.5	-8.4467	65.961	21.379
390	67.5	-2.8223	66.44	18.915
391	67.5	2.8223	66.44	15.925
392	67.5	8.4467	65.961	12.464
393	67.5	14.01	65.007	8.6589
394	67.5	19.473	63.585	4.6002
395	67.5	24.795	61.705	0.40947
396	67.5	29.939	59.38	-3.7938
397	67.5	34.866	56.627	-7.8884
398	67.5	39.543	53.466	-11.757
399	67.5	43.935	49.92	-15.287
400	67.5	48.01	46.014	-18.378
401	67.5	51.739	41.777	-20.941
402	67.5	55.096	37.238	-22.901
403	67.5	58.055	32.432	-24.202
404	67.5	60.597	27.391	-24.806
405	67.5	62.701	22.154	-24.695
406	67.5	64.354	16.757	-23.871
407	67.5	65.543	11.239	-22.361
408	67.5	66.26	5.6396	-20.195
409	67.5	66.5	-1.9429e-013	-17.466
410	67.5	66.26	-5.6396	-14.239
411	67.5	65.543	-11.239	-10.602
412	67.5	64.354	-16.757	-6.6581
413	67.5	62.701	-22.154	-2.5221
414	67.5	60.597	-27.391	1.6876
415	67.5	58.055	-32.432	5.8497
416	67.5	55.096	-37.238	9.8443
417	67.5	51.739	-41.777	13.556
418	67.5	48.01	-46.014	16.879
419	67.5	43.935	-49.92	19.716
420	67.5	39.543	-53.466	21.986
421	67.5	34.866	-56.627	23.624
422	67.5	29.939	-59.38	24.582
423	67.5	24.795	-61.705	24.832
424	67.5	19.473	-63.585	24.367
425	67.5	14.01	-65.007	23.199
426	67.5	8.4467	-65.961	21.365
427	67.5	2.8223	-66.44	18.908
428	67.5	-2.8223	-66.44	15.924
429	67.5	-8.4467	-65.961	12.469
430	67.5	-14.01	-65.007	8.6703
431	67.5	-19.473	-63.585	4.6171
432	67.5	-24.795	-61.705	0.43284
433	67.5	-29.939	-59.38	-3.7714
434	67.5	-34.866	-56.627	-7.8594
435	67.5	-39.543	-53.466	-11.732
436	67.5	-43.935	-49.92	-15.264
437	67.5	-48.01	-46.014	-18.358
438	67.5	-51.739	-41.777	-20.924
439	67.5	-55.096	-37.238	-22.888
440	67.5	-58.055	-32.432	-24.193
441	67.5	-60.597	-27.391	-24.802
442	67.5	-62.701	-22.154	-24.698
443	67.5	-64.354	-16.757	-23.883
444	67.5	-65.543	-11.239	-22.38
445	67.5	-66.26	-5.6396	-20.234
446	84.375	-66.26	5.6396	-18.677
447	84.375	-65.543	11.239	-13.909
448	84.375	-64.354	16.757	-8.7404
449	84.375	-62.701	22.154	-3.3196
450	84.375	-60.597	27.391	2.1975
451	84.375	-58.055	32.432	7.6523
452	84.375	-55.096	37.238	12.888
453	84.375	-51.739	41.777	17.753
454	84.375	-48.01	46.014	22.108
455	84.375	-43.935	49.92	25.828
456	84.375	-39.543	53.466	28.804
457	84.375	-34.866	56.627	30.951
458	84.375	-29.939	59.38	32.207
459	84.375	-24.795	61.705	32.535
460	84.375	-19.473	63.585	31.924
461	84.375	-14.01	65.007	30.391
462	84.375	-8.4467	65.961	27.984
463	84.375	-2.8223	66.44	24.757
464	84.375	2.8223	66.44	20.838
465	84.375	8.4467	65.961	16.315
466	84.375	14.01	65.007	11.332
467	84.375	19.473	63.585	6.02
468	84.375	24.795	61.705	0.53526
469	84.375	29.939	59.38	-4.9657
470	84.375	34.866	56.627	-10.324
471	84.375	39.543	53.466	-15.387
472	84.375	43.935	49.92	-20.008
473	84.375	48.01	46.014	-24.053
474	84.375	51.739	41.777	-27.408
475	84.375	55.096	37.238	-29.973
476	84.375	58.055	32.432	-31.676
477	84.375	60.597	27.391	-32.466
478	84.375	62.701	22.154	-32.321
479	84.375	64.354	16.757	-31.241
480	84.375	65.543	11.239	-29.264
481	84.375	66.26	5.6396	-26.428
482	84.375	66.5	-1.9429e-013	-22.858
483	84.375	66.26	-5.6396	-18.631
484	84.375	65.543	-11.239	-13.871
485	84.375	64.354	-16.757	-8.7112
486	84.375	62.701	-22.154	-3.2999
487	84.375	60.597	-27.391	2.2076
488	84.375	58.055	-32.432	7.6529
489	84.375	55.096	-37.238	12.88
490	84.375	51.739	-41.777	17.737
491	84.375	48.01	-46.014	22.085
492	84.375	43.935	-49.92	25.799
493	84.375	39.543	-53.466	28.772
494	84.375	34.866	-56.627	30.917
495	84.375	29.939	-59.38	32.173
496	84.375	24.795	-61.705	32.502
497	84.375	19.473	-63.585	31.895
498	84.375	14.01	-65.007	30.367
499	84.375	8.4467	-65.961	27.966
500	84.375	2.8223	-66.44	24.747
501	84.375	-2.8223	-66.44	20.836
502	84.375	-8.4467	-65.961	16.321
503	84.375	-14.01	-65.007	11.346
504	84.375	-19.473	-63.585	6.041
505	84.375	-24.795	-61.705	0.56401
506	84.375	-29.939	-59.38	-4.9376
507	84.375	-34.866	-56.627	-10.287
508	84.375	-39.543	-53.466	-15.358
509	84.375	-43.935	-49.92	-19.98
510	84.375	-48.01	-46.014	-24.028
511	84.375	-51.739	-41.777	-27.385
512	84.375	-55.096	-37.238	-29.953
513	84.375	-58.055	-32.432	-31.66
514	84.375	-60.597	-27.391	-32.457
515	84.375	-62.701	-22.154	-32.319
516	84.375	-64.354	-16.757	-31.252
517	84.375	-65.543	-11.239	-29.286
518	84.375	-66.26	-5.6396	-26.477
519	101.25	-66.26	5.6396	-23.032
520	101.25	-65.543	11.239	-17.153
521	101.25	-64.354	16.757	-10.78
522	101.25	-62.701	22.154	-4.0962
523	101.25	-60.597	27.391	2.707
524	101.25	-58.055	32.432	9.4336
525	101.25	-55.096	37.238	15.89
526	101.25	-51.739	41.777	21.89
527	101.25	-48.01	46.014	27.262
528	101.25	-43.935	49.92	31.85
529	101.25	-39.543	53.466	35.521
530	101.25	-34.866	56.627	38.17
531	101.25	-29.939	59.38	39.72
532	101.25	-24.795	61.705	40.124
533	101.25	-19.473	63.585	39.372
534	101.25	-14.01	65.007	37.482
535	101.25	-8.4467	65.961	34.513
536	101.25	-2.8223	66.44	30.531
537	101.25	2.8223	66.44	25.696
538	101.25	8.4467	65.961	20.122
539	101.25	14.01	65.007	13.975
540	101.25	19.473	63.585	7.4244
541	101.25	24.795	61.705	0.66003
542	101.25	29.939	59.38	-6.1242
543	101.25	34.866	56.627	-12.733
544	101.25	39.543	53.466	-18.977
545	101.25	43.935	49.92	-24.675
546	101.25	48.01	46.014	-29.665
547	101.25	51.739	41.777	-33.801
548	101.25	55.096	37.238	-36.965
549	101.25	58.055	32.432	-39.065
550	101.25	60.597	27.391	-40.039
551	101.25	62.701	22.154	-39.859
552	101.25	64.354	16.757	-38.527
553	101.25	65.543	11.239	-36.088
554	101.25	66.26	5.6396	-32.591
555	101.25	66.5	-1.9429e-013	-28.19
556	101.25	66.26	-5.6396	-22.974
557	101.25	65.543	-11.239	-17.105
558	101.25	64.354	-16.757	-10.742
559	101.25	62.701	-22.154	-4.0695
560	101.25	60.597	-27.391	2.7218
561	101.25	58.055	-32.432	9.4364
562	101.25	55.096	-37.238	15.881
563	101.25	51.739	-41.777	21.871
564	101.25	48.01	-46.014	27.234
565	101.25	43.935	-49.92	31.815
566	101.25	39.543	-53.466	35.481
567	101.25	34.866	-56.627	38.127
568	101.25	29.939	-59.38	39.677
569	101.25	24.795	-61.705	40.083
570	101.25	19.473	-63.585	39.335
571	101.25	14.01	-65.007	37.451
572	101.25	8.4467	-65.961	34.49
573	101.25	2.8223	-66.44	30.517
574	101.25	-2.8223	-66.44	25.693
575	101.25	-8.4467	-65.961	20.129
576	101.25	-14.01	-65.007	13.992
577	101.25	-19.473	-63.585	7.4491
578	101.25	-24.795	-61.705	0.69437
579	101.25	-29.939	-59.38	-6.0917
580	101.25	-34.866	-56.627	-12.684
581	101.25	-39.543	-53.466	-18.942
582	101.25	-43.935	-49.92	-24.641
583	101.25	-48.01	-46.014	-29.633
584	101.25	-51.739	-41.777	-33.772
585	101.25	-55.096	-37.238	-36.939
586	101.25	-58.055	-32.432	-39.043
587	101.25	-60.597	-27.391	-40.025
588	101.25	-62.701	-22.154	-39.855
589	101.25	-64.354	-16.757	-38.539
590	101.25	-65.543	-11.239	-36.114
591	101.25	-66.26	-5.6396	-32.651
592	118.13	-66.26	5.6396	-27.162
593	118.13	-65.543	11.239	-20.23
594	118.13	-64.354	16.757	-12.715
595	118.13	-62.701	22.154	-4.8323
596	118.13	-60.597	27.391	3.1905
597	118.13	-58.055	32.432	11.123
598	118.13	-55.096	37.238	18.737
599	118.13	-51.739	41.777	25.814
600	118.13	-48.01	46.014	32.149
601	118.13	-43.935	49.92	37.56
602	118.13	-39.543	53.466	41.89
603	118.13	-34.866	56.627	45.015
604	118.13	-29.939	59.38	46.843
605	118.13	-24.795	61.705	47.32
606	118.13	-19.473	63.585	46.434
607	118.13	-14.01	65.007	44.205
608	118.13	-8.4467	65.961	40.702
609	118.13	-2.8223	66.44	36.002
610	118.13	2.8223	66.44	30.303
611	118.13	8.4467	65.961	23.729
612	118.13	14.01	65.007	16.481
613	118.13	19.473	63.585	8.756
614	118.13	24.795	61.705	0.77855
615	118.13	29.939	59.38	-7.2226
616	118.13	34.866	56.627	-15.017
617	118.13	39.543	53.466	-22.381
618	118.13	43.935	49.92	-29.101
619	118.13	48.01	46.014	-34.986
620	118.13	51.739	41.777	-39.864
621	118.13	55.096	37.238	-43.595
622	118.13	58.055	32.432	-46.07
623	118.13	60.597	27.391	-47.219
624	118.13	62.701	22.154	-47.006
625	118.13	64.354	16.757	-45.435
626	118.13	65.543	11.239	-42.558
627	118.13	66.26	5.6396	-38.433
628	118.13	66.5	-1.9429e-013	-33.243
629	118.13	66.26	-5.6396	-27.092
630	118.13	65.543	-11.239	-20.171
631	118.13	64.354	-16.757	-12.668
632	118.13	62.701	-22.154	-4.7991
633	118.13	60.597	-27.391	3.2094
634	118.13	58.055	-32.432	11.128
635	118.13	55.096	-37.238	18.728
636	118.13	51.739	-41.777	25.792
637	118.13	48.01	-46.014	32.116
638	118.13	43.935	-49.92	37.519
639	118.13	39.543	-53.466	41.843
640	118.13	34.866	-56.627	44.964
641	118.13	29.939	-59.38	46.792
642	118.13	24.795	-61.705	47.272
643	118.13	19.473	-63.585	46.39
644	118.13	14.01	-65.007	44.168
645	118.13	8.4467	-65.961	40.675
646	118.13	2.8223	-66.44	35.986
647	118.13	-2.8223	-66.44	30.298
648	118.13	-8.4467	-65.961	23.736
649	118.13	-14.01	-65.007	16.5
650	118.13	-19.473	-63.585	8.7849
651	118.13	-24.795	-61.705	0.81988
652	118.13	-29.939	-59.38	-7.1865
653	118.13	-34.866	-56.627	-14.955
654	118.13	-39.543	-53.466	-22.339
655	118.13	-43.935	-49.92	-29.06
656	118.13	-48.01	-46.014	-34.947
657	118.13	-51.739	-41.777	-39.828
658	118.13	-55.096	-37.238	-43.563
659	118.13	-58.055	-32.432	-46.044
660	118.13	-60.597	-27.391	-47.201
661	118.13	-62.701	-22.154	-47.001
662	118.13	-64.354	-16.757	-45.448
663	118.13	-65.543	-11.239	-42.589
664	118.13	-66.26	-5.6396	-38.505
665	135.	-66.26	5.6396	-31.567
666	16.875	-66.5	-8.1439e-015	-3.0602
667	33.75	-66.5	-8.1439e-015	-7.6034
668	50.625	-66.5	-8.1439e-015	-12.347
669	67.5	-66.5	-8.1439e-015	-17.505
670	84.375	-66.5	-8.1439e-015	-22.907
671	101.25	-66.5	-8.1439e-015	-28.248
672	118.13	-66.5	-8.1439e-015	-33.313
673	135.	-66.5	-8.1439e-015	-38.714
674	135.	-66.26	-5.6396	-44.747
675	135.	-65.543	-11.239	-49.493
676	135.	-64.354	-16.757	-52.815
677	135.	-62.701	-22.154	-54.619
678	135.	-60.597	-27.391	-54.852
679	135.	-58.055	-32.432	-53.508
680	135.	-55.096	-37.238	-50.624
681	135.	-51.739	-41.777	-46.284
682	135.	-48.01	-46.014	-40.611
683	135.	-43.935	-49.92	-33.767
684	135.	-39.543	-53.466	-25.953
685	135.	-34.866	-56.627	-17.369
686	135.	-29.939	-59.38	-8.3566
687	135.	-24.795	-61.705	0.94783
688	135.	-19.473	-63.585	10.209
689	135.	-14.01	-65.007	19.179
690	135.	-8.4467	-65.961	27.592
691	135.	-2.8223	-66.44	35.212
692	135.	2.8223	-66.44	41.813
693	135.	8.4467	-65.961	47.266
694	135.	14.01	-65.007	51.328
695	135.	19.473	-63.585	53.912
696	135.	24.795	-61.705	54.937
697	135.	29.939	-59.38	54.378
698	135.	34.866	-56.627	52.254
699	135.	39.543	-53.466	48.625
700	135.	43.935	-49.92	43.599
701	135.	48.01	-46.014	37.32
702	135.	51.739	-41.777	29.97
703	135.	55.096	-37.238	21.761
704	135.	58.055	-32.432	12.928
705	135.	60.597	-27.391	3.7263
706	135.	62.701	-22.154	-5.5804
707	135.	64.354	-16.757	-14.725
708	135.	65.543	-11.239	-23.444
709	135.	66.26	-5.6396	-31.486
710	135.	66.5	-1.9429e-013	-38.628
711	135.	66.26	5.6396	-44.658
712	135.	65.543	11.239	-49.456
713	135.	64.354	16.757	-52.802
714	135.	62.701	22.154	-54.629
715	135.	60.597	27.391	-54.876
716	135.	58.055	32.432	-53.541
717	135.	55.096	37.238	-50.664
718	135.	51.739	41.777	-46.327
719	135.	48.01	46.014	-40.658
720	135.	43.935	49.92	-33.819
721	135.	39.543	53.466	-26.008
722	135.	34.866	56.627	-17.45
723	135.	29.939	59.38	-8.3905
724	135.	24.795	61.705	0.90929
725	135.	19.473	63.585	10.182
726	135.	14.01	65.007	19.162
727	135.	8.4467	65.961	27.588
728	135.	2.8223	66.44	35.22
729	135.	-2.8223	66.44	41.834
730	135.	-8.4467	65.961	47.299
731	135.	-14.01	65.007	51.372
732	135.	-19.473	63.585	53.964
733	135.	-24.795	61.705	54.995
734	135.	-29.939	59.38	54.439
735	135.	-34.866	56.627	52.314
736	135.	-39.543	53.466	48.682
737	135.	-43.935	49.92	43.648
738	135.	-48.01	46.014	37.359
739	135.	-51.739	41.777	29.996
740	135.	-55.096	37.238	21.772
741	135.	-58.055	32.432	12.923
742	135.	-60.597	27.391	3.7046
743	135.	-62.701	22.154	-5.6185
744	135.	-64.354	16.757	-14.778
745	135.	-65.543	11.239	-23.511
1554	0.	-66.44	-2.8223	0.
1555	0.	-66.44	2.8223	0.
1556	8.4375	-66.5	-8.1439e-015	-1.0966
1557	0.	-65.961	-8.4467	0.
1558	8.4375	-66.26	-5.6396	-1.268
1559	0.	-65.007	-14.01	0.
1560	8.4375	-65.543	-11.239	-1.4025
1561	0.	-63.585	-19.473	0.
1562	8.4375	-64.354	-16.757	-1.496
1563	0.	-61.705	-24.795	0.
1564	8.4375	-62.701	-22.154	-1.5461
1565	0.	-59.38	-29.939	0.
1566	8.4375	-60.597	-27.391	-1.5511
1567	0.	-56.627	-34.866	0.
1568	8.4375	-58.055	-32.432	-1.511
1569	0.	-53.466	-39.543	0.
1570	8.4375	-55.096	-37.238	-1.4274
1571	0.	-49.92	-43.935	0.
1572	8.4375	-51.739	-41.777	-1.3029
1573	0.	-46.014	-48.01	0.
1574	8.4375	-48.01	-46.014	-1.1419
1575	0.	-41.777	-51.739	0.
1576	8.4375	-43.935	-49.92	-0.94944
1577	0.	-37.238	-55.096	0.
1578	8.4375	-39.543	-53.466	-0.73056
1579	0.	-32.432	-58.055	0.
1580	8.4375	-34.866	-56.627	-0.48805
1581	0.	-27.391	-60.597	0.
1582	8.4375	-29.939	-59.38	-0.22029
1583	0.	-22.154	-62.701	0.
1584	8.4375	-24.795	-61.705	3.3819e-002
1585	0.	-16.757	-64.354	0.
1586	8.4375	-19.473	-63.585	0.28922
1587	0.	-11.239	-65.543	0.
1588	8.4375	-14.01	-65.007	0.53503
1589	0.	-5.6396	-66.26	0.
1590	8.4375	-8.4467	-65.961	0.75667
1591	0.	4.072e-015	-66.5	0.
1592	8.4375	-2.8223	-66.44	0.9508
1593	0.	5.6396	-66.26	0.
1594	8.4375	2.8223	-66.44	1.1794
1595	0.	11.239	-65.543	0.
1596	8.4375	8.4467	-65.961	1.334
1597	0.	16.757	-64.354	0.
1598	8.4375	14.01	-65.007	1.4434
1599	0.	22.154	-62.701	0.
1600	8.4375	19.473	-63.585	1.5125
1601	0.	27.391	-60.597	0.
1602	8.4375	24.795	-61.705	1.541
1603	0.	32.432	-58.055	0.
1604	8.4375	29.939	-59.38	1.5274
1605	0.	37.238	-55.096	0.
1606	8.4375	34.866	-56.627	1.471
1607	0.	41.777	-51.739	0.
1608	8.4375	39.543	-53.466	1.3723
1609	0.	46.014	-48.01	0.
1610	8.4375	43.935	-49.92	1.2336
1611	0.	49.92	-43.935	0.
1612	8.4375	48.01	-46.014	1.0587
1613	0.	53.466	-39.543	0.
1614	8.4375	51.739	-41.777	0.85238
1615	0.	56.627	-34.866	0.
1616	8.4375	55.096	-37.238	0.62063
1617	0.	59.38	-29.939	0.
1618	8.4375	58.055	-32.432	0.37012
1619	0.	61.705	-24.795	0.
1620	8.4375	60.597	-27.391	0.10808
1621	0.	63.585	-19.473	0.
1622	8.4375	62.701	-22.154	-0.15775
1623	0.	65.007	-14.01	0.
1624	8.4375	64.354	-16.757	-0.41878
1625	0.	65.961	-8.4467	0.
1626	8.4375	65.543	-11.239	-0.66522
1627	0.	66.44	-2.8223	0.
1628	8.4375	66.26	-5.6396	-0.88113
1629	0.	66.44	2.8223	0.
1630	8.4375	66.5	-1.9429e-013	-1.0969
1631	0.	65.961	8.4467	0.
1632	8.4375	66.26	5.6396	-1.2835
1633	0.	65.007	14.01	0.
1634	8.4375	65.543	11.239	-1.4109
1635	0.	63.585	19.473	0.
1636	8.4375	64.354	16.757	-1.493
1637	0.	61.705	24.795	0.
1638	8.4375	62.701	22.154	-1.5366
1639	0.	59.38	29.939	0.
1640	8.4375	60.597	27.391	-1.5408
1641	0.	56.627	34.866	0.
1642	8.4375	58.055	32.432	-1.504
1643	0.	53.466	39.543	0.
1644	8.4375	55.096	37.238	-1.4255
1645	0.	49.92	43.935	0.
1646	8.4375	51.739	41.777	-1.3061
1647	0.	46.014	48.01	0.
1648	8.4375	48.01	46.014	-1.1487
1649	0.	41.777	51.739	0.
1650	8.4375	43.935	49.92	-0.95731
1651	0.	37.238	55.096	0.
1652	8.4375	39.543	53.466	-0.73749
1653	0.	32.432	58.055	0.
1654	8.4375	34.866	56.627	-0.49561
1655	0.	27.391	60.597	0.
1656	8.4375	29.939	59.38	-0.23887
1657	0.	22.154	62.701	0.
1658	8.4375	24.795	61.705	2.4708e-002
1659	0.	16.757	64.354	0.
1660	8.4375	19.473	63.585	0.28611
1661	0.	11.239	65.543	0.
1662	8.4375	14.01	65.007	0.53467
1663	0.	5.6396	66.26	0.
1664	8.4375	8.4467	65.961	0.75745
1665	0.	3.7322e-013	66.5	0.
1666	8.4375	2.8223	66.44	0.95203
1667	0.	-5.6396	66.26	0.
1668	8.4375	-2.8223	66.44	1.1809
1669	0.	-11.239	65.543	0.
1670	8.4375	-8.4467	65.961	1.3355
1671	0.	-16.757	64.354	0.
1672	8.4375	-14.01	65.007	1.4449
1673	0.	-22.154	62.701	0.
1674	8.4375	-19.473	63.585	1.5139
1675	0.	-27.391	60.597	0.
1676	8.4375	-24.795	61.705	1.5423
1677	0.	-32.432	58.055	0.
1678	8.4375	-29.939	59.38	1.5286
1679	0.	-37.238	55.096	0.
1680	8.4375	-34.866	56.627	1.472
1681	0.	-41.777	51.739	0.
1682	8.4375	-39.543	53.466	1.3731
1683	0.	-46.014	48.01	0.
1684	8.4375	-43.935	49.92	1.2342
1685	0.	-49.92	43.935	0.
1686	8.4375	-48.01	46.014	1.0591
1687	0.	-53.466	39.543	0.
1688	8.4375	-51.739	41.777	0.85277
1689	0.	-56.627	34.866	0.
1690	8.4375	-55.096	37.238	0.62114
1691	0.	-59.38	29.939	0.
1692	8.4375	-58.055	32.432	0.37102
1693	0.	-61.705	24.795	0.
1694	8.4375	-60.597	27.391	0.10976
1695	0.	-63.585	19.473	0.
1696	8.4375	-62.701	22.154	-0.15498
1697	0.	-65.007	14.01	0.
1698	8.4375	-64.354	16.757	-0.41544
1699	0.	-65.961	8.4467	0.
1700	8.4375	-66.26	5.6396	-0.89325
1701	8.4375	-65.543	11.239	-0.66396
1702	16.875	-65.961	8.4467	-2.1798
1703	25.313	-66.26	5.6396	-4.3514
1704	16.875	-66.44	2.8223	-2.7859
1706	16.875	-65.007	14.01	-1.5105
1707	25.313	-65.543	11.239	-3.2369
1709	16.875	-63.585	19.473	-0.79737
1710	25.313	-64.354	16.757	-2.0286
1712	16.875	-61.705	24.795	-6.1396e-002
1713	25.313	-62.701	22.154	-0.76185
1715	16.875	-59.38	29.939	0.67589
1716	25.313	-60.597	27.391	0.52671
1718	16.875	-56.627	34.866	1.3929
1719	25.313	-58.055	32.432	1.7996
1721	16.875	-53.466	39.543	2.0686
1722	25.313	-55.096	37.238	3.0199
1724	16.875	-49.92	43.935	2.6833
1725	25.313	-51.739	41.777	4.152
1727	16.875	-46.014	48.01	3.2191
1728	25.313	-48.01	46.014	5.1631
1730	16.875	-41.777	51.739	3.6603
1731	25.313	-43.935	49.92	6.0239
1733	16.875	-37.238	55.096	3.9943
1734	25.313	-39.543	53.466	6.7094
1736	16.875	-32.432	58.055	4.2121
1737	25.313	-34.866	56.627	7.1998
1739	16.875	-27.391	60.597	4.3082
1740	25.313	-29.939	59.38	7.4814
1742	16.875	-22.154	62.701	4.2811
1743	25.313	-24.795	61.705	7.5466
1745	16.875	-16.757	64.354	4.1325
1746	25.313	-19.473	63.585	7.3952
1748	16.875	-11.239	65.543	3.8664
1749	25.313	-14.01	65.007	7.0338
1751	16.875	-5.6396	66.26	3.4885
1752	25.313	-8.4467	65.961	6.4772
1754	16.875	3.4369e-013	66.5	3.0303
1755	25.313	-2.8223	66.44	5.7453
1757	16.875	5.6396	66.26	2.4794
1758	25.313	2.8223	66.44	4.8385
1760	16.875	11.239	65.543	1.8391
1761	25.313	8.4467	65.961	3.8084
1763	16.875	16.757	64.354	1.1557
1764	25.313	14.01	65.007	2.6418
1766	16.875	22.154	62.701	0.43372
1767	25.313	19.473	63.585	1.403
1769	16.875	27.391	60.597	-0.30338
1770	25.313	24.795	61.705	0.12275
1772	16.875	32.432	58.055	-1.0326
1773	25.313	29.939	59.38	-1.1612
1775	16.875	37.238	55.096	-1.7315
1776	25.313	34.866	56.627	-2.4114
1778	16.875	41.777	51.739	-2.379
1779	25.313	39.543	53.466	-3.5913
1781	16.875	46.014	48.01	-2.9561
1782	25.313	43.935	49.92	-4.6663
1784	16.875	49.92	43.935	-3.4461
1785	25.313	48.01	46.014	-5.6051
1787	16.875	53.466	39.543	-3.8352
1788	25.313	51.739	41.777	-6.3807
1790	16.875	56.627	34.866	-4.1128
1791	25.313	55.096	37.238	-6.971
1793	16.875	59.38	29.939	-4.2722
1794	25.313	58.055	32.432	-7.3594
1796	16.875	61.705	24.795	-4.3107
1797	25.313	60.597	27.391	-7.5357
1799	16.875	63.585	19.473	-4.2291
1800	25.313	62.701	22.154	-7.4967
1802	16.875	65.007	14.01	-4.0296
1803	25.313	64.354	16.757	-7.2456
1805	16.875	65.961	8.4467	-3.7155
1806	25.313	65.543	11.239	-6.7948
1808	16.875	66.44	2.8223	-3.2951
1809	25.313	66.26	5.6396	-6.1586
1811	16.875	66.44	-2.8223	-2.7891
1812	25.313	66.5	-1.9429e-013	-5.3534
1813	16.875	65.961	-8.4467	-2.192
1814	25.313	66.26	-5.6396	-4.3681
1816	16.875	65.007	-14.01	-1.5194
1817	25.313	65.543	-11.239	-3.2513
1819	16.875	63.585	-19.473	-0.8048
1820	25.313	64.354	-16.757	-2.0386
1822	16.875	61.705	-24.795	-6.6422e-002
1823	25.313	62.701	-22.154	-0.7689
1825	16.875	59.38	-29.939	0.67279
1826	25.313	60.597	-27.391	0.52188
1828	16.875	56.627	-34.866	1.391
1829	25.313	58.055	-32.432	1.7962
1831	16.875	53.466	-39.543	2.0672
1832	25.313	55.096	-37.238	3.017
1834	16.875	49.92	-43.935	2.6819
1835	25.313	51.739	-41.777	4.1492
1837	16.875	46.014	-48.01	3.2173
1838	25.313	48.01	-46.014	5.1598
1840	16.875	41.777	-51.739	3.658
1841	25.313	43.935	-49.92	6.0199
1843	16.875	37.238	-55.096	3.9916
1844	25.313	39.543	-53.466	6.7045
1846	16.875	32.432	-58.055	4.2089
1847	25.313	34.866	-56.627	7.1942
1849	16.875	27.391	-60.597	4.3046
1850	25.313	29.939	-59.38	7.4751
1852	16.875	22.154	-62.701	4.2772
1853	25.313	24.795	-61.705	7.5399
1855	16.875	16.757	-64.354	4.1285
1856	25.313	19.473	-63.585	7.3883
1858	16.875	11.239	-65.543	3.8624
1859	25.313	14.01	-65.007	7.0271
1861	16.875	5.6396	-66.26	3.4847
1862	25.312	8.4467	-65.961	6.471
1864	16.875	1.8838e-014	-66.5	3.0269
1865	25.313	2.8223	-66.44	5.7401
1867	16.875	-5.6396	-66.26	2.4771
1868	25.313	-2.8223	-66.44	4.8347
1870	16.875	-11.239	-65.543	1.8388
1871	25.313	-8.4467	-65.961	3.8069
1873	16.875	-16.757	-64.354	1.159
1874	25.313	-14.01	-65.007	2.6435
1876	16.875	-22.154	-62.701	0.44297
1877	25.312	-19.473	-63.585	1.409
1879	16.875	-27.391	-60.597	-0.28991
1880	25.312	-24.795	-61.705	0.13289
1882	16.875	-32.432	-58.055	-1.0078
1883	25.313	-29.939	-59.38	-1.1399
1885	16.875	-37.238	-55.096	-1.6945
1886	25.313	-34.866	-56.627	-2.3813
1888	16.875	-41.777	-51.739	-2.3414
1889	25.313	-39.543	-53.466	-3.5545
1891	16.875	-46.014	-48.01	-2.9231
1892	25.312	-43.935	-49.92	-4.6303
1894	16.875	-49.92	-43.935	-3.4222
1895	25.312	-48.01	-46.014	-5.5763
1897	16.875	-53.466	-39.543	-3.824
1898	25.313	-51.739	-41.777	-6.3632
1900	16.875	-56.627	-34.866	-4.116
1901	25.313	-55.096	-37.238	-6.9673
1903	16.875	-59.38	-29.939	-4.2891
1904	25.312	-58.055	-32.432	-7.3706
1906	16.875	-61.705	-24.795	-4.3378
1907	25.313	-60.597	-27.391	-7.5609
1909	16.875	-63.585	-19.473	-4.2604
1910	25.313	-62.701	-22.154	-7.5327
1912	16.875	-65.007	-14.01	-4.059
1913	25.313	-64.354	-16.757	-7.2864
1915	16.875	-65.961	-8.4467	-3.7394
1916	25.313	-65.543	-11.239	-6.8291
1918	25.313	-66.26	-5.6396	-6.174
1919	16.875	-66.44	-2.8223	-3.3108
1921	33.75	-65.961	8.4467	-5.4251
1922	42.188	-66.26	5.6396	-8.12
1923	33.75	-66.44	2.8223	-6.9259
1925	33.75	-65.007	14.01	-3.7677
1926	42.188	-65.543	11.239	-6.0452
1928	33.75	-63.585	19.473	-2.0016
1929	42.188	-64.354	16.757	-3.7961
1931	33.75	-61.705	24.795	-0.17762
1932	42.188	-62.701	22.154	-1.4375
1934	33.75	-59.38	29.939	1.6514
1935	42.188	-60.597	27.391	0.96255
1937	33.75	-56.627	34.866	3.4325
1938	42.188	-58.055	32.432	3.3349
1940	33.75	-53.466	39.543	5.1144
1941	42.188	-55.096	37.238	5.611
1943	33.75	-49.92	43.935	6.6483
1944	42.188	-51.739	41.777	7.7254
1946	33.75	-46.014	48.01	7.99
1947	42.188	-48.01	46.014	9.6169
1949	33.75	-41.777	51.739	9.1007
1950	42.188	-43.935	49.92	11.231
1952	33.75	-37.238	55.096	9.9483
1953	42.188	-39.543	53.466	12.522
1955	33.75	-32.432	58.055	10.509
1956	42.188	-34.866	56.627	13.451
1958	33.75	-27.391	60.597	10.766
1959	42.188	-29.939	59.38	13.994
1961	33.75	-22.154	62.701	10.714
1962	42.188	-24.795	61.705	14.134
1964	33.75	-16.757	64.354	10.354
1965	42.188	-19.473	63.585	13.866
1967	33.75	-11.239	65.543	9.6978
1968	42.188	-14.01	65.007	13.2
1970	33.75	-5.6396	66.26	8.7632
1971	42.188	-8.4467	65.961	12.153
1973	33.75	3.4369e-013	66.5	7.5855
1974	42.188	-2.8223	66.44	10.756
1976	33.75	5.6396	66.26	6.1875
1977	42.188	2.8223	66.44	9.0423
1979	33.75	11.239	65.543	4.6032
1980	42.188	8.4467	65.961	7.092
1982	33.75	16.757	64.354	2.8937
1983	42.188	14.01	65.007	4.926
1985	33.75	22.154	62.701	1.095
1986	42.188	19.473	63.585	2.6199
1988	33.75	27.391	60.597	-0.73573
1989	42.188	24.795	61.705	0.2361
1991	33.75	32.432	58.055	-2.5456
1992	42.188	29.939	59.38	-2.1555
1994	33.75	37.238	55.096	-4.2818
1995	42.188	34.866	56.627	-4.4854
1997	33.75	41.777	51.739	-5.8943
1998	42.188	39.543	53.466	-6.6864
2000	33.75	46.014	48.01	-7.3363
2001	42.188	43.935	49.92	-8.6946
2003	33.75	49.92	43.935	-8.5661
2004	42.188	48.01	46.014	-10.452
2006	33.75	53.466	39.543	-9.5484
2007	42.188	51.739	41.777	-11.909
2009	33.75	56.627	34.866	-10.255
2010	42.188	55.096	37.238	-13.023
2012	33.75	59.38	29.939	-10.667
2013	42.188	58.055	32.432	-13.762
2015	33.75	61.705	24.795	-10.772
2016	42.188	60.597	27.391	-14.106
2018	33.75	63.585	19.473	-10.569
2019	42.188	62.701	22.154	-14.044
2021	33.75	65.007	14.01	-10.064
2022	42.188	64.354	16.757	-13.576
2024	33.75	65.961	8.4467	-9.2685
2025	42.188	65.543	11.239	-12.719
2027	33.75	66.44	2.8223	-8.1978
2028	42.188	66.26	5.6396	-11.492
2030	33.75	66.44	-2.8223	-6.9112
2031	42.188	66.5	-1.9429e-013	-9.9477
2032	33.75	65.961	-8.4467	-5.4247
2033	42.188	66.26	-5.6396	-8.1045
2035	33.75	65.007	-14.01	-3.7715
2036	42.188	65.543	-11.239	-6.0367
2038	33.75	63.585	-19.473	-2.0063
2039	42.188	64.354	-16.757	-3.7927
2041	33.75	61.705	-24.795	-0.18186
2042	42.188	62.701	-22.154	-1.4374
2044	33.75	59.38	-29.939	1.6475
2045	42.188	60.597	-27.391	0.96059
2047	33.75	56.627	-34.866	3.4287
2048	42.188	58.055	-32.432	3.3313
2050	33.75	53.466	-39.543	5.1101
2051	42.188	55.096	-37.238	5.6059
2053	33.75	49.92	-43.935	6.6433
2054	42.188	51.739	-41.777	7.7186
2056	33.75	46.014	-48.01	7.9839
2057	42.188	48.01	-46.014	9.6085
2059	33.75	41.777	-51.739	9.0934
2060	42.188	43.935	-49.92	11.221
2062	33.75	37.238	-55.096	9.94
2063	42.188	39.543	-53.466	12.51
2065	33.75	32.432	-58.055	10.5
2066	42.188	34.866	-56.627	13.439
2068	33.75	27.391	-60.597	10.756
2069	42.188	29.939	-59.38	13.981
2071	33.75	22.154	-62.701	10.704
2072	42.188	24.795	-61.705	14.12
2074	33.75	16.757	-64.354	10.345
2075	42.188	19.473	-63.585	13.854
2077	33.75	11.239	-65.543	9.6893
2078	42.188	14.01	-65.007	13.188
2080	33.75	5.6396	-66.26	8.7561
2081	42.188	8.4467	-65.961	12.144
2083	33.75	1.8838e-014	-66.5	7.5804
2084	42.188	2.8223	-66.44	10.75
2086	33.75	-5.6396	-66.26	6.1851
2087	42.188	-2.8223	-66.44	9.0392
2089	33.75	-11.239	-65.543	4.6044
2090	42.188	-8.4467	-65.961	7.0929
2092	33.75	-16.757	-64.354	2.899
2093	42.188	-14.01	-65.007	4.9315
2095	33.75	-22.154	-62.701	1.1062
2096	42.188	-19.473	-63.585	2.6307
2098	33.75	-27.391	-60.597	-0.7208
2099	42.188	-24.795	-61.705	0.25116
2101	33.75	-32.432	-58.055	-2.5255
2102	42.188	-29.939	-59.38	-2.1339
2104	33.75	-37.238	-55.096	-4.2578
2105	42.188	-34.866	-56.627	-4.4641
2107	33.75	-41.777	-51.739	-5.8703
2108	42.188	-39.543	-53.466	-6.668
2110	33.75	-46.014	-48.01	-7.315
2111	42.187	-43.935	-49.92	-8.6784
2113	33.75	-49.92	-43.935	-8.5502
2114	42.188	-48.01	-46.014	-10.439
2116	33.75	-53.466	-39.543	-9.54
2117	42.188	-51.739	-41.777	-11.9
2119	33.75	-56.627	-34.866	-10.255
2120	42.188	-55.096	-37.238	-13.019
2122	33.75	-59.38	-29.939	-10.676
2123	42.187	-58.055	-32.432	-13.763
2125	33.75	-61.705	-24.795	-10.788
2126	42.187	-60.597	-27.391	-14.111
2128	33.75	-63.585	-19.473	-10.589
2129	42.188	-62.701	-22.154	-14.053
2131	33.75	-65.007	-14.01	-10.085
2132	42.188	-64.354	-16.757	-13.59
2134	33.75	-65.961	-8.4467	-9.29
2135	42.188	-65.543	-11.239	-12.735
2137	42.188	-66.26	-5.6396	-11.514
2138	33.75	-66.44	-2.8223	-8.2267
2140	50.625	-65.961	8.4467	-8.8122
2141	59.063	-66.26	5.6396	-12.143
2142	50.625	-66.44	2.8223	-11.247
2144	50.625	-65.007	14.01	-6.123
2145	59.063	-65.543	11.239	-9.0417
2147	50.625	-63.585	19.473	-3.2573
2148	59.063	-64.354	16.757	-5.6799
2150	50.625	-61.705	24.795	-0.29756
2151	59.063	-62.701	22.154	-2.1544
2153	50.625	-59.38	29.939	2.6709
2154	59.063	-60.597	27.391	1.4335
2156	50.625	-56.627	34.866	5.5624
2157	59.063	-58.055	32.432	4.9803
2159	50.625	-53.466	39.543	8.2938
2160	59.063	-55.096	37.238	8.384
2162	50.625	-49.92	43.935	10.786
2163	59.063	-51.739	41.777	11.546
2165	50.625	-46.014	48.01	12.968
2166	59.063	-48.01	46.014	14.377
2168	50.625	-41.777	51.739	14.776
2169	59.063	-43.935	49.92	16.793
2171	50.625	-37.238	55.096	16.159
2172	59.063	-39.543	53.466	18.726
2174	50.625	-32.432	58.055	17.076
2175	59.063	-34.866	56.627	20.119
2177	50.625	-27.391	60.597	17.502
2178	59.063	-29.939	59.38	20.933
2180	50.625	-22.154	62.701	17.424
2181	59.063	-24.795	61.705	21.145
2183	50.625	-16.757	64.354	16.844
2184	59.063	-19.473	63.585	20.747
2186	50.625	-11.239	65.543	15.779
2187	59.063	-14.01	65.007	19.751
2189	50.625	-5.6396	66.26	14.26
2190	59.063	-8.4467	65.961	18.186
2192	50.625	3.4369e-013	66.5	12.329
2193	59.063	-2.8223	66.44	16.093
2195	50.625	5.6396	66.26	10.049
2196	59.063	2.8223	66.44	13.535
2198	50.625	11.239	65.543	7.4755
2199	59.063	8.4467	65.961	10.608
2201	50.625	16.757	64.354	4.6933
2202	59.063	14.01	65.007	7.3666
2204	50.625	22.154	62.701	1.774
2205	59.063	19.473	63.585	3.9146
2207	50.625	27.391	60.597	-1.1966
2208	59.063	24.795	61.705	0.34897
2210	50.625	32.432	58.055	-4.1334
2211	59.063	29.939	59.38	-3.227
2213	50.625	37.238	55.096	-6.9516
2214	59.063	34.866	56.627	-6.7107
2216	50.625	41.777	51.739	-9.57
2217	59.063	39.543	53.466	-10.002
2219	50.625	46.014	48.01	-11.913
2220	59.063	43.935	49.92	-13.005
2222	50.625	49.92	43.935	-13.913
2223	59.063	48.01	46.014	-15.635
2225	50.625	53.466	39.543	-15.513
2226	59.063	51.739	41.777	-17.814
2228	50.625	56.627	34.866	-16.667
2229	59.063	55.096	37.238	-19.482
2231	50.625	59.38	29.939	-17.341
2232	59.063	58.055	32.432	-20.588
2234	50.625	61.705	24.795	-17.516
2235	59.063	60.597	27.391	-21.102
2237	50.625	63.585	19.473	-17.187
2238	59.063	62.701	22.154	-21.009
2240	50.625	65.007	14.01	-16.362
2241	59.063	64.354	16.757	-20.309
2243	50.625	65.961	8.4467	-15.065
2244	59.063	65.543	11.239	-19.025
2246	50.625	66.44	2.8223	-13.32
2247	59.063	66.26	5.6396	-17.184
2249	50.625	66.44	-2.8223	-11.219
2250	59.063	66.5	-1.9429e-013	-14.87
2251	50.625	65.961	-8.4467	-8.7954
2252	59.063	66.26	-5.6396	-12.117
2254	50.625	65.007	-14.01	-6.1114
2255	59.063	65.543	-11.239	-9.022
2257	50.625	63.585	-19.473	-3.2506
2258	59.063	64.354	-16.757	-5.6661
2260	50.625	61.705	-24.795	-0.29518
2261	59.063	62.701	-22.154	-2.1463
2263	50.625	59.38	-29.939	2.6695
2264	59.063	60.597	-27.391	1.4362
2266	50.625	56.627	-34.866	5.5579
2267	59.063	58.055	-32.432	4.9781
2269	50.625	53.466	-39.543	8.2863
2270	59.063	55.096	-37.238	8.3772
2272	50.625	49.92	-43.935	10.776
2273	59.063	51.739	-41.777	11.536
2275	50.625	46.014	-48.01	12.955
2276	59.063	48.01	-46.014	14.362
2278	50.625	41.777	-51.739	14.762
2279	59.063	43.935	-49.92	16.775
2281	50.625	37.238	-55.096	16.143
2282	59.063	39.543	-53.466	18.706
2284	50.625	32.432	-58.055	17.059
2285	59.063	34.866	-56.627	20.098
2287	50.625	27.391	-60.597	17.485
2288	59.063	29.939	-59.38	20.912
2290	50.625	22.154	-62.701	17.408
2291	59.063	24.795	-61.705	21.124
2293	50.625	16.757	-64.354	16.83
2294	59.063	19.473	-63.585	20.728
2296	50.625	11.239	-65.543	15.767
2297	59.063	14.01	-65.007	19.736
2299	50.625	5.6396	-66.26	14.251
2300	59.063	8.4467	-65.961	18.174
2302	50.625	1.8838e-014	-66.5	12.325
2303	59.063	2.8223	-66.44	16.085
2305	50.625	-5.6396	-66.26	10.05
2306	59.063	-2.8223	-66.44	13.533
2308	50.625	-11.239	-65.543	7.4807
2309	59.063	-8.4467	-65.961	10.612
2311	50.625	-16.757	-64.354	4.7035
2312	59.063	-14.01	-65.007	7.3761
2314	50.625	-22.154	-62.701	1.7895
2315	59.063	-19.473	-63.585	3.9297
2317	50.625	-27.391	-60.597	-1.179
2318	59.063	-24.795	-61.705	0.36822
2320	50.625	-32.432	-58.055	-4.1129
2321	59.063	-29.939	-59.38	-3.2021
2323	50.625	-37.238	-55.096	-6.9304
2324	59.063	-34.866	-56.627	-6.6849
2326	50.625	-41.777	-51.739	-9.5501
2327	59.063	-39.543	-53.466	-9.9795
2329	50.625	-46.014	-48.01	-11.896
2330	59.063	-43.935	-49.92	-12.985
2332	50.625	-49.92	-43.935	-13.899
2333	59.063	-48.01	-46.014	-15.618
2335	50.625	-53.466	-39.543	-15.503
2336	59.063	-51.739	-41.777	-17.801
2338	50.625	-56.627	-34.866	-16.661
2339	59.063	-55.096	-37.238	-19.472
2341	50.625	-59.38	-29.939	-17.34
2342	59.063	-58.055	-32.432	-20.583
2344	50.625	-61.705	-24.795	-17.52
2345	59.062	-60.597	-27.391	-21.102
2347	50.625	-63.585	-19.473	-17.195
2348	59.063	-62.701	-22.154	-21.014
2350	50.625	-65.007	-14.01	-16.376
2351	59.063	-64.354	-16.757	-20.321
2353	50.625	-65.961	-8.4467	-15.084
2354	59.063	-65.543	-11.239	-19.043
2356	59.063	-66.26	-5.6396	-17.216
2357	50.625	-66.44	-2.8223	-13.358
2359	67.5	-65.961	8.4467	-12.495
2360	75.938	-66.26	5.6396	-16.473
2361	67.5	-66.44	2.8223	-15.946
2363	67.5	-65.007	14.01	-8.6837
2364	75.938	-65.543	11.239	-12.268
2366	67.5	-63.585	19.473	-4.6223
2367	75.938	-64.354	16.757	-7.7084
2369	67.5	-61.705	24.795	-0.42729
2370	75.938	-62.701	22.154	-2.9269
2372	67.5	-59.38	29.939	3.7804
2373	75.938	-60.597	27.391	1.9395
2375	67.5	-56.627	34.866	7.8798
2376	75.938	-58.055	32.432	6.7508
2378	67.5	-53.466	39.543	11.753
2379	75.938	-55.096	37.238	11.368
2381	67.5	-49.92	43.935	15.288
2382	75.938	-51.739	41.777	15.66
2384	67.5	-46.014	48.01	18.383
2385	75.938	-48.01	46.014	19.5
2387	67.5	-41.777	51.739	20.949
2388	75.938	-43.935	49.92	22.78
2390	67.5	-37.238	55.096	22.912
2391	75.938	-39.543	53.466	25.405
2393	67.5	-32.432	58.055	24.216
2394	75.938	-34.866	56.627	27.298
2396	67.5	-27.391	60.597	24.822
2397	75.938	-29.939	59.38	28.405
2399	67.5	-22.154	62.701	24.712
2400	75.938	-24.795	61.705	28.693
2402	67.5	-16.757	64.354	23.89
2403	75.938	-19.473	63.585	28.155
2405	67.5	-11.239	65.543	22.378
2406	75.938	-14.01	65.007	26.803
2408	67.5	-5.6396	66.26	20.222
2409	75.938	-8.4467	65.961	24.679
2411	67.5	3.4369e-013	66.5	17.479
2412	75.938	-2.8223	66.44	21.837
2414	67.5	5.6396	66.26	14.246
2415	75.938	2.8223	66.44	18.369
2417	67.5	11.239	65.543	10.6
2418	75.938	8.4467	65.961	14.391
2420	67.5	16.757	64.354	6.6535
2421	75.938	14.01	65.007	9.9939
2423	67.5	22.154	62.701	2.5139
2424	75.938	19.473	63.585	5.31
2426	67.5	27.391	60.597	-1.6983
2427	75.938	24.795	61.705	0.47252
2429	67.5	32.432	58.055	-5.8622
2430	75.938	29.939	59.38	-4.3791
2432	67.5	37.238	55.096	-9.8581
2433	75.938	34.866	56.627	-9.1054
2435	67.5	41.777	51.739	-13.571
2436	75.938	39.543	53.466	-13.57
2438	67.5	46.014	48.01	-16.894
2439	75.938	43.935	49.92	-17.646
2441	67.5	49.92	43.935	-19.731
2442	75.938	48.01	46.014	-21.214
2444	67.5	53.466	39.543	-22.
2445	75.938	51.739	41.777	-24.172
2447	67.5	56.627	34.866	-23.637
2448	75.938	55.096	37.238	-26.435
2450	67.5	59.38	29.939	-24.593
2451	75.938	58.055	32.432	-27.937
2453	67.5	61.705	24.795	-24.84
2454	75.938	60.597	27.391	-28.634
2456	67.5	63.585	19.473	-24.372
2457	75.938	62.701	22.154	-28.506
2459	67.5	65.007	14.01	-23.198
2460	75.938	64.354	16.757	-27.555
2462	67.5	65.961	8.4467	-21.359
2463	75.938	65.543	11.239	-25.811
2465	67.5	66.44	2.8223	-18.887
2466	75.938	66.26	5.6396	-23.311
2468	67.5	66.44	-2.8223	-15.905
2469	75.938	66.5	-1.9429e-013	-20.168
2470	67.5	65.961	-8.4467	-12.465
2471	75.938	66.26	-5.6396	-16.434
2473	67.5	65.007	-14.01	-8.6611
2474	75.938	65.543	-11.239	-12.236
2476	67.5	63.585	-19.473	-4.6068
2477	75.938	64.354	-16.757	-7.6843
2479	67.5	61.705	-24.795	-0.4188
2480	75.938	62.701	-22.154	-2.911
2482	67.5	59.38	-29.939	3.7822
2483	75.938	60.597	-27.391	1.9471
2485	67.5	56.627	-34.866	7.8753
2486	75.938	58.055	-32.432	6.7504
2488	67.5	53.466	-39.543	11.743
2489	75.938	55.096	-37.238	11.361
2491	67.5	49.92	-43.935	15.273
2492	75.938	51.739	-41.777	15.645
2494	67.5	46.014	-48.01	18.364
2495	75.938	48.01	-46.014	19.48
2497	67.5	41.777	-51.739	20.927
2498	75.938	43.935	-49.92	22.756
2500	67.5	37.238	-55.096	22.888
2501	75.938	39.543	-53.466	25.377
2503	67.5	32.432	-58.055	24.19
2504	75.938	34.866	-56.627	27.268
2506	67.5	27.391	-60.597	24.796
2507	75.938	29.939	-59.38	28.375
2509	67.5	22.154	-62.701	24.689
2510	75.938	24.795	-61.705	28.665
2512	67.5	16.757	-64.354	23.87
2513	75.938	19.473	-63.585	28.129
2515	67.5	11.239	-65.543	22.362
2516	75.938	14.01	-65.007	26.782
2518	67.5	5.6396	-66.26	20.211
2519	75.938	8.4467	-65.961	24.663
2521	67.5	1.8838e-014	-66.5	17.475
2522	75.938	2.8223	-66.44	21.828
2524	67.5	-5.6396	-66.26	14.248
2525	75.938	-2.8223	-66.44	18.367
2527	67.5	-11.239	-65.543	10.608
2528	75.938	-8.4467	-65.961	14.397
2530	67.5	-16.757	-64.354	6.6678
2531	75.938	-14.01	-65.007	10.007
2533	67.5	-22.154	-62.701	2.5342
2534	75.938	-19.473	-63.585	5.3295
2536	67.5	-27.391	-60.597	-1.6752
2537	75.938	-24.795	-61.705	0.49701
2539	67.5	-32.432	-58.055	-5.835
2540	75.938	-29.939	-59.38	-4.3487
2542	67.5	-37.238	-55.096	-9.8315
2543	75.938	-34.866	-56.627	-9.0748
2545	67.5	-41.777	-51.739	-13.547
2546	75.938	-39.543	-53.466	-13.544
2548	67.5	-46.014	-48.01	-16.872
2549	75.938	-43.935	-49.92	-17.622
2551	67.5	-49.92	-43.935	-19.712
2552	75.938	-48.01	-46.014	-21.192
2554	67.5	-53.466	-39.543	-21.985
2555	75.938	-51.739	-41.777	-24.153
2557	67.5	-56.627	-34.866	-23.625
2558	75.938	-55.096	-37.238	-26.419
2560	67.5	-59.38	-29.939	-24.586
2561	75.938	-58.055	-32.432	-27.925
2563	67.5	-61.705	-24.795	-24.839
2564	75.938	-60.597	-27.391	-28.627
2566	67.5	-63.585	-19.473	-24.378
2567	75.938	-62.701	-22.154	-28.507
2569	67.5	-65.007	-14.01	-23.215
2570	75.938	-64.354	-16.757	-27.566
2572	67.5	-65.961	-8.4467	-21.384
2573	75.938	-65.543	-11.239	-25.831
2575	75.938	-66.26	-5.6396	-23.354
2576	67.5	-66.44	-2.8223	-18.938
2578	84.375	-65.961	8.4467	-16.352
2579	92.813	-66.26	5.6396	-20.882
2580	84.375	-66.44	2.8223	-20.867
2582	84.375	-65.007	14.01	-11.366
2583	92.813	-65.543	11.239	-15.552
2585	84.375	-63.585	19.473	-6.0519
2586	92.813	-64.354	16.757	-9.7734
2588	84.375	-61.705	24.795	-0.56314
2589	92.813	-62.701	22.154	-3.7131
2591	84.375	-59.38	29.939	4.9427
2592	92.813	-60.597	27.391	2.455
2594	84.375	-56.627	34.866	10.307
2595	92.813	-58.055	32.432	8.5536
2597	84.375	-53.466	39.543	15.376
2598	92.813	-55.096	37.238	14.407
2600	84.375	-49.92	43.935	20.003
2601	92.813	-51.739	41.777	19.847
2603	84.375	-46.014	48.01	24.055
2604	92.813	-48.01	46.014	24.717
2606	84.375	-41.777	51.739	27.415
2607	92.813	-43.935	49.92	28.876
2609	84.375	-37.238	55.096	29.986
2610	92.813	-39.543	53.466	32.205
2612	84.375	-32.432	58.055	31.694
2613	92.813	-34.866	56.627	34.606
2615	84.375	-27.391	60.597	32.488
2616	92.813	-29.939	59.38	36.011
2618	84.375	-22.154	62.701	32.346
2619	92.813	-24.795	61.705	36.378
2621	84.375	-16.757	64.354	31.271
2622	92.813	-19.473	63.585	35.695
2624	84.375	-11.239	65.543	29.293
2625	92.813	-14.01	65.007	33.982
2627	84.375	-5.6396	66.26	26.469
2628	92.813	-8.4467	65.961	31.289
2630	84.375	3.4369e-013	66.5	22.874
2631	92.813	-2.8223	66.44	27.687
2633	84.375	5.6396	66.26	18.643
2634	92.813	2.8223	66.44	23.29
2636	84.375	11.239	65.543	13.873
2637	92.813	8.4467	65.961	18.244
2639	84.375	16.757	64.354	8.7072
2640	92.813	14.01	65.007	12.67
2642	84.375	22.154	62.701	3.2895
2643	92.813	19.473	63.585	6.7314
2645	84.375	27.391	60.597	-2.2232
2646	92.813	24.795	61.705	0.59876
2648	84.375	32.432	58.055	-7.6726
2649	92.813	29.939	59.38	-5.5517
2651	84.375	37.238	55.096	-12.902
2652	92.813	34.866	56.627	-11.543
2654	84.375	41.777	51.739	-17.761
2655	92.813	39.543	53.466	-17.204
2657	84.375	46.014	48.01	-22.11
2658	92.813	43.935	49.92	-22.37
2660	84.375	49.92	43.935	-25.824
2661	92.813	48.01	46.014	-26.894
2663	84.375	53.466	39.543	-28.794
2664	92.813	51.739	41.777	-30.644
2666	84.375	56.627	34.866	-30.936
2667	92.813	55.096	37.238	-33.513
2669	84.375	59.38	29.939	-32.188
2670	92.813	58.055	32.432	-35.417
2672	84.375	61.705	24.795	-32.511
2673	92.813	60.597	27.391	-36.3
2675	84.375	63.585	19.473	-31.898
2676	92.813	62.701	22.154	-36.138
2678	84.375	65.007	14.01	-30.361
2679	92.813	64.354	16.757	-34.931
2681	84.375	65.961	8.4467	-27.953
2682	92.813	65.543	11.239	-32.72
2684	84.375	66.44	2.8223	-24.717
2685	92.813	66.26	5.6396	-29.549
2687	84.375	66.44	-2.8223	-20.813
2688	92.813	66.5	-1.9429e-013	-25.562
2689	84.375	65.961	-8.4467	-16.31
2690	92.813	66.26	-5.6396	-20.83
2692	84.375	65.007	-14.01	-11.332
2693	92.813	65.543	-11.239	-15.508
2695	84.375	63.585	-19.473	-6.0275
2696	92.813	64.354	-16.757	-9.7396
2698	84.375	61.705	-24.795	-0.54828
2699	92.813	62.701	-22.154	-3.6898
2701	84.375	59.38	-29.939	4.948
2702	92.813	60.597	-27.391	2.4675
2704	84.375	56.627	-34.866	10.303
2705	92.813	58.055	-32.432	8.5553
2707	84.375	53.466	-39.543	15.363
2708	92.813	55.096	-37.238	14.399
2710	84.375	49.92	-43.935	19.983
2711	92.813	51.739	-41.777	19.829
2713	84.375	46.014	-48.01	24.029
2714	92.813	48.01	-46.014	24.691
2716	84.375	41.777	-51.739	27.384
2717	92.813	43.935	-49.92	28.844
2719	84.375	37.238	-55.096	29.952
2720	92.813	39.543	-53.466	32.168
2722	84.375	32.432	-58.055	31.659
2723	92.813	34.866	-56.627	34.567
2725	84.375	27.391	-60.597	32.454
2726	92.813	29.939	-59.38	35.972
2728	84.375	22.154	-62.701	32.315
2729	92.813	24.795	-61.705	36.341
2731	84.375	16.757	-64.354	31.244
2732	92.813	19.473	-63.585	35.662
2734	84.375	11.239	-65.543	29.272
2735	92.813	14.01	-65.007	33.955
2737	84.375	5.6396	-66.26	26.455
2738	92.813	8.4467	-65.961	31.269
2740	84.375	1.8838e-014	-66.5	22.868
2741	92.813	2.8223	-66.44	27.675
2743	84.375	-5.6396	-66.26	18.645
2744	92.813	-2.8223	-66.44	23.287
2746	84.375	-11.239	-65.543	13.884
2747	92.813	-8.4467	-65.961	18.251
2749	84.375	-16.757	-64.354	8.725
2750	92.813	-14.01	-65.007	12.685
2752	84.375	-22.154	-62.701	3.3146
2753	92.813	-19.473	-63.585	6.7549
2755	84.375	-27.391	-60.597	-2.1945
2756	92.813	-24.795	-61.705	0.62824
2758	84.375	-32.432	-58.055	-7.6379
2759	92.813	-29.939	-59.38	-5.5151
2761	84.375	-37.238	-55.096	-12.869
2762	92.813	-34.866	-56.627	-11.507
2764	84.375	-41.777	-51.739	-17.733
2765	92.813	-39.543	-53.466	-17.171
2767	84.375	-46.014	-48.01	-22.084
2768	92.813	-43.935	-49.92	-22.341
2770	84.375	-49.92	-43.935	-25.8
2771	92.813	-48.01	-46.014	-26.867
2773	84.375	-53.466	-39.543	-28.773
2774	92.813	-51.739	-41.777	-30.619
2776	84.375	-56.627	-34.866	-30.918
2777	92.813	-55.096	-37.238	-33.49
2779	84.375	-59.38	-29.939	-32.175
2780	92.813	-58.055	-32.432	-35.398
2782	84.375	-61.705	-24.795	-32.505
2783	92.813	-60.597	-27.391	-36.288
2785	84.375	-63.585	-19.473	-31.901
2786	92.813	-62.701	-22.154	-36.134
2788	84.375	-65.007	-14.01	-30.379
2789	92.813	-64.354	-16.757	-34.941
2791	84.375	-65.961	-8.4467	-27.983
2792	92.813	-65.543	-11.239	-32.743
2794	92.813	-66.26	-5.6396	-29.603
2795	84.375	-66.44	-2.8223	-24.782
2797	101.25	-65.961	8.4467	-20.166
2798	109.69	-66.26	5.6396	-25.124
2799	101.25	-66.44	2.8223	-25.733
2801	101.25	-65.007	14.01	-14.018
2802	109.69	-65.543	11.239	-18.712
2804	101.25	-63.585	19.473	-7.4654
2805	109.69	-64.354	16.757	-11.76
2807	101.25	-61.705	24.795	-0.69722
2808	109.69	-62.701	22.154	-4.4692
2810	101.25	-59.38	29.939	6.0922
2811	109.69	-60.597	27.391	2.9517
2813	101.25	-56.627	34.866	12.708
2814	109.69	-58.055	32.432	10.289
2816	101.25	-53.466	39.543	18.959
2817	109.69	-55.096	37.238	17.332
2819	101.25	-49.92	43.935	24.665
2820	109.69	-51.739	41.777	23.877
2822	101.25	-46.014	48.01	29.663
2823	109.69	-48.01	46.014	29.737
2825	101.25	-41.777	51.739	33.808
2826	109.69	-43.935	49.92	34.742
2828	101.25	-37.238	55.096	36.98
2829	109.69	-39.543	53.466	38.747
2831	101.25	-32.432	58.055	39.086
2832	109.69	-34.866	56.627	41.637
2834	101.25	-27.391	60.597	40.067
2835	109.69	-29.939	59.38	43.327
2837	101.25	-22.154	62.701	39.893
2838	109.69	-24.795	61.705	43.769
2840	101.25	-16.757	64.354	38.567
2841	109.69	-19.473	63.585	42.948
2843	101.25	-11.239	65.543	36.127
2844	109.69	-14.01	65.007	40.886
2846	101.25	-5.6396	66.26	32.643
2847	109.69	-8.4467	65.961	37.645
2849	101.25	3.4369e-013	66.5	28.208
2850	109.69	-2.8223	66.44	33.314
2852	101.25	5.6396	66.26	22.992
2853	109.69	2.8223	66.44	28.024
2855	101.25	11.239	65.543	17.111
2856	109.69	8.4467	65.961	21.951
2858	101.25	16.757	64.354	10.739
2859	109.69	14.01	65.007	15.244
2861	101.25	22.154	62.701	4.0569
2862	109.69	19.473	63.585	8.0988
2864	101.25	27.391	60.597	-2.7419
2865	109.69	24.795	61.705	0.72
2867	101.25	32.432	58.055	-9.4627
2868	109.69	29.939	59.38	-6.6804
2870	101.25	37.238	55.096	-15.912
2871	109.69	34.866	56.627	-13.89
2873	101.25	41.777	51.739	-21.905
2874	109.69	39.543	53.466	-20.701
2876	101.25	46.014	48.01	-27.268
2877	109.69	43.935	49.92	-26.917
2879	101.25	49.92	43.935	-31.848
2880	109.69	48.01	46.014	-32.359
2882	101.25	53.466	39.543	-35.512
2883	109.69	51.739	41.777	-36.872
2885	101.25	56.627	34.866	-38.153
2886	109.69	55.096	37.238	-40.323
2888	101.25	59.38	29.939	-39.696
2889	109.69	58.055	32.432	-42.613
2891	101.25	61.705	24.795	-40.094
2892	109.69	60.597	27.391	-43.675
2894	101.25	63.585	19.473	-39.337
2895	109.69	62.701	22.154	-43.479
2897	101.25	65.007	14.01	-37.441
2898	109.69	64.354	16.757	-42.025
2900	101.25	65.961	8.4467	-34.471
2901	109.69	65.543	11.239	-39.365
2903	101.25	66.44	2.8223	-30.482
2904	109.69	66.26	5.6396	-35.551
2906	101.25	66.44	-2.8223	-25.666
2907	109.69	66.5	-1.9429e-013	-30.754
2908	101.25	65.961	-8.4467	-20.112
2909	109.69	66.26	-5.6396	-25.061
2911	101.25	65.007	-14.01	-13.974
2912	109.69	65.543	-11.239	-18.658
2914	101.25	63.585	-19.473	-7.4328
2915	109.69	64.354	-16.757	-11.718
2917	101.25	61.705	-24.795	-0.67643
2918	109.69	62.701	-22.154	-4.4391
2920	101.25	59.38	-29.939	6.1009
2921	109.69	60.597	-27.391	2.9686
2923	101.25	56.627	-34.866	12.705
2924	109.69	58.055	-32.432	10.293
2926	101.25	53.466	-39.543	18.945
2927	109.69	55.096	-37.238	17.323
2929	101.25	49.92	-43.935	24.641
2930	109.69	51.739	-41.777	23.857
2932	101.25	46.014	-48.01	29.631
2933	109.69	48.01	-46.014	29.707
2935	101.25	41.777	-51.739	33.77
2936	109.69	43.935	-49.92	34.703
2938	101.25	37.238	-55.096	36.938
2939	109.69	39.543	-53.466	38.703
2941	101.25	32.432	-58.055	39.043
2942	109.69	34.866	-56.627	41.59
2944	101.25	27.391	-60.597	40.025
2945	109.69	29.939	-59.38	43.28
2947	101.25	22.154	-62.701	39.853
2948	109.69	24.795	-61.705	43.724
2950	101.25	16.757	-64.354	38.533
2951	109.69	19.473	-63.585	42.907
2953	101.25	11.239	-65.543	36.101
2954	109.69	14.01	-65.007	40.853
2956	101.25	5.6396	-66.26	32.625
2957	109.69	8.4467	-65.961	37.62
2959	101.25	1.8838e-014	-66.5	28.2
2960	109.69	2.8223	-66.44	33.299
2962	101.25	-5.6396	-66.26	22.994
2963	109.69	-2.8223	-66.44	28.02
2965	101.25	-11.239	-65.543	17.122
2966	109.69	-8.4467	-65.961	21.958
2968	101.25	-16.757	-64.354	10.759
2969	109.69	-14.01	-65.007	15.262
2971	101.25	-22.154	-62.701	4.0867
2972	109.69	-19.473	-63.585	8.1264
2974	101.25	-27.391	-60.597	-2.7085
2975	109.69	-24.795	-61.705	0.75464
2977	101.25	-32.432	-58.055	-9.4197
2978	109.69	-29.939	-59.38	-6.6358
2980	101.25	-37.238	-55.096	-15.871
2981	109.69	-34.866	-56.627	-13.848
2983	101.25	-41.777	-51.739	-21.87
2984	109.69	-39.543	-53.466	-20.66
2986	101.25	-46.014	-48.01	-27.235
2987	109.69	-43.935	-49.92	-26.879
2989	101.25	-49.92	-43.935	-31.817
2990	109.69	-48.01	-46.014	-32.325
2992	101.25	-53.466	-39.543	-35.484
2993	109.69	-51.739	-41.777	-36.839
2995	101.25	-56.627	-34.866	-38.129
2996	109.69	-55.096	-37.238	-40.294
2998	101.25	-59.38	-29.939	-39.677
2999	109.69	-58.055	-32.432	-42.589
3001	101.25	-61.705	-24.795	-40.085
3002	109.69	-60.597	-27.391	-43.659
3004	101.25	-63.585	-19.473	-39.339
3005	109.69	-62.701	-22.154	-43.474
3007	101.25	-65.007	-14.01	-37.462
3008	109.69	-64.354	-16.757	-42.038
3010	101.25	-65.961	-8.4467	-34.507
3011	109.69	-65.543	-11.239	-39.394
3013	109.69	-66.26	-5.6396	-35.616
3014	101.25	-66.44	-2.8223	-30.56
3016	118.13	-65.961	8.4467	-23.782
3017	126.56	-66.26	5.6396	-29.243
3018	118.13	-66.44	2.8223	-30.347
3020	118.13	-65.007	14.01	-16.532
3021	126.56	-65.543	11.239	-21.78
3023	118.13	-63.585	19.473	-8.8053
3024	126.56	-64.354	16.757	-13.69
3026	118.13	-61.705	24.795	-0.824
3027	126.56	-62.701	22.154	-5.2038
3029	118.13	-59.38	29.939	7.1825
3030	126.56	-60.597	27.391	3.4331
3032	118.13	-56.627	34.866	14.984
3033	126.56	-58.055	32.432	11.973
3035	118.13	-53.466	39.543	22.356
3036	126.56	-55.096	37.238	20.17
3038	118.13	-49.92	43.935	29.086
3039	126.56	-51.739	41.777	27.789
3041	118.13	-46.014	48.01	34.98
3042	126.56	-48.01	46.014	34.61
3044	118.13	-41.777	51.739	39.869
3045	126.56	-43.935	49.92	40.435
3047	118.13	-37.238	55.096	43.61
3048	126.56	-39.543	53.466	45.098
3050	118.13	-32.432	58.055	46.095
3051	126.56	-34.866	56.627	48.463
3053	118.13	-27.391	60.597	47.252
3054	126.56	-29.939	59.38	50.431
3056	118.13	-22.154	62.701	47.047
3057	126.56	-24.795	61.705	50.946
3059	118.13	-16.757	64.354	45.484
3060	126.56	-19.473	63.585	49.991
3062	118.13	-11.239	65.543	42.606
3063	126.56	-14.01	65.007	47.593
3065	118.13	-5.6396	66.26	38.495
3066	126.56	-8.4467	65.961	43.822
3068	118.13	3.4369e-013	66.5	33.265
3069	126.56	-2.8223	66.44	38.78
3071	118.13	5.6396	66.26	27.113
3072	126.56	2.8223	66.44	32.616
3074	118.13	11.239	65.543	20.178
3075	126.56	8.4467	65.961	25.551
3077	118.13	16.757	64.354	12.664
3078	126.56	14.01	65.007	17.746
3080	118.13	22.154	62.701	4.7846
3081	126.56	19.473	63.585	9.4295
3083	118.13	27.391	60.597	-3.2336
3084	126.56	24.795	61.705	0.84031
3086	118.13	32.432	58.055	-11.16
3087	126.56	29.939	59.38	-7.7741
3089	118.13	37.238	55.096	-18.766
3090	126.56	34.866	56.627	-16.166
3092	118.13	41.777	51.739	-25.834
3093	126.56	39.543	53.466	-24.094
3095	118.13	46.014	48.01	-32.159
3096	126.56	43.935	49.92	-31.33
3098	118.13	49.92	43.935	-37.56
3099	126.56	48.01	46.014	-37.665
3101	118.13	53.466	39.543	-41.88
3102	126.56	51.739	41.777	-42.917
3104	118.13	56.627	34.866	-44.995
3105	126.56	55.096	37.238	-46.934
3107	118.13	59.38	29.939	-46.814
3108	126.56	58.055	32.432	-49.599
3110	118.13	61.705	24.795	-47.283
3111	126.56	60.597	27.391	-50.836
3113	118.13	63.585	19.473	-46.389
3114	126.56	62.701	22.154	-50.607
3116	118.13	65.007	14.01	-44.154
3117	126.56	64.354	16.757	-48.916
3119	118.13	65.961	8.4467	-40.65
3120	126.56	65.543	11.239	-45.819
3122	118.13	66.44	2.8223	-35.945
3123	126.56	66.26	5.6396	-41.379
3125	118.13	66.44	-2.8223	-30.267
3126	126.56	66.5	-1.9429e-013	-35.793
3127	118.13	65.961	-8.4467	-23.717
3128	126.56	66.26	-5.6396	-29.167
3130	118.13	65.007	-14.01	-16.478
3131	126.56	65.543	-11.239	-21.716
3133	118.13	63.585	-19.473	-8.7652
3134	126.56	64.354	-16.757	-13.639
3136	118.13	61.705	-24.795	-0.79791
3137	126.56	62.701	-22.154	-5.1681
3139	118.13	59.38	-29.939	7.1942
3140	126.56	60.597	-27.391	3.4536
3142	118.13	56.627	-34.866	14.982
3143	126.56	58.055	-32.432	11.978
3145	118.13	53.466	-39.543	22.34
3146	126.56	55.096	-37.238	20.161
3148	118.13	49.92	-43.935	29.059
3149	126.56	51.739	-41.777	27.766
3151	118.13	46.014	-48.01	34.943
3152	126.56	48.01	-46.014	34.575
3154	118.13	41.777	-51.739	39.824
3155	126.56	43.935	-49.92	40.391
3157	118.13	37.238	-55.096	43.56
3158	126.56	39.543	-53.466	45.047
3160	118.13	32.432	-58.055	46.044
3161	126.56	34.866	-56.627	48.408
3163	118.13	27.391	-60.597	47.202
3164	126.56	29.939	-59.38	50.376
3166	118.13	22.154	-62.701	47.
3167	126.56	24.795	-61.705	50.893
3169	118.13	16.757	-64.354	45.444
3170	126.56	19.473	-63.585	49.944
3172	118.13	11.239	-65.543	42.574
3173	126.56	14.01	-65.007	47.553
3175	118.13	5.6396	-66.26	38.473
3176	126.56	8.4467	-65.961	43.792
3178	118.13	1.8838e-014	-66.5	33.254
3179	126.56	2.8223	-66.44	38.761
3181	118.13	-5.6396	-66.26	27.114
3182	126.56	-2.8223	-66.44	32.61
3184	118.13	-11.239	-65.543	20.191
3185	126.56	-8.4467	-65.961	25.557
3187	118.13	-16.757	-64.354	12.688
3188	126.56	-14.01	-65.007	17.764
3190	118.13	-22.154	-62.701	4.8199
3191	126.56	-19.473	-63.585	9.4592
3193	118.13	-27.391	-60.597	-3.1943
3194	126.56	-24.795	-61.705	0.87947
3196	118.13	-32.432	-58.055	-11.108
3197	126.56	-29.939	-59.38	-7.7192
3199	118.13	-37.238	-55.096	-18.715
3200	126.56	-34.866	-56.627	-16.121
3202	118.13	-41.777	-51.739	-25.792
3203	126.56	-39.543	-53.466	-24.048
3205	118.13	-46.014	-48.01	-32.119
3206	126.56	-43.935	-49.92	-31.286
3208	118.13	-49.92	-43.935	-37.523
3209	126.56	-48.01	-46.014	-37.624
3211	118.13	-53.466	-39.543	-41.846
3212	126.56	-51.739	-41.777	-42.878
3214	118.13	-56.627	-34.866	-44.965
3215	126.56	-55.096	-37.238	-46.899
3217	118.13	-59.38	-29.939	-46.791
3218	126.56	-58.055	-32.432	-49.57
3220	118.13	-61.705	-24.795	-47.271
3221	126.56	-60.597	-27.391	-50.816
3223	118.13	-63.585	-19.473	-46.391
3224	126.56	-62.701	-22.154	-50.6
3226	118.13	-65.007	-14.01	-44.178
3227	126.56	-64.354	-16.757	-48.929
3229	118.13	-65.961	-8.4467	-40.693
3230	126.56	-65.543	-11.239	-45.85
3232	118.13	-66.44	-2.8223	-36.039
3233	126.56	-66.26	-5.6396	-41.454
3235	135.	-66.44	2.8223	-35.267
3236	135.	-65.961	8.4467	-27.638
3238	25.313	-66.5	-8.1439e-015	-5.34
3240	42.188	-66.5	-8.1439e-015	-9.9606
3242	59.063	-66.5	-8.1439e-015	-14.894
3244	75.938	-66.5	-8.1439e-015	-20.204
3246	92.813	-66.5	-8.1439e-015	-25.611
3248	109.69	-66.5	-8.1439e-015	-30.813
3250	126.56	-66.5	-8.1439e-015	-35.864
3252	135.	-66.44	-2.8223	-41.881
3254	135.	-65.961	-8.4467	-47.289
3256	135.	-65.007	-14.01	-51.338
3258	135.	-63.585	-19.473	-53.911
3260	135.	-61.705	-24.795	-54.933
3262	135.	-59.38	-29.939	-54.375
3264	135.	-56.627	-34.866	-52.254
3266	135.	-53.466	-39.543	-48.629
3268	135.	-49.92	-43.935	-43.604
3270	135.	-46.014	-48.01	-37.323
3272	135.	-41.777	-51.739	-29.968
3274	135.	-37.238	-55.096	-21.739
3276	135.	-32.432	-58.055	-12.905
3278	135.	-27.391	-60.597	-3.7187
3280	135.	-22.154	-62.701	5.5985
3282	135.	-16.757	-64.354	14.747
3284	135.	-11.239	-65.543	23.471
3286	135.	-5.6396	-66.26	31.516
3288	135.	4.072e-015	-66.5	38.641
3290	135.	5.6396	-66.26	44.705
3292	135.	11.239	-65.543	49.474
3294	135.	16.757	-64.354	52.811
3296	135.	22.154	-62.701	54.621
3298	135.	27.391	-60.597	54.855
3300	135.	32.432	-58.055	53.508
3302	135.	37.238	-55.096	50.621
3304	135.	41.777	-51.739	46.278
3306	135.	46.014	-48.01	40.605
3308	135.	49.92	-43.935	33.766
3310	135.	53.466	-39.543	25.959
3312	135.	56.627	-34.866	17.407
3314	135.	59.38	-29.939	8.357
3316	135.	61.705	-24.795	-0.93059
3318	135.	63.585	-19.473	-10.189
3320	135.	65.007	-14.01	-19.153
3322	135.	65.961	-8.4467	-27.564
3324	135.	66.44	-2.8223	-35.171
3326	135.	66.44	2.8223	-41.767
3327	135.	65.961	8.4467	-47.237
3329	135.	65.007	14.01	-51.311
3331	135.	63.585	19.473	-53.911
3333	135.	61.705	24.795	-54.95
3335	135.	59.38	29.939	-54.404
3337	135.	56.627	34.866	-52.29
3339	135.	53.466	39.543	-48.67
3341	135.	49.92	43.935	-43.649
3343	135.	46.014	48.01	-37.373
3345	135.	41.777	51.739	-30.021
3347	135.	37.238	55.096	-21.807
3349	135.	32.432	58.055	-12.967
3351	135.	27.391	60.597	-3.7541
3353	135.	22.154	62.701	5.5658
3355	135.	16.757	64.354	14.725
3357	135.	11.239	65.543	23.46
3359	135.	5.6396	66.26	31.517
3361	135.	3.7322e-013	66.5	38.655
3363	135.	-5.6396	66.26	44.732
3365	135.	-11.239	65.543	49.513
3367	135.	-16.757	64.354	52.859
3369	135.	-22.154	62.701	54.676
3371	135.	-27.391	60.597	54.915
3373	135.	-32.432	58.055	53.569
3375	135.	-37.238	55.096	50.68
3377	135.	-41.777	51.739	46.331
3379	135.	-46.014	48.01	40.649
3381	135.	-49.92	43.935	33.799
3383	135.	-53.466	39.543	25.977
3385	135.	-56.627	34.866	17.41
3387	135.	-59.38	29.939	8.3435
3389	135.	-61.705	24.795	-0.96057
3391	135.	-63.585	19.473	-10.235
3393	135.	-65.007	14.01	-19.214
