節点番号	X 座標 (mm)	Y 座標 (mm)	Z 座標 (mm)	各方向での変形量 (mm)
80	0.	-66.5	-8.1439e-015	0.
81	0.	-66.26	-5.6396	0.
82	0.	-65.543	-11.239	0.
83	0.	-64.354	-16.757	0.
84	0.	-62.701	-22.154	0.
85	0.	-60.597	-27.391	0.
86	0.	-58.055	-32.432	0.
87	0.	-55.096	-37.238	0.
88	0.	-51.739	-41.777	0.
89	0.	-48.01	-46.014	0.
90	0.	-43.935	-49.92	0.
91	0.	-39.543	-53.466	0.
92	0.	-34.866	-56.627	0.
93	0.	-29.939	-59.38	0.
94	0.	-24.795	-61.705	0.
95	0.	-19.473	-63.585	0.
96	0.	-14.01	-65.007	0.
97	0.	-8.4467	-65.961	0.
98	0.	-2.8223	-66.44	0.
99	0.	2.8223	-66.44	0.
100	0.	8.4467	-65.961	0.
101	0.	14.01	-65.007	0.
102	0.	19.473	-63.585	0.
103	0.	24.795	-61.705	0.
104	0.	29.939	-59.38	0.
105	0.	34.866	-56.627	0.
106	0.	39.543	-53.466	0.
107	0.	43.935	-49.92	0.
108	0.	48.01	-46.014	0.
109	0.	51.739	-41.777	0.
110	0.	55.096	-37.238	0.
111	0.	58.055	-32.432	0.
112	0.	60.597	-27.391	0.
113	0.	62.701	-22.154	0.
114	0.	64.354	-16.757	0.
115	0.	65.543	-11.239	0.
116	0.	66.26	-5.6396	0.
117	0.	66.5	-1.9429e-013	0.
118	0.	66.26	5.6396	0.
119	0.	65.543	11.239	0.
120	0.	64.354	16.757	0.
121	0.	62.701	22.154	0.
122	0.	60.597	27.391	0.
123	0.	58.055	32.432	0.
124	0.	55.096	37.238	0.
125	0.	51.739	41.777	0.
126	0.	48.01	46.014	0.
127	0.	43.935	49.92	0.
128	0.	39.543	53.466	0.
129	0.	34.866	56.627	0.
130	0.	29.939	59.38	0.
131	0.	24.795	61.705	0.
132	0.	19.473	63.585	0.
133	0.	14.01	65.007	0.
134	0.	8.4467	65.961	0.
135	0.	2.8223	66.44	0.
136	0.	-2.8223	66.44	0.
137	0.	-8.4467	65.961	0.
138	0.	-14.01	65.007	0.
139	0.	-19.473	63.585	0.
140	0.	-24.795	61.705	0.
141	0.	-29.939	59.38	0.
142	0.	-34.866	56.627	0.
143	0.	-39.543	53.466	0.
144	0.	-43.935	49.92	0.
145	0.	-48.01	46.014	0.
146	0.	-51.739	41.777	0.
147	0.	-55.096	37.238	0.
148	0.	-58.055	32.432	0.
149	0.	-60.597	27.391	0.
150	0.	-62.701	22.154	0.
151	0.	-64.354	16.757	0.
152	0.	-66.26	5.6396	0.
153	0.	-65.543	11.239	0.
154	16.875	-66.26	5.6396	0.23347
155	16.875	-65.543	11.239	0.7206
156	16.875	-64.354	16.757	1.202
157	16.875	-62.701	22.154	1.6741
158	16.875	-60.597	27.391	2.1332
159	16.875	-58.055	32.432	2.5759
160	16.875	-55.096	37.238	2.9987
161	16.875	-51.739	41.777	3.3986
162	16.875	-48.01	46.014	3.7726
163	16.875	-43.935	49.92	4.1179
164	16.875	-39.543	53.466	4.4319
165	16.875	-34.866	56.627	4.7126
166	16.875	-29.939	59.38	4.9583
167	16.875	-24.795	61.705	5.1676
168	16.875	-19.473	63.585	5.3397
169	16.875	-14.01	65.007	5.4719
170	16.875	-8.4467	65.961	5.5604
171	16.875	-2.8223	66.44	5.5937
172	16.875	2.8223	66.44	5.6844
173	16.875	8.4467	65.961	5.6318
174	16.875	14.01	65.007	5.605
175	16.875	19.473	63.585	5.5206
176	16.875	24.795	61.705	5.3883
177	16.875	29.939	59.38	5.2098
178	16.875	34.866	56.627	4.9897
179	16.875	39.543	53.466	4.7313
180	16.875	43.935	49.92	4.4376
181	16.875	48.01	46.014	4.1114
182	16.875	51.739	41.777	3.7557
183	16.875	55.096	37.238	3.3736
184	16.875	58.055	32.432	2.9687
185	16.875	60.597	27.391	2.5447
186	16.875	62.701	22.154	2.1056
187	16.875	64.354	16.757	1.655
188	16.875	65.543	11.239	1.1959
189	16.875	66.26	5.6396	0.72998
190	16.875	66.5	-1.9429e-013	0.26231
191	16.875	66.26	-5.6396	-0.21734
192	16.875	65.543	-11.239	-0.70481
193	16.875	64.354	-16.757	-1.1855
194	16.875	62.701	-22.154	-1.6583
195	16.875	60.597	-27.391	-2.119
196	16.875	58.055	-32.432	-2.5641
197	16.875	55.096	-37.238	-2.9901
198	16.875	51.739	-41.777	-3.3935
199	16.875	48.01	-46.014	-3.7713
200	16.875	43.935	-49.92	-4.1204
201	16.875	39.543	-53.466	-4.4379
202	16.875	34.866	-56.627	-4.7214
203	16.875	29.939	-59.38	-4.9692
204	16.875	24.795	-61.705	-5.1796
205	16.875	19.473	-63.585	-5.3517
206	16.875	14.01	-65.007	-5.4826
207	16.875	8.4467	-65.961	-5.5687
208	16.875	2.8223	-66.44	-5.5984
209	16.875	-2.8223	-66.44	-5.6839
210	16.875	-8.4467	-65.961	-5.6235
211	16.875	-14.01	-65.007	-5.5851
212	16.875	-19.473	-63.585	-5.4849
213	16.875	-24.795	-61.705	-5.3274
214	16.875	-29.939	-59.38	-5.1609
215	16.875	-34.866	-56.627	-4.926
216	16.875	-39.543	-53.466	-4.6931
217	16.875	-43.935	-49.92	-4.4284
218	16.875	-48.01	-46.014	-4.1241
219	16.875	-51.739	-41.777	-3.7851
220	16.875	-55.096	-37.238	-3.4151
221	16.875	-58.055	-32.432	-3.0178
222	16.875	-60.597	-27.391	-2.5965
223	16.875	-62.701	-22.154	-2.1547
224	16.875	-64.354	-16.757	-1.696
225	16.875	-65.543	-11.239	-1.2241
226	16.875	-66.26	-5.6396	-0.74269
227	33.75	-66.26	5.6396	0.51083
228	33.75	-65.543	11.239	1.5785
229	33.75	-64.354	16.757	2.634
230	33.75	-62.701	22.154	3.6691
231	33.75	-60.597	27.391	4.676
232	33.75	-58.055	32.432	5.6474
233	33.75	-55.096	37.238	6.576
234	33.75	-51.739	41.777	7.4552
235	33.75	-48.01	46.014	8.2788
236	33.75	-43.935	49.92	9.0412
237	33.75	-39.543	53.466	9.737
238	33.75	-34.866	56.627	10.362
239	33.75	-29.939	59.38	10.912
240	33.75	-24.795	61.705	11.384
241	33.75	-19.473	63.585	11.776
242	33.75	-14.01	65.007	12.089
243	33.75	-8.4467	65.961	12.32
244	33.75	-2.8223	66.44	12.46
245	33.75	2.8223	66.44	12.558
246	33.75	8.4467	65.961	12.484
247	33.75	14.01	65.007	12.375
248	33.75	19.473	63.585	12.157
249	33.75	24.795	61.705	11.852
250	33.75	29.939	59.38	11.457
251	33.75	34.866	56.627	10.978
252	33.75	39.543	53.466	10.417
253	33.75	43.935	49.92	9.7786
254	33.75	48.01	46.014	9.069
255	33.75	51.739	41.777	8.2942
256	33.75	55.096	37.238	7.4605
257	33.75	58.055	32.432	6.5748
258	33.75	60.597	27.391	5.644
259	33.75	62.701	22.154	4.6754
260	33.75	64.354	16.757	3.676
261	33.75	65.543	11.239	2.6523
262	33.75	66.26	5.6396	1.6088
263	33.75	66.5	-1.9429e-013	0.55593
264	33.75	66.26	-5.6396	-0.49912
265	33.75	65.543	-11.239	-1.5553
266	33.75	64.354	-16.757	-2.6032
267	33.75	62.701	-22.154	-3.6355
268	33.75	60.597	-27.391	-4.6433
269	33.75	58.055	-32.432	-5.6187
270	33.75	55.096	-37.238	-6.554
271	33.75	51.739	-41.777	-7.4418
272	33.75	48.01	-46.014	-8.2751
273	33.75	43.935	-49.92	-9.0472
274	33.75	39.543	-53.466	-9.7521
275	33.75	34.866	-56.627	-10.384
276	33.75	29.939	-59.38	-10.939
277	33.75	24.795	-61.705	-11.414
278	33.75	19.473	-63.585	-11.805
279	33.75	14.01	-65.007	-12.113
280	33.75	8.4467	-65.961	-12.337
281	33.75	2.8223	-66.44	-12.468
282	33.75	-2.8223	-66.44	-12.554
283	33.75	-8.4467	-65.961	-12.468
284	33.75	-14.01	-65.007	-12.348
285	33.75	-19.473	-63.585	-12.123
286	33.75	-24.795	-61.705	-11.806
287	33.75	-29.939	-59.38	-11.439
288	33.75	-34.866	-56.627	-10.95
289	33.75	-39.543	-53.466	-10.389
290	33.75	-43.935	-49.92	-9.765
291	33.75	-48.01	-46.014	-9.0714
292	33.75	-51.739	-41.777	-8.3132
293	33.75	-55.096	-37.238	-7.4938
294	33.75	-58.055	-32.432	-6.6183
295	33.75	-60.597	-27.391	-5.6925
296	33.75	-62.701	-22.154	-4.7232
297	33.75	-64.354	-16.757	-3.7176
298	33.75	-65.543	-11.239	-2.6834
299	33.75	-66.26	-5.6396	-1.6284
300	50.625	-66.26	5.6396	0.73214
301	50.625	-65.543	11.239	2.2598
302	50.625	-64.354	16.757	3.7698
303	50.625	-62.701	22.154	5.2506
304	50.625	-60.597	27.391	6.6908
305	50.625	-58.055	32.432	8.0799
306	50.625	-55.096	37.238	9.4078
307	50.625	-51.739	41.777	10.665
308	50.625	-48.01	46.014	11.844
309	50.625	-43.935	49.92	12.936
310	50.625	-39.543	53.466	13.934
311	50.625	-34.866	56.627	14.832
312	50.625	-29.939	59.38	15.626
313	50.625	-24.795	61.705	16.31
314	50.625	-19.473	63.585	16.879
315	50.625	-14.01	65.007	17.331
316	50.625	-8.4467	65.961	17.664
317	50.625	-2.8223	66.44	17.87
318	50.625	2.8223	66.44	17.976
319	50.625	8.4467	65.961	17.889
320	50.625	14.01	65.007	17.715
321	50.625	19.473	63.585	17.401
322	50.625	24.795	61.705	16.963
323	50.625	29.939	59.38	16.398
324	50.625	34.866	56.627	15.712
325	50.625	39.543	53.466	14.91
326	50.625	43.935	49.92	13.998
327	50.625	48.01	46.014	12.985
328	50.625	51.739	41.777	11.878
329	50.625	55.096	37.238	10.687
330	50.625	58.055	32.432	9.4205
331	50.625	60.597	27.391	8.0892
332	50.625	62.701	22.154	6.7027
333	50.625	64.354	16.757	5.2706
334	50.625	65.543	11.239	3.8028
335	50.625	66.26	5.6396	2.3079
336	50.625	66.5	-1.9429e-013	0.79768
337	50.625	66.26	-5.6396	-0.71677
338	50.625	65.543	-11.239	-2.2298
339	50.625	64.354	-16.757	-3.7285
340	50.625	62.701	-22.154	-5.203
341	50.625	60.597	-27.391	-6.6424
342	50.625	58.055	-32.432	-8.0361
343	50.625	55.096	-37.238	-9.3734
344	50.625	51.739	-41.777	-10.644
345	50.625	48.01	-46.014	-11.838
346	50.625	43.935	-49.92	-12.945
347	50.625	39.543	-53.466	-13.958
348	50.625	34.866	-56.627	-14.868
349	50.625	29.939	-59.38	-15.669
350	50.625	24.795	-61.705	-16.355
351	50.625	19.473	-63.585	-16.922
352	50.625	14.01	-65.007	-17.367
353	50.625	8.4467	-65.961	-17.688
354	50.625	2.8223	-66.44	-17.879
355	50.625	-2.8223	-66.44	-17.969
356	50.625	-8.4467	-65.961	-17.867
357	50.625	-14.01	-65.007	-17.678
358	50.625	-19.473	-63.585	-17.357
359	50.625	-24.795	-61.705	-16.91
360	50.625	-29.939	-59.38	-16.375
361	50.625	-34.866	-56.627	-15.685
362	50.625	-39.543	-53.466	-14.881
363	50.625	-43.935	-49.92	-13.986
364	50.625	-48.01	-46.014	-12.99
365	50.625	-51.739	-41.777	-11.901
366	50.625	-55.096	-37.238	-10.725
367	50.625	-58.055	-32.432	-9.4695
368	50.625	-60.597	-27.391	-8.1438
369	50.625	-62.701	-22.154	-6.7566
370	50.625	-64.354	-16.757	-5.3178
371	50.625	-65.543	-11.239	-3.8381
372	50.625	-66.26	-5.6396	-2.3288
373	67.5	-66.26	5.6396	0.94149
374	67.5	-65.543	11.239	2.9037
375	67.5	-64.354	16.757	4.843
376	67.5	-62.701	22.154	6.7446
377	67.5	-60.597	27.391	8.5942
378	67.5	-58.055	32.432	10.378
379	67.5	-55.096	37.238	12.084
380	67.5	-51.739	41.777	13.699
381	67.5	-48.01	46.014	15.214
382	67.5	-43.935	49.92	16.618
383	67.5	-39.543	53.466	17.902
384	67.5	-34.866	56.627	19.059
385	67.5	-29.939	59.38	20.081
386	67.5	-24.795	61.705	20.962
387	67.5	-19.473	63.585	21.695
388	67.5	-14.01	65.007	22.276
389	67.5	-8.4467	65.961	22.701
390	67.5	-2.8223	66.44	22.967
391	67.5	2.8223	66.44	23.083
392	67.5	8.4467	65.961	22.992
393	67.5	14.01	65.007	22.764
394	67.5	19.473	63.585	22.361
395	67.5	24.795	61.705	21.796
396	67.5	29.939	59.38	21.069
397	67.5	34.866	56.627	20.187
398	67.5	39.543	53.466	19.157
399	67.5	43.935	49.92	17.986
400	67.5	48.01	46.014	16.684
401	67.5	51.739	41.777	15.263
402	67.5	55.096	37.238	13.732
403	67.5	58.055	32.432	12.106
404	67.5	60.597	27.391	10.395
405	67.5	62.701	22.154	8.6127
406	67.5	64.354	16.757	6.7719
407	67.5	65.543	11.239	4.8855
408	67.5	66.26	5.6396	2.9655
409	67.5	66.5	-1.9429e-013	1.0251
410	67.5	66.26	-5.6396	-0.92183
411	67.5	65.543	-11.239	-2.8649
412	67.5	64.354	-16.757	-4.7895
413	67.5	62.701	-22.154	-6.6826
414	67.5	60.597	-27.391	-8.5307
415	67.5	58.055	-32.432	-10.32
416	67.5	55.096	-37.238	-12.038
417	67.5	51.739	-41.777	-13.671
418	67.5	48.01	-46.014	-15.206
419	67.5	43.935	-49.92	-16.631
420	67.5	39.543	-53.466	-17.934
421	67.5	34.866	-56.627	-19.107
422	67.5	29.939	-59.38	-20.139
423	67.5	24.795	-61.705	-21.023
424	67.5	19.473	-63.585	-21.753
425	67.5	14.01	-65.007	-22.324
426	67.5	8.4467	-65.961	-22.733
427	67.5	2.8223	-66.44	-22.979
428	67.5	-2.8223	-66.44	-23.073
429	67.5	-8.4467	-65.961	-22.962
430	67.5	-14.01	-65.007	-22.717
431	67.5	-19.473	-63.585	-22.304
432	67.5	-24.795	-61.705	-21.728
433	67.5	-29.939	-59.38	-21.023
434	67.5	-34.866	-56.627	-20.144
435	67.5	-39.543	-53.466	-19.117
436	67.5	-43.935	-49.92	-17.969
437	67.5	-48.01	-46.014	-16.689
438	67.5	-51.739	-41.777	-15.289
439	67.5	-55.096	-37.238	-13.777
440	67.5	-58.055	-32.432	-12.164
441	67.5	-60.597	-27.391	-10.461
442	67.5	-62.701	-22.154	-8.6784
443	67.5	-64.354	-16.757	-6.8299
444	67.5	-65.543	-11.239	-4.929
445	67.5	-66.26	-5.6396	-2.9902
446	84.375	-66.26	5.6396	1.1418
447	84.375	-65.543	11.239	3.5204
448	84.375	-64.354	16.757	5.8713
449	84.375	-62.701	22.154	8.1765
450	84.375	-60.597	27.391	10.419
451	84.375	-58.055	32.432	12.582
452	84.375	-55.096	37.238	14.65
453	84.375	-51.739	41.777	16.609
454	84.375	-48.01	46.014	18.447
455	84.375	-43.935	49.92	20.151
456	84.375	-39.543	53.466	21.71
457	84.375	-34.866	56.627	23.115
458	84.375	-29.939	59.38	24.357
459	84.375	-24.795	61.705	25.427
460	84.375	-19.473	63.585	26.318
461	84.375	-14.01	65.007	27.024
462	84.375	-8.4467	65.961	27.539
463	84.375	-2.8223	66.44	27.86
464	84.375	2.8223	66.44	27.989
465	84.375	8.4467	65.961	27.891
466	84.375	14.01	65.007	27.609
467	84.375	19.473	63.585	27.12
468	84.375	24.795	61.705	26.434
469	84.375	29.939	59.38	25.552
470	84.375	34.866	56.627	24.482
471	84.375	39.543	53.466	23.231
472	84.375	43.935	49.92	21.811
473	84.375	48.01	46.014	20.233
474	84.375	51.739	41.777	18.509
475	84.375	55.096	37.238	16.653
476	84.375	58.055	32.432	14.68
477	84.375	60.597	27.391	12.606
478	84.375	62.701	22.154	10.444
479	84.375	64.354	16.757	8.2121
480	84.375	65.543	11.239	5.9242
481	84.375	66.26	5.6396	3.596
482	84.375	66.5	-1.9429e-013	1.2433
483	84.375	66.26	-5.6396	-1.1176
484	84.375	65.543	-11.239	-3.4726
485	84.375	64.354	-16.757	-5.8053
486	84.375	62.701	-22.154	-8.0999
487	84.375	60.597	-27.391	-10.34
488	84.375	58.055	-32.432	-12.51
489	84.375	55.096	-37.238	-14.593
490	84.375	51.739	-41.777	-16.574
491	84.375	48.01	-46.014	-18.437
492	84.375	43.935	-49.92	-20.167
493	84.375	39.543	-53.466	-21.751
494	84.375	34.866	-56.627	-23.175
495	84.375	29.939	-59.38	-24.43
496	84.375	24.795	-61.705	-25.505
497	84.375	19.473	-63.585	-26.392
498	84.375	14.01	-65.007	-27.084
499	84.375	8.4467	-65.961	-27.579
500	84.375	2.8223	-66.44	-27.876
501	84.375	-2.8223	-66.44	-27.979
502	84.375	-8.4467	-65.961	-27.856
503	84.375	-14.01	-65.007	-27.553
504	84.375	-19.473	-63.585	-27.051
505	84.375	-24.795	-61.705	-26.354
506	84.375	-29.939	-59.38	-25.487
507	84.375	-34.866	-56.627	-24.425
508	84.375	-39.543	-53.466	-23.184
509	84.375	-43.935	-49.92	-21.79
510	84.375	-48.01	-46.014	-20.237
511	84.375	-51.739	-41.777	-18.539
512	84.375	-55.096	-37.238	-16.706
513	84.375	-58.055	-32.432	-14.749
514	84.375	-60.597	-27.391	-12.683
515	84.375	-62.701	-22.154	-10.522
516	84.375	-64.354	-16.757	-8.2801
517	84.375	-65.543	-11.239	-5.9753
518	84.375	-66.26	-5.6396	-3.6246
519	101.25	-66.26	5.6396	1.3221
520	101.25	-65.543	11.239	4.0759
521	101.25	-64.354	16.757	6.7977
522	101.25	-62.701	22.154	9.4667
523	101.25	-60.597	27.391	12.063
524	101.25	-58.055	32.432	14.568
525	101.25	-55.096	37.238	16.963
526	101.25	-51.739	41.777	19.233
527	101.25	-48.01	46.014	21.361
528	101.25	-43.935	49.92	23.336
529	101.25	-39.543	53.466	25.143
530	101.25	-34.866	56.627	26.772
531	101.25	-29.939	59.38	28.211
532	101.25	-24.795	61.705	29.452
533	101.25	-19.473	63.585	30.486
534	101.25	-14.01	65.007	31.304
535	101.25	-8.4467	65.961	31.9
536	101.25	-2.8223	66.44	32.272
537	101.25	2.8223	66.44	32.415
538	101.25	8.4467	65.961	32.309
539	101.25	14.01	65.007	31.98
540	101.25	19.473	63.585	31.413
541	101.25	24.795	61.705	30.617
542	101.25	29.939	59.38	29.594
543	101.25	34.866	56.627	28.354
544	101.25	39.543	53.466	26.905
545	101.25	43.935	49.92	25.26
546	101.25	48.01	46.014	23.431
547	101.25	51.739	41.777	21.434
548	101.25	55.096	37.238	19.285
549	101.25	58.055	32.432	17.
550	101.25	60.597	27.391	14.597
551	101.25	62.701	22.154	12.094
552	101.25	64.354	16.757	9.5092
553	101.25	65.543	11.239	6.8602
554	101.25	66.26	5.6396	4.1649
555	101.25	66.5	-1.9429e-013	1.4413
556	101.25	66.26	-5.6396	-1.2922
557	101.25	65.543	-11.239	-4.0185
558	101.25	64.354	-16.757	-6.7191
559	101.25	62.701	-22.154	-9.3757
560	101.25	60.597	-27.391	-11.97
561	101.25	58.055	-32.432	-14.482
562	101.25	55.096	-37.238	-16.896
563	101.25	51.739	-41.777	-19.191
564	101.25	48.01	-46.014	-21.349
565	101.25	43.935	-49.92	-23.355
566	101.25	39.543	-53.466	-25.192
567	101.25	34.866	-56.627	-26.844
568	101.25	29.939	-59.38	-28.299
569	101.25	24.795	-61.705	-29.545
570	101.25	19.473	-63.585	-30.574
571	101.25	14.01	-65.007	-31.377
572	101.25	8.4467	-65.961	-31.95
573	101.25	2.8223	-66.44	-32.293
574	101.25	-2.8223	-66.44	-32.405
575	101.25	-8.4467	-65.961	-32.27
576	101.25	-14.01	-65.007	-31.916
577	101.25	-19.473	-63.585	-31.333
578	101.25	-24.795	-61.705	-30.525
579	101.25	-29.939	-59.38	-29.514
580	101.25	-34.866	-56.627	-28.284
581	101.25	-39.543	-53.466	-26.851
582	101.25	-43.935	-49.92	-25.235
583	101.25	-48.01	-46.014	-23.436
584	101.25	-51.739	-41.777	-21.468
585	101.25	-55.096	-37.238	-19.345
586	101.25	-58.055	-32.432	-17.079
587	101.25	-60.597	-27.391	-14.686
588	101.25	-62.701	-22.154	-12.183
589	101.25	-64.354	-16.757	-9.5873
590	101.25	-65.543	-11.239	-6.9184
591	101.25	-66.26	-5.6396	-4.1966
592	118.13	-66.26	5.6396	1.4749
593	118.13	-65.543	11.239	4.5472
594	118.13	-64.354	16.757	7.5836
595	118.13	-62.701	22.154	10.561
596	118.13	-60.597	27.391	13.458
597	118.13	-58.055	32.432	16.252
598	118.13	-55.096	37.238	18.925
599	118.13	-51.739	41.777	21.457
600	118.13	-48.01	46.014	23.833
601	118.13	-43.935	49.92	26.036
602	118.13	-39.543	53.466	28.054
603	118.13	-34.866	56.627	29.872
604	118.13	-29.939	59.38	31.479
605	118.13	-24.795	61.705	32.865
606	118.13	-19.473	63.585	34.019
607	118.13	-14.01	65.007	34.933
608	118.13	-8.4467	65.961	35.598
609	118.13	-2.8223	66.44	36.012
610	118.13	2.8223	66.44	36.17
611	118.13	8.4467	65.961	36.056
612	118.13	14.01	65.007	35.687
613	118.13	19.473	63.585	35.055
614	118.13	24.795	61.705	34.165
615	118.13	29.939	59.38	33.023
616	118.13	34.866	56.627	31.638
617	118.13	39.543	53.466	30.02
618	118.13	43.935	49.92	28.183
619	118.13	48.01	46.014	26.142
620	118.13	51.739	41.777	23.913
621	118.13	55.096	37.238	21.514
622	118.13	58.055	32.432	18.964
623	118.13	60.597	27.391	16.283
624	118.13	62.701	22.154	13.491
625	118.13	64.354	16.757	10.608
626	118.13	65.543	11.239	7.6527
627	118.13	66.26	5.6396	4.6466
628	118.13	66.5	-1.9429e-013	1.609
629	118.13	66.26	-5.6396	-1.4395
630	118.13	65.543	-11.239	-4.4802
631	118.13	64.354	-16.757	-7.4924
632	118.13	62.701	-22.154	-10.456
633	118.13	60.597	-27.391	-13.35
634	118.13	58.055	-32.432	-16.154
635	118.13	55.096	-37.238	-18.847
636	118.13	51.739	-41.777	-21.409
637	118.13	48.01	-46.014	-23.819
638	118.13	43.935	-49.92	-26.059
639	118.13	39.543	-53.466	-28.11
640	118.13	34.866	-56.627	-29.956
641	118.13	29.939	-59.38	-31.581
642	118.13	24.795	-61.705	-32.973
643	118.13	19.473	-63.585	-34.122
644	118.13	14.01	-65.007	-35.018
645	118.13	8.4467	-65.961	-35.657
646	118.13	2.8223	-66.44	-36.038
647	118.13	-2.8223	-66.44	-36.16
648	118.13	-8.4467	-65.961	-36.012
649	118.13	-14.01	-65.007	-35.615
650	118.13	-19.473	-63.585	-34.963
651	118.13	-24.795	-61.705	-34.061
652	118.13	-29.939	-59.38	-32.928
653	118.13	-34.866	-56.627	-31.556
654	118.13	-39.543	-53.466	-29.958
655	118.13	-43.935	-49.92	-28.154
656	118.13	-48.01	-46.014	-26.147
657	118.13	-51.739	-41.777	-23.952
658	118.13	-55.096	-37.238	-21.583
659	118.13	-58.055	-32.432	-19.055
660	118.13	-60.597	-27.391	-16.385
661	118.13	-62.701	-22.154	-13.592
662	118.13	-64.354	-16.757	-10.696
663	118.13	-65.543	-11.239	-7.7186
664	118.13	-66.26	-5.6396	-4.6819
665	135.	-66.26	5.6396	1.6084
666	16.875	-66.5	-8.1439e-015	-0.25556
667	33.75	-66.5	-8.1439e-015	-0.56093
668	50.625	-66.5	-8.1439e-015	-0.80138
669	67.5	-66.5	-8.1439e-015	-1.0282
670	84.375	-66.5	-8.1439e-015	-1.246
671	101.25	-66.5	-8.1439e-015	-1.4426
672	118.13	-66.5	-8.1439e-015	-1.6094
673	135.	-66.5	-8.1439e-015	-1.7543
674	135.	-66.26	-5.6396	-5.104
675	135.	-65.543	-11.239	-8.4146
676	135.	-64.354	-16.757	-11.661
677	135.	-62.701	-22.154	-14.817
678	135.	-60.597	-27.391	-17.861
679	135.	-58.055	-32.432	-20.77
680	135.	-55.096	-37.238	-23.524
681	135.	-51.739	-41.777	-26.105
682	135.	-48.01	-46.014	-28.496
683	135.	-43.935	-49.92	-30.683
684	135.	-39.543	-53.466	-32.649
685	135.	-34.866	-56.627	-34.389
686	135.	-29.939	-59.38	-35.884
687	135.	-24.795	-61.705	-37.122
688	135.	-19.473	-63.585	-38.106
689	135.	-14.01	-65.007	-38.819
690	135.	-8.4467	-65.961	-39.254
691	135.	-2.8223	-66.44	-39.417
692	135.	2.8223	-66.44	-39.286
693	135.	8.4467	-65.961	-38.874
694	135.	14.01	-65.007	-38.178
695	135.	19.473	-63.585	-37.201
696	135.	24.795	-61.705	-35.948
697	135.	29.939	-59.38	-34.429
698	135.	34.866	-56.627	-32.655
699	135.	39.543	-53.466	-30.641
700	135.	43.935	-49.92	-28.402
701	135.	48.01	-46.014	-25.958
702	135.	51.739	-41.777	-23.328
703	135.	55.096	-37.238	-20.533
704	135.	58.055	-32.432	-17.597
705	135.	60.597	-27.391	-14.54
706	135.	62.701	-22.154	-11.386
707	135.	64.354	-16.757	-8.1573
708	135.	65.543	-11.239	-4.8761
709	135.	66.26	-5.6396	-1.5645
710	135.	66.5	-1.9429e-013	1.755
711	135.	66.26	5.6396	5.0627
712	135.	65.543	11.239	8.3366
713	135.	64.354	16.757	11.555
714	135.	62.701	22.154	14.697
715	135.	60.597	27.391	17.74
716	135.	58.055	32.432	20.662
717	135.	55.096	37.238	23.442
718	135.	51.739	41.777	26.058
719	135.	48.01	46.014	28.49
720	135.	43.935	49.92	30.718
721	135.	39.543	53.466	32.722
722	135.	34.866	56.627	34.487
723	135.	29.939	59.38	35.999
724	135.	24.795	61.705	37.245
725	135.	19.473	63.585	38.215
726	135.	14.01	65.007	38.905
727	135.	8.4467	65.961	39.306
728	135.	2.8223	66.44	39.428
729	135.	-2.8223	66.44	39.255
730	135.	-8.4467	65.961	38.802
731	135.	-14.01	65.007	38.074
732	135.	-19.473	63.585	37.076
733	135.	-24.795	61.705	35.817
734	135.	-29.939	59.38	34.306
735	135.	-34.866	56.627	32.554
736	135.	-39.543	53.466	30.572
737	135.	-43.935	49.92	28.375
738	135.	-48.01	46.014	25.974
739	135.	-51.739	41.777	23.386
740	135.	-55.096	37.238	20.627
741	135.	-58.055	32.432	17.715
742	135.	-60.597	27.391	14.67
743	135.	-62.701	22.154	11.513
744	135.	-64.354	16.757	8.2679
745	135.	-65.543	11.239	4.9578
1554	0.	-66.44	-2.8223	0.
1555	0.	-66.44	2.8223	0.
1556	8.4375	-66.5	-8.1439e-015	-9.5601e-002
1557	0.	-65.961	-8.4467	0.
1558	8.4375	-66.26	-5.6396	-0.27771
1559	0.	-65.007	-14.01	0.
1560	8.4375	-65.543	-11.239	-0.4577
1561	0.	-63.585	-19.473	0.
1562	8.4375	-64.354	-16.757	-0.63414
1563	0.	-61.705	-24.795	0.
1564	8.4375	-62.701	-22.154	-0.80564
1565	0.	-59.38	-29.939	0.
1566	8.4375	-60.597	-27.391	-0.97083
1567	0.	-56.627	-34.866	0.
1568	8.4375	-58.055	-32.432	-1.1284
1569	0.	-53.466	-39.543	0.
1570	8.4375	-55.096	-37.238	-1.2771
1571	0.	-49.92	-43.935	0.
1572	8.4375	-51.739	-41.777	-1.4156
1573	0.	-46.014	-48.01	0.
1574	8.4375	-48.01	-46.014	-1.5427
1575	0.	-41.777	-51.739	0.
1576	8.4375	-43.935	-49.92	-1.6563
1577	0.	-37.238	-55.096	0.
1578	8.4375	-39.543	-53.466	-1.7526
1579	0.	-32.432	-58.055	0.
1580	8.4375	-34.866	-56.627	-1.8249
1581	0.	-27.391	-60.597	0.
1582	8.4375	-29.939	-59.38	-1.8807
1583	0.	-22.154	-62.701	0.
1584	8.4375	-24.795	-61.705	-1.9813
1585	0.	-16.757	-64.354	0.
1586	8.4375	-19.473	-63.585	-2.0472
1587	0.	-11.239	-65.543	0.
1588	8.4375	-14.01	-65.007	-2.0805
1589	0.	-5.6396	-66.26	0.
1590	8.4375	-8.4467	-65.961	-2.0782
1591	0.	4.072e-015	-66.5	0.
1592	8.4375	-2.8223	-66.44	-2.0399
1593	0.	5.6396	-66.26	0.
1594	8.4375	2.8223	-66.44	-2.1055
1595	0.	11.239	-65.543	0.
1596	8.4375	8.4467	-65.961	-2.0948
1597	0.	16.757	-64.354	0.
1598	8.4375	14.01	-65.007	-2.0574
1599	0.	22.154	-62.701	0.
1600	8.4375	19.473	-63.585	-2.0035
1601	0.	27.391	-60.597	0.
1602	8.4375	24.795	-61.705	-1.9362
1603	0.	32.432	-58.055	0.
1604	8.4375	29.939	-59.38	-1.8563
1605	0.	37.238	-55.096	0.
1606	8.4375	34.866	-56.627	-1.7634
1607	0.	41.777	-51.739	0.
1608	8.4375	39.543	-53.466	-1.6577
1609	0.	46.014	-48.01	0.
1610	8.4375	43.935	-49.92	-1.5394
1611	0.	49.92	-43.935	0.
1612	8.4375	48.01	-46.014	-1.4093
1613	0.	53.466	-39.543	0.
1614	8.4375	51.739	-41.777	-1.2684
1615	0.	56.627	-34.866	0.
1616	8.4375	55.096	-37.238	-1.1178
1617	0.	59.38	-29.939	0.
1618	8.4375	58.055	-32.432	-0.95874
1619	0.	61.705	-24.795	0.
1620	8.4375	60.597	-27.391	-0.79238
1621	0.	63.585	-19.473	0.
1622	8.4375	62.701	-22.154	-0.62002
1623	0.	65.007	-14.01	0.
1624	8.4375	64.354	-16.757	-0.44322
1625	0.	65.961	-8.4467	0.
1626	8.4375	65.543	-11.239	-0.26373
1627	0.	66.44	-2.8223	0.
1628	8.4375	66.26	-5.6396	-8.5501e-002
1629	0.	66.44	2.8223	0.
1630	8.4375	66.5	-1.9429e-013	9.7066e-002
1631	0.	65.961	8.4467	0.
1632	8.4375	66.26	5.6396	0.28176
1633	0.	65.007	14.01	0.
1634	8.4375	65.543	11.239	0.45494
1635	0.	63.585	19.473	0.
1636	8.4375	64.354	16.757	0.62359
1637	0.	61.705	24.795	0.
1638	8.4375	62.701	22.154	0.78972
1639	0.	59.38	29.939	0.
1640	8.4375	60.597	27.391	0.9526
1641	0.	56.627	34.866	0.
1642	8.4375	58.055	32.432	1.1106
1643	0.	53.466	39.543	0.
1644	8.4375	55.096	37.238	1.2618
1645	0.	49.92	43.935	0.
1646	8.4375	51.739	41.777	1.4047
1647	0.	46.014	48.01	0.
1648	8.4375	48.01	46.014	1.5378
1649	0.	41.777	51.739	0.
1650	8.4375	43.935	49.92	1.66
1651	0.	37.238	55.096	0.
1652	8.4375	39.543	53.466	1.7701
1653	0.	32.432	58.055	0.
1654	8.4375	34.866	56.627	1.8671
1655	0.	27.391	60.597	0.
1656	8.4375	29.939	59.38	1.9498
1657	0.	22.154	62.701	0.
1658	8.4375	24.795	61.705	2.0165
1659	0.	16.757	64.354	0.
1660	8.4375	19.473	63.585	2.0645
1661	0.	11.239	65.543	0.
1662	8.4375	14.01	65.007	2.0879
1663	0.	5.6396	66.26	0.
1664	8.4375	8.4467	65.961	2.0807
1665	0.	3.7322e-013	66.5	0.
1666	8.4375	2.8223	66.44	2.0396
1667	0.	-5.6396	66.26	0.
1668	8.4375	-2.8223	66.44	2.1033
1669	0.	-11.239	65.543	0.
1670	8.4375	-8.4467	65.961	2.0916
1671	0.	-16.757	64.354	0.
1672	8.4375	-14.01	65.007	2.0536
1673	0.	-22.154	62.701	0.
1674	8.4375	-19.473	63.585	1.9994
1675	0.	-27.391	60.597	0.
1676	8.4375	-24.795	61.705	1.9322
1677	0.	-32.432	58.055	0.
1678	8.4375	-29.939	59.38	1.8526
1679	0.	-37.238	55.096	0.
1680	8.4375	-34.866	56.627	1.7605
1681	0.	-41.777	51.739	0.
1682	8.4375	-39.543	53.466	1.6557
1683	0.	-46.014	48.01	0.
1684	8.4375	-43.935	49.92	1.5386
1685	0.	-49.92	43.935	0.
1686	8.4375	-48.01	46.014	1.4097
1687	0.	-53.466	39.543	0.
1688	8.4375	-51.739	41.777	1.2701
1689	0.	-56.627	34.866	0.
1690	8.4375	-55.096	37.238	1.1208
1691	0.	-59.38	29.939	0.
1692	8.4375	-58.055	32.432	0.96275
1693	0.	-61.705	24.795	0.
1694	8.4375	-60.597	27.391	0.79733
1695	0.	-63.585	19.473	0.
1696	8.4375	-62.701	22.154	0.62573
1697	0.	-65.007	14.01	0.
1698	8.4375	-64.354	16.757	0.44928
1699	0.	-65.961	8.4467	0.
1700	8.4375	-66.26	5.6396	8.7215e-002
1701	8.4375	-65.543	11.239	0.26931
1702	16.875	-65.961	8.4467	0.47748
1703	25.313	-66.26	5.6396	0.38363
1704	16.875	-66.44	2.8223	-1.104e-002
1706	16.875	-65.007	14.01	0.9622
1707	25.313	-65.543	11.239	1.1852
1709	16.875	-63.585	19.473	1.4394
1710	25.313	-64.354	16.757	1.9776
1712	16.875	-61.705	24.795	1.9054
1713	25.313	-62.701	22.154	2.7546
1715	16.875	-59.38	29.939	2.3567
1716	25.313	-60.597	27.391	3.5105
1718	16.875	-56.627	34.866	2.7898
1719	25.313	-58.055	32.432	4.2395
1721	16.875	-53.466	39.543	3.2015
1722	25.313	-55.096	37.238	4.9363
1724	16.875	-49.92	43.935	3.5888
1725	25.313	-51.739	41.777	5.5957
1727	16.875	-46.014	48.01	3.9487
1728	25.313	-48.01	46.014	6.213
1730	16.875	-41.777	51.739	4.2787
1731	25.313	-43.935	49.92	6.7837
1733	16.875	-37.238	55.096	4.5763
1734	25.313	-39.543	53.466	7.3036
1736	16.875	-32.432	58.055	4.8396
1737	25.313	-34.866	56.627	7.769
1739	16.875	-27.391	60.597	5.0672
1740	25.313	-29.939	59.38	8.1768
1742	16.875	-22.154	62.701	5.2579
1743	25.313	-24.795	61.705	8.5244
1745	16.875	-16.757	64.354	5.4104
1746	25.313	-19.473	63.585	8.811
1748	16.875	-11.239	65.543	5.5209
1749	25.313	-14.01	65.007	9.0372
1751	16.875	-5.6396	66.26	5.584
1752	25.313	-8.4467	65.961	9.2074
1754	16.875	3.4369e-013	66.5	5.6393
1755	25.313	-2.8223	66.44	9.3299
1757	16.875	5.6396	66.26	5.6597
1758	25.313	2.8223	66.44	9.3655
1760	16.875	11.239	65.543	5.6243
1761	25.313	8.4467	65.961	9.372
1763	16.875	16.757	64.354	5.569
1764	25.313	14.01	65.007	9.2714
1766	16.875	22.154	62.701	5.4601
1767	25.313	19.473	63.585	9.1137
1769	16.875	27.391	60.597	5.3042
1770	25.313	24.795	61.705	8.8863
1772	16.875	32.432	58.055	5.1044
1773	25.313	29.939	59.38	8.5913
1775	16.875	37.238	55.096	4.8648
1776	25.313	34.866	56.627	8.2306
1778	16.875	41.777	51.739	4.5884
1779	25.313	39.543	53.466	7.8078
1781	16.875	46.014	48.01	4.2781
1782	25.313	43.935	49.92	7.327
1784	16.875	49.92	43.935	3.9368
1785	25.313	48.01	46.014	6.7926
1787	16.875	53.466	39.543	3.5675
1788	25.313	51.739	41.777	6.2093
1790	16.875	56.627	34.866	3.1736
1791	25.313	55.096	37.238	5.5821
1793	16.875	59.38	29.939	2.7587
1794	25.313	58.055	32.432	4.9162
1796	16.875	61.705	24.795	2.3266
1797	25.313	60.597	27.391	4.2171
1799	16.875	63.585	19.473	1.8813
1800	25.313	62.701	22.154	3.4908
1802	16.875	65.007	14.01	1.4262
1803	25.313	64.354	16.757	2.7431
1805	16.875	65.961	8.4467	0.96371
1806	25.313	65.543	11.239	1.9801
1808	16.875	66.44	2.8223	0.49782
1809	25.313	66.26	5.6396	1.2074
1811	16.875	66.44	-2.8223	2.3258e-002
1812	25.313	66.5	-1.9429e-013	0.42444
1813	16.875	65.961	-8.4467	-0.46112
1814	25.313	66.26	-5.6396	-0.36804
1816	16.875	65.007	-14.01	-0.94579
1817	25.313	65.543	-11.239	-1.1628
1819	16.875	63.585	-19.473	-1.423
1820	25.313	64.354	-16.757	-1.9524
1822	16.875	61.705	-24.795	-1.8903
1823	25.313	62.701	-22.154	-2.729
1825	16.875	59.38	-29.939	-2.3436
1826	25.313	60.597	-27.391	-3.4866
1828	16.875	56.627	-34.866	-2.7795
1829	25.313	58.055	-32.432	-4.2191
1831	16.875	53.466	-39.543	-3.1946
1832	25.313	55.096	-37.238	-4.9209
1834	16.875	49.92	-43.935	-3.5856
1835	25.313	51.739	-41.777	-5.5865
1837	16.875	46.014	-48.01	-3.9494
1838	25.313	48.01	-46.014	-6.2105
1840	16.875	41.777	-51.739	-4.2829
1841	25.313	43.935	-49.92	-6.788
1843	16.875	37.238	-55.096	-4.5837
1844	25.313	39.543	-53.466	-7.3141
1846	16.875	32.432	-58.055	-4.8495
1847	25.313	34.866	-56.627	-7.7847
1849	16.875	27.391	-60.597	-5.0787
1850	25.313	29.939	-59.38	-8.196
1852	16.875	22.154	-62.701	-5.27
1853	25.313	24.795	-61.705	-8.5453
1855	16.875	16.757	-64.354	-5.4219
1856	25.313	19.473	-63.585	-8.8314
1858	16.875	11.239	-65.543	-5.5305
1859	25.313	14.01	-65.007	-9.055
1861	16.875	5.6396	-66.26	-5.5907
1862	25.312	8.4467	-65.961	-9.2205
1864	16.875	1.8838e-014	-66.5	-5.6416
1865	25.313	2.8223	-66.44	-9.3362
1867	16.875	-5.6396	-66.26	-5.6557
1868	25.313	-2.8223	-66.44	-9.3631
1870	16.875	-11.239	-65.543	-5.6108
1871	25.313	-8.4467	-65.961	-9.359
1873	16.875	-16.757	-64.354	-5.542
1874	25.313	-14.01	-65.007	-9.2466
1876	16.875	-22.154	-62.701	-5.4125
1877	25.312	-19.473	-63.585	-9.0769
1879	16.875	-27.391	-60.597	-5.2474
1880	25.312	-24.795	-61.705	-8.8467
1882	16.875	-32.432	-58.055	-5.0433
1883	25.313	-29.939	-59.38	-8.5395
1885	16.875	-37.238	-55.096	-4.8139
1886	25.313	-34.866	-56.627	-8.188
1888	16.875	-41.777	-51.739	-4.5653
1889	25.313	-39.543	-53.466	-7.7753
1891	16.875	-46.014	-48.01	-4.2805
1892	25.312	-43.935	-49.92	-7.3117
1894	16.875	-49.92	-43.935	-3.9584
1895	25.312	-48.01	-46.014	-6.7987
1897	16.875	-53.466	-39.543	-3.6035
1898	25.313	-51.739	-41.777	-6.2349
1900	16.875	-56.627	-34.866	-3.2195
1901	25.313	-55.096	-37.238	-5.6232
1903	16.875	-59.38	-29.939	-2.8097
1904	25.312	-58.055	-32.432	-4.9677
1906	16.875	-61.705	-24.795	-2.3778
1907	25.313	-60.597	-27.391	-4.2735
1909	16.875	-63.585	-19.473	-1.9271
1910	25.313	-62.701	-22.154	-3.5461
1912	16.875	-65.007	-14.01	-1.4614
1913	25.313	-64.354	-16.757	-2.7912
1915	16.875	-65.961	-8.4467	-0.98428
1916	25.313	-65.543	-11.239	-2.0147
1918	25.313	-66.26	-5.6396	-1.2225
1919	16.875	-66.44	-2.8223	-0.49956
1921	33.75	-65.961	8.4467	1.0458
1922	42.188	-66.26	5.6396	0.62734
1923	33.75	-66.44	2.8223	-2.5063e-002
1925	33.75	-65.007	14.01	2.1084
1926	42.188	-65.543	11.239	1.9377
1928	33.75	-63.585	19.473	3.1547
1929	42.188	-64.354	16.757	3.233
1931	33.75	-61.705	24.795	4.1767
1932	42.188	-62.701	22.154	4.5032
1934	33.75	-59.38	29.939	5.1668
1935	42.188	-60.597	27.391	5.7388
1937	33.75	-56.627	34.866	6.1177
1938	42.188	-58.055	32.432	6.9306
1940	33.75	-53.466	39.543	7.0225
1941	42.188	-55.096	37.238	8.07
1943	33.75	-49.92	43.935	7.8747
1944	42.188	-51.739	41.777	9.1488
1946	33.75	-46.014	48.01	8.6684
1947	42.188	-48.01	46.014	10.16
1949	33.75	-41.777	51.739	9.3981
1950	42.188	-43.935	49.92	11.096
1952	33.75	-37.238	55.096	10.059
1953	42.188	-39.543	53.466	11.952
1955	33.75	-32.432	58.055	10.647
1956	42.188	-34.866	56.627	12.722
1958	33.75	-27.391	60.597	11.158
1959	42.188	-29.939	59.38	13.401
1961	33.75	-22.154	62.701	11.591
1962	42.188	-24.795	61.705	13.985
1964	33.75	-16.757	64.354	11.943
1965	42.188	-19.473	63.585	14.472
1967	33.75	-11.239	65.543	12.214
1968	42.188	-14.01	65.007	14.857
1970	33.75	-5.6396	66.26	12.4
1971	42.188	-8.4467	65.961	15.138
1973	33.75	3.4369e-013	66.5	12.522
1974	42.188	-2.8223	66.44	15.317
1976	33.75	5.6396	66.26	12.534
1977	42.188	2.8223	66.44	15.369
1979	33.75	11.239	65.543	12.441
1980	42.188	8.4467	65.961	15.346
1982	33.75	16.757	64.354	12.278
1983	42.188	14.01	65.007	15.189
1985	33.75	22.154	62.701	12.016
1986	42.188	19.473	63.585	14.926
1988	33.75	27.391	60.597	11.666
1989	42.188	24.795	61.705	14.55
1991	33.75	32.432	58.055	11.229
1992	42.188	29.939	59.38	14.066
1994	33.75	37.238	55.096	10.708
1995	42.188	34.866	56.627	13.478
1997	33.75	41.777	51.739	10.107
1998	42.188	39.543	53.466	12.79
2000	33.75	46.014	48.01	9.4328
2001	42.188	43.935	49.92	12.008
2003	33.75	49.92	43.935	8.6898
2004	42.188	48.01	46.014	11.138
2006	33.75	53.466	39.543	7.8846
2007	42.188	51.739	41.777	10.188
2009	33.75	56.627	34.866	7.024
2010	42.188	55.096	37.238	9.1661
2012	33.75	59.38	29.939	6.1149
2013	42.188	58.055	32.432	8.0799
2015	33.75	61.705	24.795	5.1643
2016	42.188	60.597	27.391	6.9381
2018	33.75	63.585	19.473	4.1793
2019	42.188	62.701	22.154	5.749
2021	33.75	65.007	14.01	3.1668
2022	42.188	64.354	16.757	4.5209
2024	33.75	65.961	8.4467	2.1323
2025	42.188	65.543	11.239	3.262
2027	33.75	66.44	2.8223	1.0833
2028	42.188	66.26	5.6396	1.9812
2030	33.75	66.44	-2.8223	2.8736e-002
2031	42.188	66.5	-1.9429e-013	0.68628
2032	33.75	65.961	-8.4467	-1.0277
2033	42.188	66.26	-5.6396	-0.6149
2035	33.75	65.007	-14.01	-2.0809
2036	42.188	65.543	-11.239	-1.9117
2038	33.75	63.585	-19.473	-3.1221
2039	42.188	64.354	-16.757	-3.1974
2041	33.75	61.705	-24.795	-4.1432
2042	42.188	62.701	-22.154	-4.4626
2044	33.75	59.38	-29.939	-5.1358
2045	42.188	60.597	-27.391	-5.698
2047	33.75	56.627	-34.866	-6.0921
2048	42.188	58.055	-32.432	-6.8941
2050	33.75	53.466	-39.543	-7.0046
2051	42.188	55.096	-37.238	-8.0416
2053	33.75	49.92	-43.935	-7.866
2054	42.188	51.739	-41.777	-9.1313
2056	33.75	46.014	-48.01	-8.6696
2057	42.188	48.01	-46.014	-10.155
2059	33.75	41.777	-51.739	-9.4089
2060	42.188	43.935	-49.92	-11.104
2062	33.75	37.238	-55.096	-10.078
2063	42.188	39.543	-53.466	-11.971
2065	33.75	32.432	-58.055	-10.672
2066	42.188	34.866	-56.627	-12.751
2068	33.75	27.391	-60.597	-11.187
2069	42.188	29.939	-59.38	-13.436
2071	33.75	22.154	-62.701	-11.62
2072	42.188	24.795	-61.705	-14.023
2074	33.75	16.757	-64.354	-11.97
2075	42.188	19.473	-63.585	-14.508
2077	33.75	11.239	-65.543	-12.235
2078	42.188	14.01	-65.007	-14.887
2080	33.75	5.6396	-66.26	-12.413
2081	42.188	8.4467	-65.961	-15.159
2083	33.75	1.8838e-014	-66.5	-12.524
2084	42.188	2.8223	-66.44	-15.326
2086	33.75	-5.6396	-66.26	-12.524
2087	42.188	-2.8223	-66.44	-15.363
2089	33.75	-11.239	-65.543	-12.42
2090	42.188	-8.4467	-65.961	-15.327
2092	33.75	-16.757	-64.354	-12.246
2093	42.188	-14.01	-65.007	-15.158
2095	33.75	-22.154	-62.701	-11.975
2096	42.188	-19.473	-63.585	-14.885
2098	33.75	-27.391	-60.597	-11.634
2099	42.188	-24.795	-61.705	-14.507
2101	33.75	-32.432	-58.055	-11.206
2102	42.188	-29.939	-59.38	-14.009
2104	33.75	-37.238	-55.096	-10.679
2105	42.188	-34.866	-56.627	-13.433
2107	33.75	-41.777	-51.739	-10.086
2108	42.188	-39.543	-53.466	-12.762
2110	33.75	-46.014	-48.01	-9.4269
2111	42.187	-43.935	-49.92	-11.994
2113	33.75	-49.92	-43.935	-8.7006
2114	42.188	-48.01	-46.014	-11.141
2116	33.75	-53.466	-39.543	-7.9113
2117	42.188	-51.739	-41.777	-10.207
2119	33.75	-56.627	-34.866	-7.0631
2120	42.188	-55.096	-37.238	-9.1987
2122	33.75	-59.38	-29.939	-6.1616
2123	42.187	-58.055	-32.432	-8.1227
2125	33.75	-61.705	-24.795	-5.2131
2126	42.187	-60.597	-27.391	-6.9858
2128	33.75	-63.585	-19.473	-4.2247
2129	42.188	-62.701	-22.154	-5.796
2131	33.75	-65.007	-14.01	-3.2037
2132	42.188	-64.354	-16.757	-4.5619
2134	33.75	-65.961	-8.4467	-2.1581
2135	42.188	-65.543	-11.239	-3.2927
2137	42.188	-66.26	-5.6396	-1.9981
2138	33.75	-66.44	-2.8223	-1.0958
2140	50.625	-65.961	8.4467	1.4975
2141	59.063	-66.26	5.6396	0.83866
2142	50.625	-66.44	2.8223	-3.4639e-002
2144	50.625	-65.007	14.01	3.0178
2145	59.063	-65.543	11.239	2.5874
2147	50.625	-63.585	19.473	4.5146
2148	59.063	-64.354	16.757	4.3158
2150	50.625	-61.705	24.795	5.9764
2151	59.063	-62.701	22.154	6.0107
2153	50.625	-59.38	29.939	7.3924
2154	59.063	-60.597	27.391	7.6591
2156	50.625	-56.627	34.866	8.7521
2157	59.063	-58.055	32.432	9.249
2159	50.625	-53.466	39.543	10.046
2160	59.063	-55.096	37.238	10.769
2162	50.625	-49.92	43.935	11.265
2163	59.063	-51.739	41.777	12.208
2165	50.625	-46.014	48.01	12.401
2166	59.063	-48.01	46.014	13.558
2168	50.625	-41.777	51.739	13.447
2169	59.063	-43.935	49.92	14.808
2171	50.625	-37.238	55.096	14.396
2172	59.063	-39.543	53.466	15.952
2174	50.625	-32.432	58.055	15.243
2175	59.063	-34.866	56.627	16.981
2177	50.625	-27.391	60.597	15.982
2178	59.063	-29.939	59.38	17.891
2180	50.625	-22.154	62.701	16.609
2181	59.063	-24.795	61.705	18.675
2183	50.625	-16.757	64.354	17.12
2184	59.063	-19.473	63.585	19.328
2186	50.625	-11.239	65.543	17.513
2187	59.063	-14.01	65.007	19.846
2189	50.625	-5.6396	66.26	17.783
2190	59.063	-8.4467	65.961	20.223
2192	50.625	3.4369e-013	66.5	17.939
2193	59.063	-2.8223	66.44	20.458
2195	50.625	5.6396	66.26	17.949
2196	59.063	2.8223	66.44	20.537
2198	50.625	11.239	65.543	17.818
2199	59.063	8.4467	65.961	20.493
2201	50.625	16.757	64.354	17.574
2202	59.063	14.01	65.007	20.281
2204	50.625	22.154	62.701	17.198
2205	59.063	19.473	63.585	19.925
2207	50.625	27.391	60.597	16.696
2208	59.063	24.795	61.705	19.421
2210	50.625	32.432	58.055	16.07
2211	59.063	29.939	59.38	18.774
2213	50.625	37.238	55.096	15.325
2214	59.063	34.866	56.627	17.988
2216	50.625	41.777	51.739	14.467
2217	59.063	39.543	53.466	17.07
2219	50.625	46.014	48.01	13.504
2220	59.063	43.935	49.92	16.026
2222	50.625	49.92	43.935	12.443
2223	59.063	48.01	46.014	14.866
2225	50.625	53.466	39.543	11.292
2226	59.063	51.739	41.777	13.6
2228	50.625	56.627	34.866	10.062
2229	59.063	55.096	37.238	12.236
2231	50.625	59.38	29.939	8.7624
2232	59.063	58.055	32.432	10.786
2234	50.625	61.705	24.795	7.4023
2235	59.063	60.597	27.391	9.262
2237	50.625	63.585	19.473	5.9917
2238	59.063	62.701	22.154	7.6742
2240	50.625	65.007	14.01	4.5407
2241	59.063	64.354	16.757	6.0344
2243	50.625	65.961	8.4467	3.0581
2244	59.063	65.543	11.239	4.3536
2246	50.625	66.44	2.8223	1.5542
2247	59.063	66.26	5.6396	2.6434
2249	50.625	66.44	-2.8223	4.0505e-002
2250	59.063	66.5	-1.9429e-013	0.91527
2251	50.625	65.961	-8.4467	-1.4744
2252	59.063	66.26	-5.6396	-0.82137
2254	50.625	65.007	-14.01	-2.9816
2255	59.063	65.543	-11.239	-2.5529
2257	50.625	63.585	-19.473	-4.4695
2258	59.063	64.354	-16.757	-4.2684
2260	50.625	61.705	-24.795	-5.9278
2261	59.063	62.701	-22.154	-5.9558
2263	50.625	59.38	-29.939	-7.3457
2264	59.063	60.597	-27.391	-7.6031
2266	50.625	56.627	-34.866	-8.7125
2267	59.063	58.055	-32.432	-9.1981
2269	50.625	53.466	-39.543	-10.018
2270	59.063	55.096	-37.238	-10.729
2272	50.625	49.92	-43.935	-11.251
2273	59.063	51.739	-41.777	-12.183
2275	50.625	46.014	-48.01	-12.403
2276	59.063	48.01	-46.014	-13.55
2278	50.625	41.777	-51.739	-13.464
2279	59.063	43.935	-49.92	-14.819
2281	50.625	37.238	-55.096	-14.426
2282	59.063	39.543	-53.466	-15.98
2284	50.625	32.432	-58.055	-15.283
2285	59.063	34.866	-56.627	-17.023
2287	50.625	27.391	-60.597	-16.027
2288	59.063	29.939	-59.38	-17.941
2290	50.625	22.154	-62.701	-16.654
2291	59.063	24.795	-61.705	-18.728
2293	50.625	16.757	-64.354	-17.16
2294	59.063	19.473	-63.585	-19.379
2296	50.625	11.239	-65.543	-17.544
2297	59.063	14.01	-65.007	-19.888
2299	50.625	5.6396	-66.26	-17.8
2300	59.063	8.4467	-65.961	-20.251
2302	50.625	1.8838e-014	-66.5	-17.94
2303	59.063	2.8223	-66.44	-20.468
2305	50.625	-5.6396	-66.26	-17.933
2306	59.063	-2.8223	-66.44	-20.529
2308	50.625	-11.239	-65.543	-17.788
2309	59.063	-8.4467	-65.961	-20.467
2311	50.625	-16.757	-64.354	-17.533
2312	59.063	-14.01	-65.007	-20.24
2314	50.625	-22.154	-62.701	-17.149
2315	59.063	-19.473	-63.585	-19.873
2317	50.625	-27.391	-60.597	-16.657
2318	59.063	-24.795	-61.705	-19.367
2320	50.625	-32.432	-58.055	-16.044
2321	59.063	-29.939	-59.38	-18.71
2323	50.625	-37.238	-55.096	-15.297
2324	59.063	-34.866	-56.627	-17.936
2326	50.625	-41.777	-51.739	-14.447
2327	59.063	-39.543	-53.466	-17.038
2329	50.625	-46.014	-48.01	-13.5
2330	59.063	-43.935	-49.92	-16.011
2332	50.625	-49.92	-43.935	-12.456
2333	59.063	-48.01	-46.014	-14.871
2335	50.625	-53.466	-39.543	-11.323
2336	59.063	-51.739	-41.777	-13.624
2338	50.625	-56.627	-34.866	-10.106
2339	59.063	-55.096	-37.238	-12.277
2341	50.625	-59.38	-29.939	-8.8149
2342	59.063	-58.055	-32.432	-10.84
2344	50.625	-61.705	-24.795	-7.4573
2345	59.062	-60.597	-27.391	-9.3223
2347	50.625	-63.585	-19.473	-6.043
2348	59.063	-62.701	-22.154	-7.7341
2350	50.625	-65.007	-14.01	-4.5824
2351	59.063	-64.354	-16.757	-6.0869
2353	50.625	-65.961	-8.4467	-3.0864
2354	59.063	-65.543	-11.239	-4.393
2356	59.063	-66.26	-5.6396	-2.6652
2357	50.625	-66.44	-2.8223	-1.5666
2359	67.5	-65.961	8.4467	1.9245
2360	75.938	-66.26	5.6396	1.0443
2361	67.5	-66.44	2.8223	-4.339e-002
2363	67.5	-65.007	14.01	3.8771
2364	75.938	-65.543	11.239	3.2201
2366	67.5	-63.585	19.473	5.7994
2367	75.938	-64.354	16.757	5.3706
2369	67.5	-61.705	24.795	7.6768
2370	75.938	-62.701	22.154	7.4793
2372	67.5	-59.38	29.939	9.4953
2373	75.938	-60.597	27.391	9.5303
2375	67.5	-56.627	34.866	11.242
2376	75.938	-58.055	32.432	11.509
2378	67.5	-53.466	39.543	12.904
2379	75.938	-55.096	37.238	13.4
2381	67.5	-49.92	43.935	14.47
2382	75.938	-51.739	41.777	15.192
2384	67.5	-46.014	48.01	15.93
2385	75.938	-48.01	46.014	16.873
2387	67.5	-41.777	51.739	17.276
2388	75.938	-43.935	49.92	18.43
2390	67.5	-37.238	55.096	18.497
2391	75.938	-39.543	53.466	19.856
2393	67.5	-32.432	58.055	19.587
2394	75.938	-34.866	56.627	21.14
2396	67.5	-27.391	60.597	20.539
2397	75.938	-29.939	59.38	22.274
2399	67.5	-22.154	62.701	21.347
2400	75.938	-24.795	61.705	23.252
2402	67.5	-16.757	64.354	22.005
2403	75.938	-19.473	63.585	24.067
2405	67.5	-11.239	65.543	22.508
2406	75.938	-14.01	65.007	24.712
2408	67.5	-5.6396	66.26	22.854
2409	75.938	-8.4467	65.961	25.183
2411	67.5	3.4369e-013	66.5	23.046
2412	75.938	-2.8223	66.44	25.473
2414	67.5	5.6396	66.26	23.058
2415	75.938	2.8223	66.44	25.577
2417	67.5	11.239	65.543	22.899
2418	75.938	8.4467	65.961	25.511
2420	67.5	16.757	64.354	22.583
2421	75.938	14.01	65.007	25.248
2423	67.5	22.154	62.701	22.099
2424	75.938	19.473	63.585	24.803
2426	67.5	27.391	60.597	21.452
2427	75.938	24.795	61.705	24.175
2429	67.5	32.432	58.055	20.647
2430	75.938	29.939	59.38	23.369
2432	67.5	37.238	55.096	19.69
2433	75.938	34.866	56.627	22.391
2435	67.5	41.777	51.739	18.588
2436	75.938	39.543	53.466	21.247
2438	67.5	46.014	48.01	17.351
2439	75.938	43.935	49.92	19.949
2441	67.5	49.92	43.935	15.988
2442	75.938	48.01	46.014	18.505
2444	67.5	53.466	39.543	14.51
2445	75.938	51.739	41.777	16.929
2447	67.5	56.627	34.866	12.93
2448	75.938	55.096	37.238	15.231
2450	67.5	59.38	29.939	11.26
2451	75.938	58.055	32.432	13.427
2453	67.5	61.705	24.795	9.5119
2454	75.938	60.597	27.391	11.53
2456	67.5	63.585	19.473	7.6988
2457	75.938	62.701	22.154	9.553
2459	67.5	65.007	14.01	5.8336
2460	75.938	64.354	16.757	7.5113
2462	67.5	65.961	8.4467	3.9288
2463	75.938	65.543	11.239	5.4187
2465	67.5	66.44	2.8223	1.9971
2466	75.938	66.26	5.6396	3.2894
2468	67.5	66.44	-2.8223	5.1768e-002
2469	75.938	66.5	-1.9429e-013	1.1381
2470	67.5	65.961	-8.4467	-1.8948
2471	75.938	66.26	-5.6396	-1.0226
2473	67.5	65.007	-14.01	-3.8303
2474	75.938	65.543	-11.239	-3.1769
2476	67.5	63.585	-19.473	-5.7408
2477	75.938	64.354	-16.757	-5.3109
2479	67.5	61.705	-24.795	-7.6131
2480	75.938	62.701	-22.154	-7.4099
2482	67.5	59.38	-29.939	-9.4336
2483	75.938	60.597	-27.391	-9.4592
2485	67.5	56.627	-34.866	-11.189
2486	75.938	58.055	-32.432	-11.444
2488	67.5	53.466	-39.543	-12.866
2489	75.938	55.096	-37.238	-13.349
2491	67.5	49.92	-43.935	-14.451
2492	75.938	51.739	-41.777	-15.16
2494	67.5	46.014	-48.01	-15.933
2495	75.938	48.01	-46.014	-16.863
2497	67.5	41.777	-51.739	-17.298
2498	75.938	43.935	-49.92	-18.445
2500	67.5	37.238	-55.096	-18.538
2501	75.938	39.543	-53.466	-19.892
2503	67.5	32.432	-58.055	-19.641
2504	75.938	34.866	-56.627	-21.194
2506	67.5	27.391	-60.597	-20.6
2507	75.938	29.939	-59.38	-22.34
2509	67.5	22.154	-62.701	-21.408
2510	75.938	24.795	-61.705	-23.322
2512	67.5	16.757	-64.354	-22.059
2513	75.938	19.473	-63.585	-24.132
2515	67.5	11.239	-65.543	-22.549
2516	75.938	14.01	-65.007	-24.766
2518	67.5	5.6396	-66.26	-22.876
2519	75.938	8.4467	-65.961	-25.219
2521	67.5	1.8838e-014	-66.5	-23.047
2522	75.938	2.8223	-66.44	-25.487
2524	67.5	-5.6396	-66.26	-23.038
2525	75.938	-2.8223	-66.44	-25.567
2527	67.5	-11.239	-65.543	-22.86
2528	75.938	-8.4467	-65.961	-25.478
2530	67.5	-16.757	-64.354	-22.53
2531	75.938	-14.01	-65.007	-25.197
2533	67.5	-22.154	-62.701	-22.035
2534	75.938	-19.473	-63.585	-24.738
2536	67.5	-27.391	-60.597	-21.394
2537	75.938	-24.795	-61.705	-24.106
2539	67.5	-32.432	-58.055	-20.602
2540	75.938	-29.939	-59.38	-23.294
2542	67.5	-37.238	-55.096	-19.648
2543	75.938	-34.866	-56.627	-22.328
2545	67.5	-41.777	-51.739	-18.559
2546	75.938	-39.543	-53.466	-21.207
2548	67.5	-46.014	-48.01	-17.344
2549	75.938	-43.935	-49.92	-19.929
2551	67.5	-49.92	-43.935	-16.003
2552	75.938	-48.01	-46.014	-18.509
2554	67.5	-53.466	-39.543	-14.546
2555	75.938	-51.739	-41.777	-16.956
2557	67.5	-56.627	-34.866	-12.983
2558	75.938	-55.096	-37.238	-15.28
2560	67.5	-59.38	-29.939	-11.323
2561	75.938	-58.055	-32.432	-13.491
2563	67.5	-61.705	-24.795	-9.5787
2564	75.938	-60.597	-27.391	-11.601
2566	67.5	-63.585	-19.473	-7.7616
2567	75.938	-62.701	-22.154	-9.624
2569	67.5	-65.007	-14.01	-5.8851
2570	75.938	-64.354	-16.757	-7.5739
2572	67.5	-65.961	-8.4467	-3.9634
2573	75.938	-65.543	-11.239	-5.4658
2575	75.938	-66.26	-5.6396	-3.3156
2576	67.5	-66.44	-2.8223	-2.0111
2578	84.375	-65.961	8.4467	2.3334
2579	92.813	-66.26	5.6396	1.2356
2580	84.375	-66.44	2.8223	-5.2116e-002
2582	84.375	-65.007	14.01	4.7004
2583	92.813	-65.543	11.239	3.8094
2585	84.375	-63.585	19.473	7.0307
2586	92.813	-64.354	16.757	6.3533
2588	84.375	-61.705	24.795	9.3065
2589	92.813	-62.701	22.154	8.8477
2591	84.375	-59.38	29.939	11.511
2592	92.813	-60.597	27.391	11.274
2594	84.375	-56.627	34.866	13.629
2595	92.813	-58.055	32.432	13.615
2597	84.375	-53.466	39.543	15.644
2598	92.813	-55.096	37.238	15.853
2600	84.375	-49.92	43.935	17.544
2601	92.813	-51.739	41.777	17.974
2603	84.375	-46.014	48.01	19.316
2604	92.813	-48.01	46.014	19.963
2606	84.375	-41.777	51.739	20.949
2607	92.813	-43.935	49.92	21.808
2609	84.375	-37.238	55.096	22.432
2610	92.813	-39.543	53.466	23.496
2612	84.375	-32.432	58.055	23.757
2613	92.813	-34.866	56.627	25.017
2615	84.375	-27.391	60.597	24.914
2616	92.813	-29.939	59.38	26.362
2618	84.375	-22.154	62.701	25.895
2619	92.813	-24.795	61.705	27.521
2621	84.375	-16.757	64.354	26.695
2622	92.813	-19.473	63.585	28.486
2624	84.375	-11.239	65.543	27.306
2625	92.813	-14.01	65.007	29.251
2627	84.375	-5.6396	66.26	27.724
2628	92.813	-8.4467	65.961	29.809
2630	84.375	3.4369e-013	66.5	27.95
2631	92.813	-2.8223	66.44	30.153
2633	84.375	5.6396	66.26	27.965
2634	92.813	2.8223	66.44	30.278
2636	84.375	11.239	65.543	27.775
2637	92.813	8.4467	65.961	30.193
2639	84.375	16.757	64.354	27.39
2640	92.813	14.01	65.007	29.882
2642	84.375	22.154	62.701	26.802
2643	92.813	19.473	63.585	29.354
2645	84.375	27.391	60.597	26.017
2646	92.813	24.795	61.705	28.61
2648	84.375	32.432	58.055	25.04
2649	92.813	29.939	59.38	27.655
2651	84.375	37.238	55.096	23.878
2652	92.813	34.866	56.627	26.496
2654	84.375	41.777	51.739	22.542
2655	92.813	39.543	53.466	25.143
2657	84.375	46.014	48.01	21.041
2658	92.813	43.935	49.92	23.606
2660	84.375	49.92	43.935	19.388
2661	92.813	48.01	46.014	21.897
2663	84.375	53.466	39.543	17.597
2664	92.813	51.739	41.777	20.031
2666	84.375	56.627	34.866	15.681
2667	92.813	55.096	37.238	18.023
2669	84.375	59.38	29.939	13.655
2670	92.813	58.055	32.432	15.888
2672	84.375	61.705	24.795	11.535
2673	92.813	60.597	27.391	13.642
2675	84.375	63.585	19.473	9.3362
2676	92.813	62.701	22.154	11.303
2678	84.375	65.007	14.01	7.0741
2679	92.813	64.354	16.757	8.8874
2681	84.375	65.961	8.4467	4.7642
2682	92.813	65.543	11.239	6.4115
2684	84.375	66.44	2.8223	2.4216
2685	92.813	66.26	5.6396	3.8922
2687	84.375	66.44	-2.8223	6.2909e-002
2688	92.813	66.5	-1.9429e-013	1.3471
2689	84.375	65.961	-8.4467	-2.2969
2690	92.813	66.26	-5.6396	-1.2086
2692	84.375	65.007	-14.01	-4.6428
2693	92.813	65.543	-11.239	-3.7568
2695	84.375	63.585	-19.473	-6.9584
2696	92.813	64.354	-16.757	-6.281
2698	84.375	61.705	-24.795	-9.2278
2699	92.813	62.701	-22.154	-8.7639
2701	84.375	59.38	-29.939	-11.435
2702	92.813	60.597	-27.391	-11.188
2704	84.375	56.627	-34.866	-13.563
2705	92.813	58.055	-32.432	-13.536
2707	84.375	53.466	-39.543	-15.597
2708	92.813	55.096	-37.238	-15.791
2710	84.375	49.92	-43.935	-17.521
2711	92.813	51.739	-41.777	-17.935
2713	84.375	46.014	-48.01	-19.319
2714	92.813	48.01	-46.014	-19.952
2716	84.375	41.777	-51.739	-20.978
2717	92.813	43.935	-49.92	-21.826
2719	84.375	37.238	-55.096	-22.484
2720	92.813	39.543	-53.466	-23.541
2722	84.375	32.432	-58.055	-23.825
2723	92.813	34.866	-56.627	-25.084
2725	84.375	27.391	-60.597	-24.99
2726	92.813	29.939	-59.38	-26.442
2728	84.375	22.154	-62.701	-25.972
2729	92.813	24.795	-61.705	-27.606
2731	84.375	16.757	-64.354	-26.763
2732	92.813	19.473	-63.585	-28.567
2734	84.375	11.239	-65.543	-27.357
2735	92.813	14.01	-65.007	-29.318
2737	84.375	5.6396	-66.26	-27.753
2738	92.813	8.4467	-65.961	-29.854
2740	84.375	1.8838e-014	-66.5	-27.953
2741	92.813	2.8223	-66.44	-30.171
2743	84.375	-5.6396	-66.26	-27.942
2744	92.813	-2.8223	-66.44	-30.268
2746	84.375	-11.239	-65.543	-27.729
2747	92.813	-8.4467	-65.961	-30.156
2749	84.375	-16.757	-64.354	-27.326
2750	92.813	-14.01	-65.007	-29.822
2752	84.375	-22.154	-62.701	-26.726
2753	92.813	-19.473	-63.585	-29.278
2755	84.375	-27.391	-60.597	-25.944
2756	92.813	-24.795	-61.705	-28.528
2758	84.375	-32.432	-58.055	-24.978
2759	92.813	-29.939	-59.38	-27.571
2761	84.375	-37.238	-55.096	-23.826
2762	92.813	-34.866	-56.627	-26.425
2764	84.375	-41.777	-51.739	-22.507
2765	92.813	-39.543	-53.466	-25.095
2767	84.375	-46.014	-48.01	-21.033
2768	92.813	-43.935	-49.92	-23.582
2770	84.375	-49.92	-43.935	-19.406
2771	92.813	-48.01	-46.014	-21.902
2773	84.375	-53.466	-39.543	-17.639
2774	92.813	-51.739	-41.777	-20.063
2776	84.375	-56.627	-34.866	-15.742
2777	92.813	-55.096	-37.238	-18.079
2779	84.375	-59.38	-29.939	-13.729
2780	92.813	-58.055	-32.432	-15.961
2782	84.375	-61.705	-24.795	-11.613
2783	92.813	-60.597	-27.391	-13.725
2785	84.375	-63.585	-19.473	-9.4098
2786	92.813	-62.701	-22.154	-11.386
2788	84.375	-65.007	-14.01	-7.1345
2789	92.813	-64.354	-16.757	-8.9602
2791	84.375	-65.961	-8.4467	-4.8045
2792	92.813	-65.543	-11.239	-6.4659
2794	92.813	-66.26	-5.6396	-3.9221
2795	84.375	-66.44	-2.8223	-2.4376
2797	101.25	-65.961	8.4467	2.7017
2798	109.69	-66.26	5.6396	1.4023
2799	101.25	-66.44	2.8223	-6.0266e-002
2801	101.25	-65.007	14.01	5.4422
2802	109.69	-65.543	11.239	4.3233
2804	101.25	-63.585	19.473	8.1401
2805	109.69	-64.354	16.757	7.2103
2807	101.25	-61.705	24.795	10.775
2808	109.69	-62.701	22.154	10.041
2810	101.25	-59.38	29.939	13.328
2811	109.69	-60.597	27.391	12.795
2813	101.25	-56.627	34.866	15.78
2814	109.69	-58.055	32.432	15.452
2816	101.25	-53.466	39.543	18.114
2817	109.69	-55.096	37.238	17.993
2819	101.25	-49.92	43.935	20.315
2820	109.69	-51.739	41.777	20.401
2822	101.25	-46.014	48.01	22.369
2823	109.69	-48.01	46.014	22.659
2825	101.25	-41.777	51.739	24.261
2826	109.69	-43.935	49.92	24.754
2828	101.25	-37.238	55.096	25.98
2829	109.69	-39.543	53.466	26.671
2831	101.25	-32.432	58.055	27.516
2832	109.69	-34.866	56.627	28.4
2834	101.25	-27.391	60.597	28.857
2835	109.69	-29.939	59.38	29.927
2837	101.25	-22.154	62.701	29.995
2838	109.69	-24.795	61.705	31.244
2840	101.25	-16.757	64.354	30.922
2841	109.69	-19.473	63.585	32.341
2843	101.25	-11.239	65.543	31.63
2844	109.69	-14.01	65.007	33.21
2846	101.25	-5.6396	66.26	32.115
2847	109.69	-8.4467	65.961	33.843
2849	101.25	3.4369e-013	66.5	32.373
2850	109.69	-2.8223	66.44	34.234
2852	101.25	5.6396	66.26	32.392
2853	109.69	2.8223	66.44	34.378
2855	101.25	11.239	65.543	32.174
2856	109.69	8.4467	65.961	34.279
2858	101.25	16.757	64.354	31.726
2859	109.69	14.01	65.007	33.926
2861	101.25	22.154	62.701	31.043
2862	109.69	19.473	63.585	33.325
2864	101.25	27.391	60.597	30.133
2865	109.69	24.795	61.705	32.48
2867	101.25	32.432	58.055	29.001
2868	109.69	29.939	59.38	31.395
2870	101.25	37.238	55.096	27.655
2871	109.69	34.866	56.627	30.078
2873	101.25	41.777	51.739	26.106
2874	109.69	39.543	53.466	28.541
2876	101.25	46.014	48.01	24.367
2877	109.69	43.935	49.92	26.795
2879	101.25	49.92	43.935	22.452
2880	109.69	48.01	46.014	24.855
2882	101.25	53.466	39.543	20.377
2883	109.69	51.739	41.777	22.736
2885	101.25	56.627	34.866	18.158
2886	109.69	55.096	37.238	20.456
2888	101.25	59.38	29.939	15.812
2889	109.69	58.055	32.432	18.032
2891	101.25	61.705	24.795	13.357
2892	109.69	60.597	27.391	15.483
2894	101.25	63.585	19.473	10.811
2895	109.69	62.701	22.154	12.828
2897	101.25	65.007	14.01	8.1916
2898	109.69	64.354	16.757	10.087
2900	101.25	65.961	8.4467	5.5172
2901	109.69	65.543	11.239	7.2769
2903	101.25	66.44	2.8223	2.8054
2904	109.69	66.26	5.6396	4.4181
2906	101.25	66.44	-2.8223	7.4596e-002
2907	109.69	66.5	-1.9429e-013	1.5302
2908	101.25	65.961	-8.4467	-2.6574
2909	109.69	66.26	-5.6396	-1.3697
2911	101.25	65.007	-14.01	-5.3732
2912	109.69	65.543	-11.239	-4.2612
2914	101.25	63.585	-19.473	-8.0541
2915	109.69	64.354	-16.757	-7.1255
2917	101.25	61.705	-24.795	-10.682
2918	109.69	62.701	-22.154	-9.9432
2920	101.25	59.38	-29.939	-13.237
2921	109.69	60.597	-27.391	-12.695
2923	101.25	56.627	-34.866	-15.703
2924	109.69	58.055	-32.432	-15.36
2926	101.25	53.466	-39.543	-18.059
2927	109.69	55.096	-37.238	-17.92
2929	101.25	49.92	-43.935	-20.288
2930	109.69	51.739	-41.777	-20.355
2932	101.25	46.014	-48.01	-22.372
2933	109.69	48.01	-46.014	-22.646
2935	101.25	41.777	-51.739	-24.295
2936	109.69	43.935	-49.92	-24.775
2938	101.25	37.238	-55.096	-26.042
2939	109.69	39.543	-53.466	-26.724
2941	101.25	32.432	-58.055	-27.597
2942	109.69	34.866	-56.627	-28.478
2944	101.25	27.391	-60.597	-28.949
2945	109.69	29.939	-59.38	-30.022
2947	101.25	22.154	-62.701	-30.087
2948	109.69	24.795	-61.705	-31.345
2950	101.25	16.757	-64.354	-31.004
2951	109.69	19.473	-63.585	-32.436
2953	101.25	11.239	-65.543	-31.693
2954	109.69	14.01	-65.007	-33.289
2956	101.25	5.6396	-66.26	-32.151
2957	109.69	8.4467	-65.961	-33.897
2959	101.25	1.8838e-014	-66.5	-32.378
2960	109.69	2.8223	-66.44	-34.258
2962	101.25	-5.6396	-66.26	-32.366
2963	109.69	-2.8223	-66.44	-34.368
2965	101.25	-11.239	-65.543	-32.121
2966	109.69	-8.4467	-65.961	-34.238
2968	101.25	-16.757	-64.354	-31.652
2969	109.69	-14.01	-65.007	-33.858
2971	101.25	-22.154	-62.701	-30.956
2972	109.69	-19.473	-63.585	-33.238
2974	101.25	-27.391	-60.597	-30.046
2975	109.69	-24.795	-61.705	-32.385
2977	101.25	-32.432	-58.055	-28.925
2978	109.69	-29.939	-59.38	-31.299
2980	101.25	-37.238	-55.096	-27.592
2981	109.69	-34.866	-56.627	-29.997
2983	101.25	-41.777	-51.739	-26.066
2984	109.69	-39.543	-53.466	-28.485
2986	101.25	-46.014	-48.01	-24.357
2987	109.69	-43.935	-49.92	-26.767
2989	101.25	-49.92	-43.935	-22.472
2990	109.69	-48.01	-46.014	-24.86
2992	101.25	-53.466	-39.543	-20.425
2993	109.69	-51.739	-41.777	-22.773
2995	101.25	-56.627	-34.866	-18.229
2996	109.69	-55.096	-37.238	-20.52
2998	101.25	-59.38	-29.939	-15.898
2999	109.69	-58.055	-32.432	-18.116
3001	101.25	-61.705	-24.795	-13.447
3002	109.69	-60.597	-27.391	-15.578
3004	101.25	-63.585	-19.473	-10.895
3005	109.69	-62.701	-22.154	-12.923
3007	101.25	-65.007	-14.01	-8.2608
3008	109.69	-64.354	-16.757	-10.169
3010	101.25	-65.961	-8.4467	-5.5628
3011	109.69	-65.543	-11.239	-7.3385
3013	109.69	-66.26	-5.6396	-4.4513
3014	101.25	-66.44	-2.8223	-2.8223
3016	118.13	-65.961	8.4467	3.014
3017	126.56	-66.26	5.6396	1.5429
3018	118.13	-66.44	2.8223	-6.726e-002
3020	118.13	-65.007	14.01	6.0713
3021	126.56	-65.543	11.239	4.7567
3023	118.13	-63.585	19.473	9.0812
3024	126.56	-64.354	16.757	7.933
3026	118.13	-61.705	24.795	12.021
3027	126.56	-62.701	22.154	11.048
3029	118.13	-59.38	29.939	14.869
3030	126.56	-60.597	27.391	14.077
3032	118.13	-56.627	34.866	17.605
3033	126.56	-58.055	32.432	17.
3035	118.13	-53.466	39.543	20.209
3036	126.56	-55.096	37.238	19.795
3038	118.13	-49.92	43.935	22.665
3039	126.56	-51.739	41.777	22.444
3041	118.13	-46.014	48.01	24.957
3042	126.56	-48.01	46.014	24.929
3044	118.13	-41.777	51.739	27.069
3045	126.56	-43.935	49.92	27.234
3047	118.13	-37.238	55.096	28.988
3048	126.56	-39.543	53.466	29.344
3050	118.13	-32.432	58.055	30.702
3051	126.56	-34.866	56.627	31.246
3053	118.13	-27.391	60.597	32.2
3054	126.56	-29.939	59.38	32.928
3056	118.13	-22.154	62.701	33.471
3057	126.56	-24.795	61.705	34.378
3059	118.13	-16.757	64.354	34.506
3060	126.56	-19.473	63.585	35.586
3062	118.13	-11.239	65.543	35.297
3063	126.56	-14.01	65.007	36.542
3065	118.13	-5.6396	66.26	35.837
3066	126.56	-8.4467	65.961	37.241
3068	118.13	3.4369e-013	66.5	36.124
3069	126.56	-2.8223	66.44	37.672
3071	118.13	5.6396	66.26	36.146
3072	126.56	2.8223	66.44	37.831
3074	118.13	11.239	65.543	35.904
3075	126.56	8.4467	65.961	37.722
3077	118.13	16.757	64.354	35.403
3078	126.56	14.01	65.007	37.333
3080	118.13	22.154	62.701	34.642
3081	126.56	19.473	63.585	36.672
3083	118.13	27.391	60.597	33.625
3084	126.56	24.795	61.705	35.741
3086	118.13	32.432	58.055	32.36
3087	126.56	29.939	59.38	34.546
3089	118.13	37.238	55.096	30.857
3090	126.56	34.866	56.627	33.096
3092	118.13	41.777	51.739	29.128
3093	126.56	39.543	53.466	31.404
3095	118.13	46.014	48.01	27.187
3096	126.56	43.935	49.92	29.481
3098	118.13	49.92	43.935	25.05
3099	126.56	48.01	46.014	27.345
3101	118.13	53.466	39.543	22.733
3102	126.56	51.739	41.777	25.013
3104	118.13	56.627	34.866	20.257
3105	126.56	55.096	37.238	22.503
3107	118.13	59.38	29.939	17.639
3108	126.56	58.055	32.432	19.835
3110	118.13	61.705	24.795	14.9
3111	126.56	60.597	27.391	17.031
3113	118.13	63.585	19.473	12.06
3114	126.56	62.701	22.154	14.11
3116	118.13	65.007	14.01	9.1378
3117	126.56	64.354	16.757	11.095
3119	118.13	65.961	8.4467	6.1549
3120	126.56	65.543	11.239	8.0044
3122	118.13	66.44	2.8223	3.1304
3123	126.56	66.26	5.6396	4.8606
3125	118.13	66.44	-2.8223	8.4842e-002
3126	126.56	66.5	-1.9429e-013	1.6848
3127	118.13	65.961	-8.4467	-2.9622
3128	126.56	66.26	-5.6396	-1.5043
3130	118.13	65.007	-14.01	-5.9911
3131	126.56	65.543	-11.239	-4.684
3133	118.13	63.585	-19.473	-8.9815
3134	126.56	64.354	-16.757	-7.8342
3136	118.13	61.705	-24.795	-11.913
3137	126.56	62.701	-22.154	-10.934
3139	118.13	59.38	-29.939	-14.764
3140	126.56	60.597	-27.391	-13.961
3142	118.13	56.627	-34.866	-17.515
3143	126.56	58.055	-32.432	-16.894
3145	118.13	53.466	-39.543	-20.145
3146	126.56	55.096	-37.238	-19.712
3148	118.13	49.92	-43.935	-22.634
3149	126.56	51.739	-41.777	-22.392
3151	118.13	46.014	-48.01	-24.962
3152	126.56	48.01	-46.014	-24.915
3154	118.13	41.777	-51.739	-27.109
3155	126.56	43.935	-49.92	-27.259
3157	118.13	37.238	-55.096	-29.059
3158	126.56	39.543	-53.466	-29.405
3160	118.13	32.432	-58.055	-30.797
3161	126.56	34.866	-56.627	-31.337
3163	118.13	27.391	-60.597	-32.307
3164	126.56	29.939	-59.38	-33.038
3166	118.13	22.154	-62.701	-33.578
3167	126.56	24.795	-61.705	-34.495
3169	118.13	16.757	-64.354	-34.602
3170	126.56	19.473	-63.585	-35.697
3172	118.13	11.239	-65.543	-35.37
3173	126.56	14.01	-65.007	-36.635
3175	118.13	5.6396	-66.26	-35.88
3176	126.56	8.4467	-65.961	-37.305
3178	118.13	1.8838e-014	-66.5	-36.132
3179	126.56	2.8223	-66.44	-37.701
3181	118.13	-5.6396	-66.26	-36.118
3182	126.56	-2.8223	-66.44	-37.821
3184	118.13	-11.239	-65.543	-35.845
3185	126.56	-8.4467	-65.961	-37.675
3187	118.13	-16.757	-64.354	-35.32
3188	126.56	-14.01	-65.007	-37.256
3190	118.13	-22.154	-62.701	-34.542
3191	126.56	-19.473	-63.585	-36.573
3193	118.13	-27.391	-60.597	-33.524
3194	126.56	-24.795	-61.705	-35.633
3196	118.13	-32.432	-58.055	-32.27
3197	126.56	-29.939	-59.38	-34.438
3199	118.13	-37.238	-55.096	-30.784
3200	126.56	-34.866	-56.627	-33.004
3202	118.13	-41.777	-51.739	-29.082
3203	126.56	-39.543	-53.466	-31.339
3205	118.13	-46.014	-48.01	-27.175
3206	126.56	-43.935	-49.92	-29.449
3208	118.13	-49.92	-43.935	-25.072
3209	126.56	-48.01	-46.014	-27.35
3211	118.13	-53.466	-39.543	-22.788
3212	126.56	-51.739	-41.777	-25.054
3214	118.13	-56.627	-34.866	-20.338
3215	126.56	-55.096	-37.238	-22.576
3217	118.13	-59.38	-29.939	-17.736
3218	126.56	-58.055	-32.432	-19.932
3220	118.13	-61.705	-24.795	-15.003
3221	126.56	-60.597	-27.391	-17.14
3223	118.13	-63.585	-19.473	-12.156
3224	126.56	-62.701	-22.154	-14.218
3226	118.13	-65.007	-14.01	-9.2162
3227	126.56	-64.354	-16.757	-11.189
3229	118.13	-65.961	-8.4467	-6.2062
3230	126.56	-65.543	-11.239	-8.0742
3232	118.13	-66.44	-2.8223	-3.1487
3233	126.56	-66.26	-5.6396	-4.8976
3235	135.	-66.44	2.8223	-7.2923e-002
3236	135.	-65.961	8.4467	3.2864
3238	25.313	-66.5	-8.1439e-015	-0.42104
3240	42.188	-66.5	-8.1439e-015	-0.688
3242	59.063	-66.5	-8.1439e-015	-0.91678
3244	75.938	-66.5	-8.1439e-015	-1.14
3246	92.813	-66.5	-8.1439e-015	-1.3483
3248	109.69	-66.5	-8.1439e-015	-1.5302
3250	126.56	-66.5	-8.1439e-015	-1.6836
3252	135.	-66.44	-2.8223	-3.4324
3254	135.	-65.961	-8.4467	-6.7658
3256	135.	-65.007	-14.01	-10.047
3258	135.	-63.585	-19.473	-13.251
3260	135.	-61.705	-24.795	-16.354
3262	135.	-59.38	-29.939	-19.333
3264	135.	-56.627	-34.866	-22.167
3266	135.	-53.466	-39.543	-24.837
3268	135.	-49.92	-43.935	-27.325
3270	135.	-46.014	-48.01	-29.616
3272	135.	-41.777	-51.739	-31.694
3274	135.	-37.238	-55.096	-33.548
3276	135.	-32.432	-58.055	-35.167
3278	135.	-27.391	-60.597	-36.535
3280	135.	-22.154	-62.701	-37.647
3282	135.	-16.757	-64.354	-38.496
3284	135.	-11.239	-65.543	-39.071
3286	135.	-5.6396	-66.26	-39.371
3288	135.	4.072e-015	-66.5	-39.387
3290	135.	5.6396	-66.26	-39.116
3292	135.	11.239	-65.543	-38.561
3294	135.	16.757	-64.354	-37.724
3296	135.	22.154	-62.701	-36.608
3298	135.	27.391	-60.597	-35.221
3300	135.	32.432	-58.055	-33.573
3302	135.	37.238	-55.096	-31.677
3304	135.	41.777	-51.739	-29.548
3306	135.	46.014	-48.01	-27.204
3308	135.	49.92	-43.935	-24.665
3310	135.	53.466	-39.543	-21.95
3312	135.	56.627	-34.866	-19.081
3314	135.	59.38	-29.939	-16.082
3316	135.	61.705	-24.795	-12.974
3318	135.	63.585	-19.473	-9.7796
3320	135.	65.007	-14.01	-6.5219
3322	135.	65.961	-8.4467	-3.2228
3324	135.	66.44	-2.8223	9.5323e-002
3326	135.	66.44	2.8223	3.4116
3327	135.	65.961	8.4467	6.7053
3329	135.	65.007	14.01	9.9542
3331	135.	63.585	19.473	13.137
3333	135.	61.705	24.795	16.232
3335	135.	59.38	29.939	19.217
3337	135.	56.627	34.866	22.071
3339	135.	53.466	39.543	24.772
3341	135.	49.92	43.935	27.298
3343	135.	46.014	48.01	29.63
3345	135.	41.777	51.739	31.749
3347	135.	37.238	55.096	33.636
3349	135.	32.432	58.055	35.276
3351	135.	27.391	60.597	36.656
3353	135.	22.154	62.701	37.765
3355	135.	16.757	64.354	38.595
3357	135.	11.239	65.543	39.141
3359	135.	5.6396	66.26	39.402
3361	135.	3.7322e-013	66.5	39.377
3363	135.	-5.6396	66.26	39.063
3365	135.	-11.239	65.543	38.472
3367	135.	-16.757	64.354	37.608
3369	135.	-22.154	62.701	36.478
3371	135.	-27.391	60.597	35.092
3373	135.	-32.432	58.055	33.459
3375	135.	-37.238	55.096	31.591
3377	135.	-41.777	51.739	29.5
3379	135.	-46.014	48.01	27.199
3381	135.	-49.92	43.935	24.702
3383	135.	-53.466	39.543	22.027
3385	135.	-56.627	34.866	19.189
3387	135.	-59.38	29.939	16.208
3389	135.	-61.705	24.795	13.104
3391	135.	-63.585	19.473	9.9002
3393	135.	-65.007	14.01	6.6193
