節点番号	X 座標 (mm)	Y 座標 (mm)	Z 座標 (mm)	各方向での変形量 (mm)
80	0.	-66.5	-8.1439e-015	0.
81	0.	-66.26	-5.6396	0.
82	0.	-65.543	-11.239	0.
83	0.	-64.354	-16.757	0.
84	0.	-62.701	-22.154	0.
85	0.	-60.597	-27.391	0.
86	0.	-58.055	-32.432	0.
87	0.	-55.096	-37.238	0.
88	0.	-51.739	-41.777	0.
89	0.	-48.01	-46.014	0.
90	0.	-43.935	-49.92	0.
91	0.	-39.543	-53.466	0.
92	0.	-34.866	-56.627	0.
93	0.	-29.939	-59.38	0.
94	0.	-24.795	-61.705	0.
95	0.	-19.473	-63.585	0.
96	0.	-14.01	-65.007	0.
97	0.	-8.4467	-65.961	0.
98	0.	-2.8223	-66.44	0.
99	0.	2.8223	-66.44	0.
100	0.	8.4467	-65.961	0.
101	0.	14.01	-65.007	0.
102	0.	19.473	-63.585	0.
103	0.	24.795	-61.705	0.
104	0.	29.939	-59.38	0.
105	0.	34.866	-56.627	0.
106	0.	39.543	-53.466	0.
107	0.	43.935	-49.92	0.
108	0.	48.01	-46.014	0.
109	0.	51.739	-41.777	0.
110	0.	55.096	-37.238	0.
111	0.	58.055	-32.432	0.
112	0.	60.597	-27.391	0.
113	0.	62.701	-22.154	0.
114	0.	64.354	-16.757	0.
115	0.	65.543	-11.239	0.
116	0.	66.26	-5.6396	0.
117	0.	66.5	-1.9429e-013	0.
118	0.	66.26	5.6396	0.
119	0.	65.543	11.239	0.
120	0.	64.354	16.757	0.
121	0.	62.701	22.154	0.
122	0.	60.597	27.391	0.
123	0.	58.055	32.432	0.
124	0.	55.096	37.238	0.
125	0.	51.739	41.777	0.
126	0.	48.01	46.014	0.
127	0.	43.935	49.92	0.
128	0.	39.543	53.466	0.
129	0.	34.866	56.627	0.
130	0.	29.939	59.38	0.
131	0.	24.795	61.705	0.
132	0.	19.473	63.585	0.
133	0.	14.01	65.007	0.
134	0.	8.4467	65.961	0.
135	0.	2.8223	66.44	0.
136	0.	-2.8223	66.44	0.
137	0.	-8.4467	65.961	0.
138	0.	-14.01	65.007	0.
139	0.	-19.473	63.585	0.
140	0.	-24.795	61.705	0.
141	0.	-29.939	59.38	0.
142	0.	-34.866	56.627	0.
143	0.	-39.543	53.466	0.
144	0.	-43.935	49.92	0.
145	0.	-48.01	46.014	0.
146	0.	-51.739	41.777	0.
147	0.	-55.096	37.238	0.
148	0.	-58.055	32.432	0.
149	0.	-60.597	27.391	0.
150	0.	-62.701	22.154	0.
151	0.	-64.354	16.757	0.
152	0.	-66.26	5.6396	0.
153	0.	-65.543	11.239	0.
154	16.875	-66.26	5.6396	-2.4197e-010
155	16.875	-65.543	11.239	-2.7305e-010
156	16.875	-64.354	16.757	-2.5735e-010
157	16.875	-62.701	22.154	-1.9833e-010
158	16.875	-60.597	27.391	-1.0558e-010
159	16.875	-58.055	32.432	6.653e-012
160	16.875	-55.096	37.238	1.2166e-010
161	16.875	-51.739	41.777	2.2267e-010
162	16.875	-48.01	46.014	2.9519e-010
163	16.875	-43.935	49.92	3.2888e-010
164	16.875	-39.543	53.466	3.1879e-010
165	16.875	-34.866	56.627	2.6575e-010
166	16.875	-29.939	59.38	1.7602e-010
167	16.875	-24.795	61.705	6.0222e-011
168	16.875	-19.473	63.585	-6.8064e-011
169	16.875	-14.01	65.007	-1.9392e-010
170	16.875	-8.4467	65.961	-3.0258e-010
171	16.875	-2.8223	66.44	-3.8105e-010
172	16.875	2.8223	66.44	-4.2679e-010
173	16.875	8.4467	65.961	-4.2583e-010
174	16.875	14.01	65.007	-3.8157e-010
175	16.875	19.473	63.585	-2.9635e-010
176	16.875	24.795	61.705	-1.7797e-010
177	16.875	29.939	59.38	-3.8369e-011
178	16.875	34.866	56.627	1.0809e-010
179	16.875	39.543	53.466	2.4601e-010
180	16.875	43.935	49.92	3.6045e-010
181	16.875	48.01	46.014	4.3853e-010
182	16.875	51.739	41.777	4.7088e-010
183	16.875	55.096	37.238	4.5278e-010
184	16.875	58.055	32.432	3.8496e-010
185	16.875	60.597	27.391	2.7369e-010
186	16.875	62.701	22.154	1.3033e-010
187	16.875	64.354	16.757	-2.9621e-011
188	16.875	65.543	11.239	-1.8825e-010
189	16.875	66.26	5.6396	-3.2649e-010
190	16.875	66.5	-1.9429e-013	-4.3193e-010
191	16.875	66.26	-5.6396	-4.9157e-010
192	16.875	65.543	-11.239	-4.9499e-010
193	16.875	64.354	-16.757	-4.4296e-010
194	16.875	62.701	-22.154	-3.409e-010
195	16.875	60.597	-27.391	-2.0009e-010
196	16.875	58.055	-32.432	-3.6046e-011
197	16.875	55.096	-37.238	1.335e-010
198	16.875	51.739	-41.777	2.9058e-010
199	16.875	48.01	-46.014	4.1901e-010
200	16.875	43.935	-49.92	5.0597e-010
201	16.875	39.543	-53.466	5.4326e-010
202	16.875	34.866	-56.627	5.2781e-010
203	16.875	29.939	-59.38	4.6178e-010
204	16.875	24.795	-61.705	3.5205e-010
205	16.875	19.473	-63.585	2.0944e-010
206	16.875	14.01	-65.007	4.7694e-011
207	16.875	8.4467	-65.961	-1.1765e-010
208	16.875	2.8223	-66.44	-2.7074e-010
209	16.875	-2.8223	-66.44	-4.0196e-010
210	16.875	-8.4467	-65.961	-4.9484e-010
211	16.875	-14.01	-65.007	-5.4172e-010
212	16.875	-19.473	-63.585	-5.3651e-010
213	16.875	-24.795	-61.705	-4.7968e-010
214	16.875	-29.939	-59.38	-3.777e-010
215	16.875	-34.866	-56.627	-2.434e-010
216	16.875	-39.543	-53.466	-8.9445e-011
217	16.875	-43.935	-49.92	6.7844e-011
218	16.875	-48.01	-46.014	2.1119e-010
219	16.875	-51.739	-41.777	3.2419e-010
220	16.875	-55.096	-37.238	3.942e-010
221	16.875	-58.055	-32.432	4.1394e-010
222	16.875	-60.597	-27.391	3.8252e-010
223	16.875	-62.701	-22.154	3.0575e-010
224	16.875	-64.354	-16.757	1.9538e-010
225	16.875	-65.543	-11.239	6.758e-011
226	16.875	-66.26	-5.6396	-5.9327e-011
227	33.75	-66.26	5.6396	-6.3989e-010
228	33.75	-65.543	11.239	-7.1274e-010
229	33.75	-64.354	16.757	-6.6788e-010
230	33.75	-62.701	22.154	-5.1442e-010
231	33.75	-60.597	27.391	-2.7665e-010
232	33.75	-58.055	32.432	9.7283e-012
233	33.75	-55.096	37.238	3.0294e-010
234	33.75	-51.739	41.777	5.6109e-010
235	33.75	-48.01	46.014	7.479e-010
236	33.75	-43.935	49.92	8.374e-010
237	33.75	-39.543	53.466	8.1689e-010
238	33.75	-34.866	56.627	6.881e-010
239	33.75	-29.939	59.38	4.6627e-010
240	33.75	-24.795	61.705	1.7767e-010
241	33.75	-19.473	63.585	-1.4406e-010
242	33.75	-14.01	65.007	-4.62e-010
243	33.75	-8.4467	65.961	-7.4013e-010
244	33.75	-2.8223	66.44	-9.4626e-010
245	33.75	2.8223	66.44	-1.0585e-009
246	33.75	8.4467	65.961	-1.0611e-009
247	33.75	14.01	65.007	-9.5538e-010
248	33.75	19.473	63.585	-7.4801e-010
249	33.75	24.795	61.705	-4.5884e-010
250	33.75	29.939	59.38	-1.1573e-010
251	33.75	34.866	56.627	2.4708e-010
252	33.75	39.543	53.466	5.921e-010
253	33.75	43.935	49.92	8.8225e-010
254	33.75	48.01	46.014	1.0848e-009
255	33.75	51.739	41.777	1.1749e-009
256	33.75	55.096	37.238	1.1393e-009
257	33.75	58.055	32.432	9.7801e-010
258	33.75	60.597	27.391	7.0535e-010
259	33.75	62.701	22.154	3.4886e-010
260	33.75	64.354	16.757	-5.2983e-011
261	33.75	65.543	11.239	-4.5574e-010
262	33.75	66.26	5.6396	-8.1132e-010
263	33.75	66.5	-1.9429e-013	-1.081e-009
264	33.75	66.26	-5.6396	-1.228e-009
265	33.75	65.543	-11.239	-1.2391e-009
266	33.75	64.354	-16.757	-1.1112e-009
267	33.75	62.701	-22.154	-8.5807e-010
268	33.75	60.597	-27.391	-5.0775e-010
269	33.75	58.055	-32.432	-9.8647e-011
270	33.75	55.096	-37.238	3.2491e-010
271	33.75	51.739	-41.777	7.1785e-010
272	33.75	48.01	-46.014	1.0394e-009
273	33.75	43.935	-49.92	1.2573e-009
274	33.75	39.543	-53.466	1.3507e-009
275	33.75	34.866	-56.627	1.3118e-009
276	33.75	29.939	-59.38	1.146e-009
277	33.75	24.795	-61.705	8.7074e-010
278	33.75	19.473	-63.585	5.132e-010
279	33.75	14.01	-65.007	1.0761e-010
280	33.75	8.4467	-65.961	-3.0746e-010
281	33.75	2.8223	-66.44	-6.9322e-010
282	33.75	-2.8223	-66.44	-1.0121e-009
283	33.75	-8.4467	-65.961	-1.2319e-009
284	33.75	-14.01	-65.007	-1.3362e-009
285	33.75	-19.473	-63.585	-1.3135e-009
286	33.75	-24.795	-61.705	-1.1663e-009
287	33.75	-29.939	-59.38	-9.0915e-010
288	33.75	-34.866	-56.627	-5.6931e-010
289	33.75	-39.543	-53.466	-1.8077e-010
290	33.75	-43.935	-49.92	2.109e-010
291	33.75	-48.01	-46.014	5.6264e-010
292	33.75	-51.739	-41.777	8.3467e-010
293	33.75	-55.096	-37.238	9.9697e-010
294	33.75	-58.055	-32.432	1.0328e-009
295	33.75	-60.597	-27.391	9.4152e-010
296	33.75	-62.701	-22.154	7.3879e-010
297	33.75	-64.354	-16.757	4.5493e-010
298	33.75	-65.543	-11.239	1.3075e-010
299	33.75	-66.26	-5.6396	-1.8801e-010
300	50.625	-66.26	5.6396	-1.0221e-009
301	50.625	-65.543	11.239	-1.1162e-009
302	50.625	-64.354	16.757	-1.0343e-009
303	50.625	-62.701	22.154	-7.9172e-010
304	50.625	-60.597	27.391	-4.2605e-010
305	50.625	-58.055	32.432	8.8317e-012
306	50.625	-55.096	37.238	4.5072e-010
307	50.625	-51.739	41.777	8.3797e-010
308	50.625	-48.01	46.014	1.1178e-009
309	50.625	-43.935	49.92	1.2532e-009
310	50.625	-39.543	53.466	1.2264e-009
311	50.625	-34.866	56.627	1.041e-009
312	50.625	-29.939	59.38	7.1984e-010
313	50.625	-24.795	61.705	3.013e-010
314	50.625	-19.473	63.585	-1.659e-010
315	50.625	-14.01	65.007	-6.2869e-010
316	50.625	-8.4467	65.961	-1.0356e-009
317	50.625	-2.8223	66.44	-1.341e-009
318	50.625	2.8223	66.44	-1.5122e-009
319	50.625	8.4467	65.961	-1.5288e-009
320	50.625	14.01	65.007	-1.3894e-009
321	50.625	19.473	63.585	-1.104e-009
322	50.625	24.795	61.705	-6.9823e-010
323	50.625	29.939	59.38	-2.1001e-010
324	50.625	34.866	56.627	3.1285e-010
325	50.625	39.543	53.466	8.1689e-010
326	50.625	43.935	49.92	1.248e-009
327	50.625	48.01	46.014	1.5571e-009
328	50.625	51.739	41.777	1.7057e-009
329	50.625	55.096	37.238	1.6712e-009
330	50.625	58.055	32.432	1.4507e-009
331	50.625	60.597	27.391	1.0626e-009
332	50.625	62.701	22.154	5.4562e-010
333	50.625	64.354	16.757	-4.3914e-011
334	50.625	65.543	11.239	-6.3994e-010
335	50.625	66.26	5.6396	-1.1704e-009
336	50.625	66.5	-1.9429e-013	-1.5764e-009
337	50.625	66.26	-5.6396	-1.7999e-009
338	50.625	65.543	-11.239	-1.8226e-009
339	50.625	64.354	-16.757	-1.6388e-009
340	50.625	62.701	-22.154	-1.2689e-009
341	50.625	60.597	-27.391	-7.5438e-010
342	50.625	58.055	-32.432	-1.5297e-010
343	50.625	55.096	-37.238	4.6874e-010
344	50.625	51.739	-41.777	1.0434e-009
345	50.625	48.01	-46.014	1.5105e-009
346	50.625	43.935	-49.92	1.8227e-009
347	50.625	39.543	-53.466	1.9505e-009
348	50.625	34.866	-56.627	1.884e-009
349	50.625	29.939	-59.38	1.6329e-009
350	50.625	24.795	-61.705	1.2246e-009
351	50.625	19.473	-63.585	7.0056e-010
352	50.625	14.01	-65.007	1.1212e-010
353	50.625	8.4467	-65.961	-4.8415e-010
354	50.625	2.8223	-66.44	-1.0319e-009
355	50.625	-2.8223	-66.44	-1.4773e-009
356	50.625	-8.4467	-65.961	-1.7767e-009
357	50.625	-14.01	-65.007	-1.9068e-009
358	50.625	-19.473	-63.585	-1.8539e-009
359	50.625	-24.795	-61.705	-1.6233e-009
360	50.625	-29.939	-59.38	-1.2377e-009
361	50.625	-34.866	-56.627	-7.3684e-010
362	50.625	-39.543	-53.466	-1.7138e-010
363	50.625	-43.935	-49.92	3.9201e-010
364	50.625	-48.01	-46.014	8.9097e-010
365	50.625	-51.739	-41.777	1.2684e-009
366	50.625	-55.096	-37.238	1.4816e-009
367	50.625	-58.055	-32.432	1.508e-009
368	50.625	-60.597	-27.391	1.3485e-009
369	50.625	-62.701	-22.154	1.0282e-009
370	50.625	-64.354	-16.757	5.9334e-010
371	50.625	-65.543	-11.239	1.0525e-010
372	50.625	-66.26	-5.6396	-3.6808e-010
373	67.5	-66.26	5.6396	-1.308e-009
374	67.5	-65.543	11.239	-1.3931e-009
375	67.5	-64.354	16.757	-1.2695e-009
376	67.5	-62.701	22.154	-9.5881e-010
377	67.5	-60.597	27.391	-5.0807e-010
378	67.5	-58.055	32.432	1.7498e-011
379	67.5	-55.096	37.238	5.4437e-010
380	67.5	-51.739	41.777	1.0012e-009
381	67.5	-48.01	46.014	1.3283e-009
382	67.5	-43.935	49.92	1.4851e-009
383	67.5	-39.543	53.466	1.4541e-009
384	67.5	-34.866	56.627	1.2419e-009
385	67.5	-29.939	59.38	8.7616e-010
386	67.5	-24.795	61.705	4.0144e-010
387	67.5	-19.473	63.585	-1.275e-010
388	67.5	-14.01	65.007	-6.5211e-010
389	67.5	-8.4467	65.961	-1.1163e-009
390	67.5	-2.8223	66.44	-1.4713e-009
391	67.5	2.8223	66.44	-1.6798e-009
392	67.5	8.4467	65.961	-1.7198e-009
393	67.5	14.01	65.007	-1.587e-009
394	67.5	19.473	63.585	-1.2895e-009
395	67.5	24.795	61.705	-8.5223e-010
396	67.5	29.939	59.38	-3.1394e-010
397	67.5	34.866	56.627	2.7446e-010
398	67.5	39.543	53.466	8.5392e-010
399	67.5	43.935	49.92	1.3624e-009
400	67.5	48.01	46.014	1.7413e-009
401	67.5	51.739	41.777	1.9422e-009
402	67.5	55.096	37.238	1.9339e-009
403	67.5	58.055	32.432	1.7075e-009
404	67.5	60.597	27.391	1.2797e-009
405	67.5	62.701	22.154	6.9248e-010
406	67.5	64.354	16.757	1.0282e-011
407	67.5	65.543	11.239	-6.8892e-010
408	67.5	66.26	5.6396	-1.3191e-009
409	67.5	66.5	-1.9429e-013	-1.8074e-009
410	67.5	66.26	-5.6396	-2.0814e-009
411	67.5	65.543	-11.239	-2.1184e-009
412	67.5	64.354	-16.757	-1.9104e-009
413	67.5	62.701	-22.154	-1.481e-009
414	67.5	60.597	-27.391	-8.8046e-010
415	67.5	58.055	-32.432	-1.7868e-010
416	67.5	55.096	-37.238	5.4399e-010
417	67.5	51.739	-41.777	1.2069e-009
418	67.5	48.01	-46.014	1.7385e-009
419	67.5	43.935	-49.92	2.0845e-009
420	67.5	39.543	-53.466	2.2125e-009
421	67.5	34.866	-56.627	2.1144e-009
422	67.5	29.939	-59.38	1.8056e-009
423	67.5	24.795	-61.705	1.3217e-009
424	67.5	19.473	-63.585	7.1391e-010
425	67.5	14.01	-65.007	4.3183e-011
426	67.5	8.4467	-65.961	-6.2514e-010
427	67.5	2.8223	-66.44	-1.2277e-009
428	67.5	-2.8223	-66.44	-1.7056e-009
429	67.5	-8.4467	-65.961	-2.0129e-009
430	67.5	-14.01	-65.007	-2.1256e-009
431	67.5	-19.473	-63.585	-2.0319e-009
432	67.5	-24.795	-61.705	-1.7405e-009
433	67.5	-29.939	-59.38	-1.28e-009
434	67.5	-34.866	-56.627	-6.9739e-010
435	67.5	-39.543	-53.466	-5.1315e-011
436	67.5	-43.935	-49.92	5.8168e-010
437	67.5	-48.01	-46.014	1.1311e-009
438	67.5	-51.739	-41.777	1.5328e-009
439	67.5	-55.096	-37.238	1.7399e-009
440	67.5	-58.055	-32.432	1.729e-009
441	67.5	-60.597	-27.391	1.5042e-009
442	67.5	-62.701	-22.154	1.0978e-009
443	67.5	-64.354	-16.757	5.663e-010
444	67.5	-65.543	-11.239	-1.6861e-011
445	67.5	-66.26	-5.6396	-5.7151e-010
446	84.375	-66.26	5.6396	-1.4708e-009
447	84.375	-65.543	11.239	-1.5166e-009
448	84.375	-64.354	16.757	-1.3493e-009
449	84.375	-62.701	22.154	-9.9635e-010
450	84.375	-60.597	27.391	-5.0992e-010
451	84.375	-58.055	32.432	4.1137e-011
452	84.375	-55.096	37.238	5.819e-010
453	84.375	-51.739	41.777	1.0421e-009
454	84.375	-48.01	46.014	1.3654e-009
455	84.375	-43.935	49.92	1.516e-009
456	84.375	-39.543	53.466	1.4815e-009
457	84.375	-34.866	56.627	1.2727e-009
458	84.375	-29.939	59.38	9.1947e-010
459	84.375	-24.795	61.705	4.6574e-010
460	84.375	-19.473	63.585	-3.7059e-011
461	84.375	-14.01	65.007	-5.3595e-010
462	84.375	-8.4467	65.961	-9.8146e-010
463	84.375	-2.8223	66.44	-1.3312e-009
464	84.375	2.8223	66.44	-1.5517e-009
465	84.375	8.4467	65.961	-1.6219e-009
466	84.375	14.01	65.007	-1.5346e-009
467	84.375	19.473	63.585	-1.2922e-009
468	84.375	24.795	61.705	-9.1156e-010
469	84.375	29.939	59.38	-4.2269e-010
470	84.375	34.866	56.627	1.3134e-010
471	84.375	39.543	53.466	6.9689e-010
472	84.375	43.935	49.92	1.2138e-009
473	84.375	48.01	46.014	1.6214e-009
474	84.375	51.739	41.777	1.8658e-009
475	84.375	55.096	37.238	1.908e-009
476	84.375	58.055	32.432	1.7305e-009
477	84.375	60.597	27.391	1.3426e-009
478	84.375	62.701	22.154	7.809e-010
479	84.375	64.354	16.757	1.0778e-010
480	84.375	65.543	11.239	-5.9731e-010
481	84.375	66.26	5.6396	-1.2445e-009
482	84.375	66.5	-1.9429e-013	-1.7545e-009
483	84.375	66.26	-5.6396	-2.0487e-009
484	84.375	65.543	-11.239	-2.1011e-009
485	84.375	64.354	-16.757	-1.9015e-009
486	84.375	62.701	-22.154	-1.4741e-009
487	84.375	60.597	-27.391	-8.7182e-010
488	84.375	58.055	-32.432	-1.6887e-010
489	84.375	55.096	-37.238	5.4999e-010
490	84.375	51.739	-41.777	1.2007e-009
491	84.375	48.01	-46.014	1.7104e-009
492	84.375	43.935	-49.92	2.0261e-009
493	84.375	39.543	-53.466	2.119e-009
494	84.375	34.866	-56.627	1.9868e-009
495	84.375	29.939	-59.38	1.6512e-009
496	84.375	24.795	-61.705	1.1538e-009
497	84.375	19.473	-63.585	5.4998e-010
498	84.375	14.01	-65.007	-9.7384e-011
499	84.375	8.4467	-65.961	-7.2433e-010
500	84.375	2.8223	-66.44	-1.2707e-009
501	84.375	-2.8223	-66.44	-1.685e-009
502	84.375	-8.4467	-65.961	-1.9277e-009
503	84.375	-14.01	-65.007	-1.981e-009
504	84.375	-19.473	-63.585	-1.839e-009
505	84.375	-24.795	-61.705	-1.5146e-009
506	84.375	-29.939	-59.38	-1.0391e-009
507	84.375	-34.866	-56.627	-4.5997e-010
508	84.375	-39.543	-53.466	1.6484e-010
509	84.375	-43.935	-49.92	7.6107e-010
510	84.375	-48.01	-46.014	1.2615e-009
511	84.375	-51.739	-41.777	1.6057e-009
512	84.375	-55.096	-37.238	1.7512e-009
513	84.375	-58.055	-32.432	1.6789e-009
514	84.375	-60.597	-27.391	1.3977e-009
515	84.375	-62.701	-22.154	9.4406e-010
516	84.375	-64.354	-16.757	3.7841e-010
517	84.375	-65.543	-11.239	-2.2309e-010
518	84.375	-66.26	-5.6396	-7.7898e-010
519	101.25	-66.26	5.6396	-1.5352e-009
520	101.25	-65.543	11.239	-1.5209e-009
521	101.25	-64.354	16.757	-1.3101e-009
522	101.25	-62.701	22.154	-9.3541e-010
523	101.25	-60.597	27.391	-4.5095e-010
524	101.25	-58.055	32.432	7.6562e-011
525	101.25	-55.096	37.238	5.7814e-010
526	101.25	-51.739	41.777	9.9253e-010
527	101.25	-48.01	46.014	1.2741e-009
528	101.25	-43.935	49.92	1.3978e-009
529	101.25	-39.543	53.466	1.36e-009
530	101.25	-34.866	56.627	1.1763e-009
531	101.25	-29.939	59.38	8.7675e-010
532	101.25	-24.795	61.705	5.0001e-010
533	101.25	-19.473	63.585	8.7335e-011
534	101.25	-14.01	65.007	-3.2185e-010
535	101.25	-8.4467	65.961	-6.9273e-010
536	101.25	-2.8223	66.44	-9.968e-010
537	101.25	2.8223	66.44	-1.2098e-009
538	101.25	8.4467	65.961	-1.3139e-009
539	101.25	14.01	65.007	-1.2992e-009
540	101.25	19.473	63.585	-1.1597e-009
541	101.25	24.795	61.705	-8.9915e-010
542	101.25	29.939	59.38	-5.3203e-010
543	101.25	34.866	56.627	-8.5666e-011
544	101.25	39.543	53.466	3.9969e-010
545	101.25	43.935	49.92	8.7301e-010
546	101.25	48.01	46.014	1.2773e-009
547	101.25	51.739	41.777	1.5569e-009
548	101.25	55.096	37.238	1.666e-009
549	101.25	58.055	32.432	1.5769e-009
550	101.25	60.597	27.391	1.2871e-009
551	101.25	62.701	22.154	8.2203e-010
552	101.25	64.354	16.757	2.3445e-010
553	101.25	65.543	11.239	-4.0263e-010
554	101.25	66.26	5.6396	-1.0035e-009
555	101.25	66.5	-1.9429e-013	-1.4885e-009
556	101.25	66.26	-5.6396	-1.7791e-009
557	101.25	65.543	-11.239	-1.8468e-009
558	101.25	64.354	-16.757	-1.6797e-009
559	101.25	62.701	-22.154	-1.3002e-009
560	101.25	60.597	-27.391	-7.5975e-010
561	101.25	58.055	-32.432	-1.3054e-010
562	101.25	55.096	-37.238	5.0544e-010
563	101.25	51.739	-41.777	1.0684e-009
564	101.25	48.01	-46.014	1.4915e-009
565	101.25	43.935	-49.92	1.7293e-009
566	101.25	39.543	-53.466	1.7616e-009
567	101.25	34.866	-56.627	1.5943e-009
568	101.25	29.939	-59.38	1.2561e-009
569	101.25	24.795	-61.705	7.9239e-010
570	101.25	19.473	-63.585	2.5869e-010
571	101.25	14.01	-65.007	-2.8655e-010
572	101.25	8.4467	-65.961	-7.8822e-010
573	101.25	2.8223	-66.44	-1.1972e-009
574	101.25	-2.8223	-66.44	-1.4787e-009
575	101.25	-8.4467	-65.961	-1.6057e-009
576	101.25	-14.01	-65.007	-1.5713e-009
577	101.25	-19.473	-63.585	-1.378e-009
578	101.25	-24.795	-61.705	-1.0431e-009
579	101.25	-29.939	-59.38	-5.9833e-010
580	101.25	-34.866	-56.627	-8.6446e-011
581	101.25	-39.543	-53.466	4.4206e-010
582	101.25	-43.935	-49.92	9.2395e-010
583	101.25	-48.01	-46.014	1.3037e-009
584	101.25	-51.739	-41.777	1.5327e-009
585	101.25	-55.096	-37.238	1.5784e-009
586	101.25	-58.055	-32.432	1.43e-009
587	101.25	-60.597	-27.391	1.1015e-009
588	101.25	-62.701	-22.154	6.3172e-010
589	101.25	-64.354	-16.757	7.9666e-011
590	101.25	-65.543	-11.239	-4.8264e-010
591	101.25	-66.26	-5.6396	-9.805e-010
592	118.13	-66.26	5.6396	-1.5694e-009
593	118.13	-65.543	11.239	-1.489e-009
594	118.13	-64.354	16.757	-1.2348e-009
595	118.13	-62.701	22.154	-8.4445e-010
596	118.13	-60.597	27.391	-3.7302e-010
597	118.13	-58.055	32.432	1.1655e-010
598	118.13	-55.096	37.238	5.6328e-010
599	118.13	-51.739	41.777	9.172e-010
600	118.13	-48.01	46.014	1.1456e-009
601	118.13	-43.935	49.92	1.2359e-009
602	118.13	-39.543	53.466	1.1942e-009
603	118.13	-34.866	56.627	1.0416e-009
604	118.13	-29.939	59.38	8.0754e-010
605	118.13	-24.795	61.705	5.241e-010
606	118.13	-19.473	63.585	2.2044e-010
607	118.13	-14.01	65.007	-7.9947e-011
608	118.13	-8.4467	65.961	-3.5938e-010
609	118.13	-2.8223	66.44	-6.0528e-010
610	118.13	2.8223	66.44	-8.0427e-010
611	118.13	8.4467	65.961	-9.4268e-010
612	118.13	14.01	65.007	-1.0082e-009
613	118.13	19.473	63.585	-9.8589e-010
614	118.13	24.795	61.705	-8.6488e-010
615	118.13	29.939	59.38	-6.4195e-010
616	118.13	34.866	56.627	-3.2622e-010
617	118.13	39.543	53.466	5.8018e-011
618	118.13	43.935	49.92	4.712e-010
619	118.13	48.01	46.014	8.6194e-010
620	118.13	51.739	41.777	1.1738e-009
621	118.13	55.096	37.238	1.3546e-009
622	118.13	58.055	32.432	1.366e-009
623	118.13	60.597	27.391	1.1928e-009
624	118.13	62.701	22.154	8.4703e-010
625	118.13	64.354	16.757	3.6965e-010
626	118.13	65.543	11.239	-1.7532e-010
627	118.13	66.26	5.6396	-7.0871e-010
628	118.13	66.5	-1.9429e-013	-1.1529e-009
629	118.13	66.26	-5.6396	-1.4317e-009
630	118.13	65.543	-11.239	-1.5143e-009
631	118.13	64.354	-16.757	-1.3872e-009
632	118.13	62.701	-22.154	-1.0703e-009
633	118.13	60.597	-27.391	-6.1216e-010
634	118.13	58.055	-32.432	-8.1155e-011
635	118.13	55.096	-37.238	4.4595e-010
636	118.13	51.739	-41.777	8.9618e-010
637	118.13	48.01	-46.014	1.2113e-009
638	118.13	43.935	-49.92	1.3555e-009
639	118.13	39.543	-53.466	1.3188e-009
640	118.13	34.866	-56.627	1.1165e-009
641	118.13	29.939	-59.38	7.84e-010
642	118.13	24.795	-61.705	3.6989e-010
643	118.13	19.473	-63.585	-7.1933e-011
644	118.13	14.01	-65.007	-4.895e-010
645	118.13	8.4467	-65.961	-8.391e-010
646	118.13	2.8223	-66.44	-1.0852e-009
647	118.13	-2.8223	-66.44	-1.2131e-009
648	118.13	-8.4467	-65.961	-1.2089e-009
649	118.13	-14.01	-65.007	-1.0792e-009
650	118.13	-19.473	-63.585	-8.3512e-010
651	118.13	-24.795	-61.705	-4.9858e-010
652	118.13	-29.939	-59.38	-9.9856e-011
653	118.13	-34.866	-56.627	3.244e-010
654	118.13	-39.543	-53.466	7.336e-010
655	118.13	-43.935	-49.92	1.078e-009
656	118.13	-48.01	-46.014	1.3163e-009
657	118.13	-51.739	-41.777	1.4137e-009
658	118.13	-55.096	-37.238	1.3495e-009
659	118.13	-58.055	-32.432	1.1219e-009
660	118.13	-60.597	-27.391	7.5015e-010
661	118.13	-62.701	-22.154	2.741e-010
662	118.13	-64.354	-16.757	-2.4976e-010
663	118.13	-65.543	-11.239	-7.5574e-010
664	118.13	-66.26	-5.6396	-1.1782e-009
665	135.	-66.26	5.6396	-1.744e-009
666	16.875	-66.5	-8.1439e-015	-1.6747e-010
667	33.75	-66.5	-8.1439e-015	-4.5707e-010
668	50.625	-66.5	-8.1439e-015	-7.6155e-010
669	67.5	-66.5	-8.1439e-015	-1.022e-009
670	84.375	-66.5	-8.1439e-015	-1.2141e-009
671	101.25	-66.5	-8.1439e-015	-1.3475e-009
672	118.13	-66.5	-8.1439e-015	-1.4617e-009
673	135.	-66.5	-8.1439e-015	-1.6983e-009
674	135.	-66.26	-5.6396	-1.4625e-009
675	135.	-65.543	-11.239	-1.0671e-009
676	135.	-64.354	-16.757	-5.6367e-010
677	135.	-62.701	-22.154	-1.6467e-011
678	135.	-60.597	-27.391	5.0788e-010
679	135.	-58.055	-32.432	9.5014e-010
680	135.	-55.096	-37.238	1.2661e-009
681	135.	-51.739	-41.777	1.4308e-009
682	135.	-48.01	-46.014	1.4396e-009
683	135.	-43.935	-49.92	1.3051e-009
684	135.	-39.543	-53.466	1.0536e-009
685	135.	-34.866	-56.627	7.1755e-010
686	135.	-29.939	-59.38	3.3841e-010
687	135.	-24.795	-61.705	-4.971e-011
688	135.	-19.473	-63.585	-4.1332e-010
689	135.	-14.01	-65.007	-7.2147e-010
690	135.	-8.4467	-65.961	-9.4746e-010
691	135.	-2.8223	-66.44	-1.07e-009
692	135.	2.8223	-66.44	-1.0718e-009
693	135.	8.4467	-65.961	-9.559e-010
694	135.	14.01	-65.007	-7.1838e-010
695	135.	19.473	-63.585	-3.8365e-010
696	135.	24.795	-61.705	1.1977e-011
697	135.	29.939	-59.38	4.1822e-010
698	135.	34.866	-56.627	7.7761e-010
699	135.	39.543	-53.466	1.0336e-009
700	135.	43.935	-49.92	1.1402e-009
701	135.	48.01	-46.014	1.0714e-009
702	135.	51.739	-41.777	8.2797e-010
703	135.	55.096	-37.238	4.3948e-010
704	135.	58.055	-32.432	-3.8236e-011
705	135.	60.597	-27.391	-5.3127e-010
706	135.	62.701	-22.154	-9.5968e-010
707	135.	64.354	-16.757	-1.2515e-009
708	135.	65.543	-11.239	-1.3556e-009
709	135.	66.26	-5.6396	-1.2518e-009
710	135.	66.5	-1.9429e-013	-9.5629e-010
711	135.	66.26	5.6396	-5.0477e-010
712	135.	65.543	11.239	1.995e-011
713	135.	64.354	16.757	5.3366e-010
714	135.	62.701	22.154	9.5529e-010
715	135.	60.597	27.391	1.2226e-009
716	135.	58.055	32.432	1.302e-009
717	135.	55.096	37.238	1.1927e-009
718	135.	51.739	41.777	9.2458e-010
719	135.	48.01	46.014	5.5035e-010
720	135.	43.935	49.92	1.3397e-010
721	135.	39.543	53.466	-2.6162e-010
722	135.	34.866	56.627	-5.8538e-010
723	135.	29.939	59.38	-8.0523e-010
724	135.	24.795	61.705	-9.1035e-010
725	135.	19.473	63.585	-9.0883e-010
726	135.	14.01	65.007	-8.2167e-010
727	135.	8.4467	65.961	-6.7505e-010
728	135.	2.8223	66.44	-4.9393e-010
729	135.	-2.8223	66.44	-2.9401e-010
730	135.	-8.4467	65.961	-8.5876e-011
731	135.	-14.01	65.007	1.2764e-010
732	135.	-19.473	63.585	3.4937e-010
733	135.	-24.795	61.705	5.7695e-010
734	135.	-29.939	59.38	8.0009e-010
735	135.	-34.866	56.627	9.9793e-010
736	135.	-39.543	53.466	1.141e-009
737	135.	-43.935	49.92	1.1961e-009
738	135.	-48.01	46.014	1.1343e-009
739	135.	-51.739	41.777	9.3837e-010
740	135.	-55.096	37.238	6.1005e-010
741	135.	-58.055	32.432	1.7297e-010
742	135.	-60.597	27.391	-3.2825e-010
743	135.	-62.701	22.154	-8.3357e-010
744	135.	-64.354	16.757	-1.2766e-009
745	135.	-65.543	11.239	-1.5956e-009
1554	0.	-66.44	-2.8223	0.
1555	0.	-66.44	2.8223	0.
1556	8.4375	-66.5	-8.1439e-015	-5.5862e-011
1557	0.	-65.961	-8.4467	0.
1558	8.4375	-66.26	-5.6396	-1.9508e-011
1559	0.	-65.007	-14.01	0.
1560	8.4375	-65.543	-11.239	2.3086e-011
1561	0.	-63.585	-19.473	0.
1562	8.4375	-64.354	-16.757	6.5933e-011
1563	0.	-61.705	-24.795	0.
1564	8.4375	-62.701	-22.154	1.0291e-010
1565	0.	-59.38	-29.939	0.
1566	8.4375	-60.597	-27.391	1.286e-010
1567	0.	-56.627	-34.866	0.
1568	8.4375	-58.055	-32.432	1.3909e-010
1569	0.	-53.466	-39.543	0.
1570	8.4375	-55.096	-37.238	1.3244e-010
1571	0.	-49.92	-43.935	0.
1572	8.4375	-51.739	-41.777	1.0893e-010
1573	0.	-46.014	-48.01	0.
1574	8.4375	-48.01	-46.014	7.0976e-011
1575	0.	-41.777	-51.739	0.
1576	8.4375	-43.935	-49.92	2.2762e-011
1577	0.	-37.238	-55.096	0.
1578	8.4375	-39.543	-53.466	-3.0139e-011
1579	0.	-32.432	-58.055	0.
1580	8.4375	-34.866	-56.627	-8.1455e-011
1581	0.	-27.391	-60.597	0.
1582	8.4375	-29.939	-59.38	-1.2657e-010
1583	0.	-22.154	-62.701	0.
1584	8.4375	-24.795	-61.705	-1.6126e-010
1585	0.	-16.757	-64.354	0.
1586	8.4375	-19.473	-63.585	-1.8032e-010
1587	0.	-11.239	-65.543	0.
1588	8.4375	-14.01	-65.007	-1.8135e-010
1589	0.	-5.6396	-66.26	0.
1590	8.4375	-8.4467	-65.961	-1.6414e-010
1591	0.	4.072e-015	-66.5	0.
1592	8.4375	-2.8223	-66.44	-1.3189e-010
1593	0.	5.6396	-66.26	0.
1594	8.4375	2.8223	-66.44	-9.0963e-011
1595	0.	11.239	-65.543	0.
1596	8.4375	8.4467	-65.961	-3.8837e-011
1597	0.	16.757	-64.354	0.
1598	8.4375	14.01	-65.007	1.7361e-011
1599	0.	22.154	-62.701	0.
1600	8.4375	19.473	-63.585	7.1901e-011
1601	0.	27.391	-60.597	0.
1602	8.4375	24.795	-61.705	1.1957e-010
1603	0.	32.432	-58.055	0.
1604	8.4375	29.939	-59.38	1.5597e-010
1605	0.	37.238	-55.096	0.
1606	8.4375	34.866	-56.627	1.7761e-010
1607	0.	41.777	-51.739	0.
1608	8.4375	39.543	-53.466	1.823e-010
1609	0.	46.014	-48.01	0.
1610	8.4375	43.935	-49.92	1.6941e-010
1611	0.	49.92	-43.935	0.
1612	8.4375	48.01	-46.014	1.3997e-010
1613	0.	53.466	-39.543	0.
1614	8.4375	51.739	-41.777	9.6757e-011
1615	0.	56.627	-34.866	0.
1616	8.4375	55.096	-37.238	4.4039e-011
1617	0.	59.38	-29.939	0.
1618	8.4375	58.055	-32.432	-1.2781e-011
1619	0.	61.705	-24.795	0.
1620	8.4375	60.597	-27.391	-6.7715e-011
1621	0.	63.585	-19.473	0.
1622	8.4375	62.701	-22.154	-1.1482e-010
1623	0.	65.007	-14.01	0.
1624	8.4375	64.354	-16.757	-1.4886e-010
1625	0.	65.961	-8.4467	0.
1626	8.4375	65.543	-11.239	-1.6572e-010
1627	0.	66.44	-2.8223	0.
1628	8.4375	66.26	-5.6396	-1.6339e-010
1629	0.	66.44	2.8223	0.
1630	8.4375	66.5	-1.9429e-013	-1.463e-010
1631	0.	65.961	8.4467	0.
1632	8.4375	66.26	5.6396	-1.123e-010
1633	0.	65.007	14.01	0.
1634	8.4375	65.543	11.239	-6.464e-011
1635	0.	63.585	19.473	0.
1636	8.4375	64.354	16.757	-1.0013e-011
1637	0.	61.705	24.795	0.
1638	8.4375	62.701	22.154	4.4382e-011
1639	0.	59.38	29.939	0.
1640	8.4375	60.597	27.391	9.2663e-011
1641	0.	56.627	34.866	0.
1642	8.4375	58.055	32.432	1.2987e-010
1643	0.	53.466	39.543	0.
1644	8.4375	55.096	37.238	1.524e-010
1645	0.	49.92	43.935	0.
1646	8.4375	51.739	41.777	1.5828e-010
1647	0.	46.014	48.01	0.
1648	8.4375	48.01	46.014	1.4731e-010
1649	0.	41.777	51.739	0.
1650	8.4375	43.935	49.92	1.2107e-010
1651	0.	37.238	55.096	0.
1652	8.4375	39.543	53.466	8.2681e-011
1653	0.	32.432	58.055	0.
1654	8.4375	34.866	56.627	3.642e-011
1655	0.	27.391	60.597	0.
1656	8.4375	29.939	59.38	-1.2724e-011
1657	0.	22.154	62.701	0.
1658	8.4375	24.795	61.705	-5.9564e-011
1659	0.	16.757	64.354	0.
1660	8.4375	19.473	63.585	-9.9148e-011
1661	0.	11.239	65.543	0.
1662	8.4375	14.01	65.007	-1.272e-010
1663	0.	5.6396	66.26	0.
1664	8.4375	8.4467	65.961	-1.4021e-010
1665	0.	3.7322e-013	66.5	0.
1666	8.4375	2.8223	66.44	-1.3922e-010
1667	0.	-5.6396	66.26	0.
1668	8.4375	-2.8223	66.44	-1.2989e-010
1669	0.	-11.239	65.543	0.
1670	8.4375	-8.4467	65.961	-1.0312e-010
1671	0.	-16.757	64.354	0.
1672	8.4375	-14.01	65.007	-6.5471e-011
1673	0.	-22.154	62.701	0.
1674	8.4375	-19.473	63.585	-2.2397e-011
1675	0.	-27.391	60.597	0.
1676	8.4375	-24.795	61.705	2.1012e-011
1677	0.	-32.432	58.055	0.
1678	8.4375	-29.939	59.38	5.9853e-011
1679	0.	-37.238	55.096	0.
1680	8.4375	-34.866	56.627	8.9727e-011
1681	0.	-41.777	51.739	0.
1682	8.4375	-39.543	53.466	1.0719e-010
1683	0.	-46.014	48.01	0.
1684	8.4375	-43.935	49.92	1.1025e-010
1685	0.	-49.92	43.935	0.
1686	8.4375	-48.01	46.014	9.8666e-011
1687	0.	-53.466	39.543	0.
1688	8.4375	-51.739	41.777	7.4145e-011
1689	0.	-56.627	34.866	0.
1690	8.4375	-55.096	37.238	4.0165e-011
1691	0.	-59.38	29.939	0.
1692	8.4375	-58.055	32.432	1.5917e-012
1693	0.	-61.705	24.795	0.
1694	8.4375	-60.597	27.391	-3.5963e-011
1695	0.	-63.585	19.473	0.
1696	8.4375	-62.701	22.154	-6.6916e-011
1697	0.	-65.007	14.01	0.
1698	8.4375	-64.354	16.757	-8.6521e-011
1699	0.	-65.961	8.4467	0.
1700	8.4375	-66.26	5.6396	-8.0986e-011
1701	8.4375	-65.543	11.239	-9.1587e-011
1702	16.875	-65.961	8.4467	-2.6277e-010
1703	25.313	-66.26	5.6396	-4.36e-010
1704	16.875	-66.44	2.8223	-2.0921e-010
1706	16.875	-65.007	14.01	-2.7046e-010
1707	25.313	-65.543	11.239	-4.8931e-010
1709	16.875	-63.585	19.473	-2.3234e-010
1710	25.313	-64.354	16.757	-4.6018e-010
1712	16.875	-61.705	24.795	-1.5506e-010
1713	25.313	-62.701	22.154	-3.5476e-010
1715	16.875	-59.38	29.939	-5.0769e-011
1716	25.313	-60.597	27.391	-1.8997e-010
1718	16.875	-56.627	34.866	6.4805e-011
1719	25.313	-58.055	32.432	9.1909e-012
1721	16.875	-53.466	39.543	1.7464e-010
1722	25.313	-55.096	37.238	2.1336e-010
1724	16.875	-49.92	43.935	2.6285e-010
1725	25.313	-51.739	41.777	3.9305e-010
1727	16.875	-46.014	48.01	3.1685e-010
1728	25.313	-48.01	46.014	5.2272e-010
1730	16.875	-41.777	51.739	3.2889e-010
1731	25.313	-43.935	49.92	5.8405e-010
1733	16.875	-37.238	55.096	2.9691e-010
1734	25.313	-39.543	53.466	5.6815e-010
1736	16.875	-32.432	58.055	2.2454e-010
1737	25.313	-34.866	56.627	4.7631e-010
1739	16.875	-27.391	60.597	1.2038e-010
1740	25.313	-29.939	59.38	3.1938e-010
1742	16.875	-22.154	62.701	-3.3096e-012
1743	25.313	-24.795	61.705	1.1598e-010
1745	16.875	-16.757	64.354	-1.3208e-010
1746	25.313	-19.473	63.585	-1.101e-010
1748	16.875	-11.239	65.543	-2.5094e-010
1749	25.313	-14.01	65.007	-3.3299e-010
1751	16.875	-5.6396	66.26	-3.4592e-010
1752	25.313	-8.4467	65.961	-5.2787e-010
1754	16.875	3.4369e-013	66.5	-4.0846e-010
1755	25.313	-2.8223	66.44	-6.7353e-010
1757	16.875	5.6396	66.26	-4.312e-010
1758	25.313	2.8223	66.44	-7.5135e-010
1760	16.875	11.239	65.543	-4.0872e-010
1761	25.313	8.4467	65.961	-7.5259e-010
1763	16.875	16.757	64.354	-3.433e-010
1764	25.313	14.01	65.007	-6.7446e-010
1766	16.875	22.154	62.701	-2.4032e-010
1767	25.313	19.473	63.585	-5.2515e-010
1769	16.875	27.391	60.597	-1.0979e-010
1770	25.313	24.795	61.705	-3.1831e-010
1772	16.875	32.432	58.055	3.4977e-011
1773	25.313	29.939	59.38	-7.405e-011
1775	16.875	37.238	55.096	1.7892e-010
1776	25.313	34.866	56.627	1.8303e-010
1778	16.875	41.777	51.739	3.0671e-010
1779	25.313	39.543	53.466	4.2619e-010
1781	16.875	46.014	48.01	4.0426e-010
1782	25.313	43.935	49.92	6.2922e-010
1784	16.875	49.92	43.935	4.6029e-010
1785	25.313	48.01	46.014	7.6925e-010
1787	16.875	53.466	39.543	4.6764e-010
1788	25.313	51.739	41.777	8.2934e-010
1790	16.875	56.627	34.866	4.2428e-010
1791	25.313	55.096	37.238	8.007e-010
1793	16.875	59.38	29.939	3.3371e-010
1794	25.313	58.055	32.432	6.8409e-010
1796	16.875	61.705	24.795	2.0487e-010
1797	25.313	60.597	27.391	4.902e-010
1799	16.875	63.585	19.473	5.1282e-011
1800	25.313	62.701	22.154	2.388e-010
1802	16.875	65.007	14.01	-1.1004e-010
1803	25.313	64.354	16.757	-4.3118e-011
1805	16.875	65.961	8.4467	-2.6078e-010
1806	25.313	65.543	11.239	-3.2504e-010
1808	16.875	66.44	2.8223	-3.8341e-010
1809	25.313	66.26	5.6396	-5.7496e-010
1811	16.875	66.44	-2.8223	-4.6712e-010
1812	25.313	66.5	-1.9429e-013	-7.6596e-010
1813	16.875	65.961	-8.4467	-4.9968e-010
1814	25.313	66.26	-5.6396	-8.6738e-010
1816	16.875	65.007	-14.01	-4.751e-010
1817	25.313	65.543	-11.239	-8.7322e-010
1819	16.875	63.585	-19.473	-3.9708e-010
1820	25.313	64.354	-16.757	-7.8172e-010
1822	16.875	61.705	-24.795	-2.7408e-010
1823	25.313	62.701	-22.154	-6.0258e-010
1825	16.875	59.38	-29.939	-1.1973e-010
1826	25.313	60.597	-27.391	-3.5528e-010
1828	16.875	56.627	-34.866	4.9133e-011
1829	25.313	58.055	-32.432	-6.6806e-011
1831	16.875	53.466	-39.543	2.1442e-010
1832	25.313	55.096	-37.238	2.3173e-010
1834	16.875	49.92	-43.935	3.5885e-010
1835	25.313	51.739	-41.777	5.0869e-010
1837	16.875	46.014	-48.01	4.6777e-010
1838	25.313	48.01	-46.014	7.3545e-010
1840	16.875	41.777	-51.739	5.3055e-010
1841	25.313	43.935	-49.92	8.8932e-010
1843	16.875	37.238	-55.096	5.4152e-010
1844	25.313	39.543	-53.466	9.5566e-010
1846	16.875	32.432	-58.055	5.0026e-010
1847	25.313	34.866	-56.627	9.2894e-010
1849	16.875	27.391	-60.597	4.1136e-010
1850	25.313	29.939	-59.38	8.129e-010
1852	16.875	22.154	-62.701	2.8378e-010
1853	25.313	24.795	-61.705	6.1967e-010
1855	16.875	16.757	-64.354	1.2995e-010
1856	25.313	19.473	-63.585	3.6837e-010
1858	16.875	11.239	-65.543	-3.5423e-011
1859	25.313	14.01	-65.007	8.2823e-011
1861	16.875	5.6396	-66.26	-1.9634e-010
1862	25.312	8.4467	-65.961	-2.1025e-010
1864	16.875	1.8838e-014	-66.5	-3.3989e-010
1865	25.313	2.8223	-66.44	-4.8511e-010
1867	16.875	-5.6396	-66.26	-4.5303e-010
1868	25.313	-2.8223	-66.44	-7.131e-010
1870	16.875	-11.239	-65.543	-5.2404e-010
1871	25.313	-8.4467	-65.961	-8.7318e-010
1873	16.875	-16.757	-64.354	-5.4516e-010
1874	25.313	-14.01	-65.007	-9.5038e-010
1876	16.875	-22.154	-62.701	-5.1376e-010
1877	25.312	-19.473	-63.585	-9.3781e-010
1879	16.875	-27.391	-60.597	-4.3322e-010
1880	25.312	-24.795	-61.705	-8.367e-010
1882	16.875	-32.432	-58.055	-3.1358e-010
1883	25.313	-29.939	-59.38	-6.5765e-010
1885	16.875	-37.238	-55.096	-1.6778e-010
1886	25.313	-34.866	-56.627	-4.1852e-010
1888	16.875	-41.777	-51.739	-1.0212e-011
1889	25.313	-39.543	-53.466	-1.4412e-010
1891	16.875	-46.014	-48.01	1.421e-010
1892	25.312	-43.935	-49.92	1.3318e-010
1894	16.875	-49.92	-43.935	2.7194e-010
1895	25.312	-48.01	-46.014	3.8353e-010
1897	16.875	-53.466	-39.543	3.6462e-010
1898	25.313	-51.739	-41.777	5.79e-010
1900	16.875	-56.627	-34.866	4.0997e-010
1901	25.313	-55.096	-37.238	6.9804e-010
1903	16.875	-59.38	-29.939	4.0385e-010
1904	25.312	-58.055	-32.432	7.2836e-010
1906	16.875	-61.705	-24.795	3.4874e-010
1907	25.313	-60.597	-27.391	6.6894e-010
1909	16.875	-63.585	-19.473	2.5354e-010
1910	25.313	-62.701	-22.154	5.3041e-010
1912	16.875	-65.007	-14.01	1.3245e-010
1913	25.313	-64.354	-16.757	3.3376e-010
1915	16.875	-65.961	-8.4467	2.9917e-012
1916	25.313	-65.543	-11.239	1.0752e-010
1918	25.313	-66.26	-5.6396	-1.1614e-010
1919	16.875	-66.44	-2.8223	-1.1644e-010
1921	33.75	-65.961	8.4467	-6.9118e-010
1922	42.188	-66.26	5.6396	-8.4053e-010
1923	33.75	-66.44	2.8223	-5.6128e-010
1925	33.75	-65.007	14.01	-7.051e-010
1926	42.188	-65.543	11.239	-9.276e-010
1928	33.75	-63.585	19.473	-6.0377e-010
1929	42.188	-64.354	16.757	-8.6496e-010
1931	33.75	-61.705	24.795	-4.0424e-010
1932	42.188	-62.701	22.154	-6.6482e-010
1934	33.75	-59.38	29.939	-1.3711e-010
1935	42.188	-60.597	27.391	-3.5849e-010
1937	33.75	-56.627	34.866	1.5816e-010
1938	42.188	-58.055	32.432	8.501e-012
1940	33.75	-53.466	39.543	4.3897e-010
1941	42.188	-55.096	37.238	3.8315e-010
1943	33.75	-49.92	43.935	6.6554e-010
1944	42.188	-51.739	41.777	7.1256e-010
1946	33.75	-46.014	48.01	8.0624e-010
1947	42.188	-48.01	46.014	9.5112e-010
1949	33.75	-41.777	51.739	8.4146e-010
1950	42.188	-43.935	49.92	1.0663e-009
1952	33.75	-37.238	55.096	7.6571e-010
1953	42.188	-39.543	53.466	1.0425e-009
1955	33.75	-32.432	58.055	5.8767e-010
1956	42.188	-34.866	56.627	8.82e-010
1958	33.75	-27.391	60.597	3.285e-010
1959	42.188	-29.939	59.38	6.0412e-010
1961	33.75	-22.154	62.701	1.8701e-011
1962	42.188	-24.795	61.705	2.419e-010
1964	33.75	-16.757	64.354	-3.0593e-010
1965	42.188	-19.473	63.585	-1.624e-010
1967	33.75	-11.239	65.543	-6.0832e-010
1968	42.188	-14.01	65.007	-5.6242e-010
1970	33.75	-5.6396	66.26	-8.5406e-010
1971	42.188	-8.4467	65.961	-9.1317e-010
1973	33.75	3.4369e-013	66.5	-1.016e-009
1974	42.188	-2.8223	66.44	-1.1756e-009
1976	33.75	5.6396	66.26	-1.074e-009
1977	42.188	2.8223	66.44	-1.3183e-009
1979	33.75	11.239	65.543	-1.022e-009
1980	42.188	8.4467	65.961	-1.3274e-009
1982	33.75	16.757	64.354	-8.6357e-010
1983	42.188	14.01	65.007	-1.1997e-009
1985	33.75	22.154	62.701	-6.1224e-010
1986	42.188	19.473	63.585	-9.4582e-010
1988	33.75	27.391	60.597	-2.9205e-010
1989	42.188	24.795	61.705	-5.8848e-010
1991	33.75	32.432	58.055	6.5584e-011
1992	42.188	29.939	59.38	-1.6178e-010
1994	33.75	37.238	55.096	4.2436e-010
1995	42.188	34.866	56.627	2.9202e-010
1997	33.75	41.777	51.739	7.465e-010
1998	42.188	39.543	53.466	7.2627e-010
2000	33.75	46.014	48.01	9.9658e-010
2001	42.188	43.935	49.92	1.0944e-009
2003	33.75	49.92	43.935	1.1454e-009
2004	42.188	48.01	46.014	1.3545e-009
2006	33.75	53.466	39.543	1.1735e-009
2007	42.188	51.739	41.777	1.4748e-009
2009	33.75	56.627	34.866	1.0742e-009
2010	42.188	55.096	37.238	1.437e-009
2012	33.75	59.38	29.939	8.5442e-010
2013	42.188	58.055	32.432	1.24e-009
2015	33.75	61.705	24.795	5.3557e-010
2016	42.188	60.597	27.391	9.0084e-010
2018	33.75	63.585	19.473	1.5088e-010
2019	42.188	62.701	22.154	4.5366e-010
2021	33.75	65.007	14.01	-2.571e-010
2022	42.188	64.354	16.757	-5.3003e-011
2024	33.75	65.961	8.4467	-6.4268e-010
2025	42.188	65.543	11.239	-5.6276e-010
2027	33.75	66.44	2.8223	-9.5844e-010
2028	42.188	66.26	5.6396	-1.0154e-009
2030	33.75	66.44	-2.8223	-1.1699e-009
2031	42.188	66.5	-1.9429e-013	-1.3606e-009
2032	33.75	65.961	-8.4467	-1.2514e-009
2033	42.188	66.26	-5.6396	-1.5474e-009
2035	33.75	65.007	-14.01	-1.1923e-009
2036	42.188	65.543	-11.239	-1.5636e-009
2038	33.75	63.585	-19.473	-9.9908e-010
2039	42.188	64.354	-16.757	-1.4043e-009
2041	33.75	61.705	-24.795	-6.9305e-010
2042	42.188	62.701	-22.154	-1.0863e-009
2044	33.75	59.38	-29.939	-3.0796e-010
2045	42.188	60.597	-27.391	-6.4488e-010
2047	33.75	56.627	-34.866	1.1418e-010
2048	42.188	58.055	-32.432	-1.2905e-010
2050	33.75	53.466	-39.543	5.2802e-010
2051	42.188	55.096	-37.238	4.0484e-010
2053	33.75	49.92	-43.935	8.9003e-010
2054	42.188	51.739	-41.777	8.9954e-010
2056	33.75	46.014	-48.01	1.1632e-009
2057	42.188	48.01	-46.014	1.3034e-009
2059	33.75	41.777	-51.739	1.3207e-009
2060	42.188	43.935	-49.92	1.5758e-009
2062	33.75	37.238	-55.096	1.3481e-009
2063	42.188	39.543	-53.466	1.6906e-009
2065	33.75	32.432	-58.055	1.2443e-009
2066	42.188	34.866	-56.627	1.6386e-009
2068	33.75	27.391	-60.597	1.0209e-009
2069	42.188	29.939	-59.38	1.4272e-009
2071	33.75	22.154	-62.701	7.0049e-010
2072	42.188	24.795	-61.705	1.0788e-009
2074	33.75	16.757	-64.354	3.1425e-010
2075	42.188	19.473	-63.585	6.2838e-010
2077	33.75	11.239	-65.543	-1.0122e-010
2078	42.188	14.01	-65.007	1.1953e-010
2080	33.75	5.6396	-66.26	-5.0607e-010
2081	42.188	8.4467	-65.961	-3.9888e-010
2083	33.75	1.8838e-014	-66.5	-8.6448e-010
2084	42.188	2.8223	-66.44	-8.7959e-010
2086	33.75	-5.6396	-66.26	-1.1358e-009
2087	42.188	-2.8223	-66.44	-1.272e-009
2089	33.75	-11.239	-65.543	-1.2999e-009
2090	42.188	-8.4467	-65.961	-1.5408e-009
2092	33.75	-16.757	-64.354	-1.3412e-009
2093	42.188	-14.01	-65.007	-1.6631e-009
2095	33.75	-22.154	-62.701	-1.2552e-009
2096	42.188	-19.473	-63.585	-1.6269e-009
2098	33.75	-27.391	-60.597	-1.0504e-009
2099	42.188	-24.795	-61.705	-1.4356e-009
2101	33.75	-32.432	-58.055	-7.4842e-010
2102	42.188	-29.939	-59.38	-1.1081e-009
2104	33.75	-37.238	-55.096	-3.782e-010
2105	42.188	-34.866	-56.627	-6.7839e-010
2107	33.75	-41.777	-51.739	1.7381e-011
2108	42.188	-39.543	-53.466	-1.8973e-010
2110	33.75	-46.014	-48.01	3.9457e-010
2111	42.187	-43.935	-49.92	2.9972e-010
2113	33.75	-49.92	-43.935	7.11e-010
2114	42.188	-48.01	-46.014	7.3641e-010
2116	33.75	-53.466	-39.543	9.3125e-010
2117	42.188	-51.739	-41.777	1.0707e-009
2119	33.75	-56.627	-34.866	1.0315e-009
2120	42.188	-55.096	-37.238	1.2652e-009
2122	33.75	-59.38	-29.939	1.0028e-009
2123	42.187	-58.055	-32.432	1.2998e-009
2125	33.75	-61.705	-24.795	8.5278e-010
2126	42.187	-60.597	-27.391	1.1743e-009
2128	33.75	-63.585	-19.473	6.0485e-010
2129	42.188	-62.701	-22.154	9.0942e-010
2131	33.75	-65.007	-14.01	2.9517e-010
2132	42.188	-64.354	-16.757	5.4409e-010
2134	33.75	-65.961	-8.4467	-3.2183e-011
2135	42.188	-65.543	-11.239	1.303e-010
2137	42.188	-66.26	-5.6396	-2.7395e-010
2138	33.75	-66.44	-2.8223	-3.3138e-010
2140	50.625	-65.961	8.4467	-1.0914e-009
2141	59.063	-66.26	5.6396	-1.1808e-009
2142	50.625	-66.44	2.8223	-9.1124e-010
2144	50.625	-65.007	14.01	-1.0971e-009
2145	59.063	-65.543	11.239	-1.2745e-009
2147	50.625	-63.585	19.473	-9.3146e-010
2148	59.063	-64.354	16.757	-1.1721e-009
2150	50.625	-61.705	24.795	-6.2141e-010
2151	59.063	-62.701	22.154	-8.922e-010
2153	50.625	-59.38	29.939	-2.136e-010
2154	59.063	-60.597	27.391	-4.776e-010
2156	50.625	-56.627	34.866	2.3284e-010
2157	59.063	-58.055	32.432	1.1151e-011
2159	50.625	-53.466	39.543	6.5486e-010
2160	59.063	-55.096	37.238	5.0488e-010
2162	50.625	-49.92	43.935	9.9429e-010
2163	59.063	-51.739	41.777	9.3565e-010
2165	50.625	-46.014	48.01	1.2055e-009
2166	59.063	-48.01	46.014	1.2459e-009
2168	50.625	-41.777	51.739	1.2607e-009
2169	59.063	-43.935	49.92	1.3957e-009
2171	50.625	-37.238	55.096	1.1529e-009
2172	59.063	-39.543	53.466	1.3668e-009
2174	50.625	-32.432	58.055	8.9565e-010
2175	59.063	-34.866	56.627	1.164e-009
2177	50.625	-27.391	60.597	5.201e-010
2178	59.063	-29.939	59.38	8.1307e-010
2180	50.625	-22.154	62.701	7.0579e-011
2181	59.063	-24.795	61.705	3.5618e-010
2183	50.625	-16.757	64.354	-4.0128e-010
2184	59.063	-19.473	63.585	-1.5364e-010
2186	50.625	-11.239	65.543	-8.4242e-010
2187	59.063	-14.01	65.007	-6.5909e-010
2189	50.625	-5.6396	66.26	-1.2039e-009
2190	59.063	-8.4467	65.961	-1.1048e-009
2192	50.625	3.4369e-013	66.5	-1.4457e-009
2193	59.063	-2.8223	66.44	-1.4426e-009
2195	50.625	5.6396	66.26	-1.5404e-009
2196	59.063	2.8223	66.44	-1.6349e-009
2198	50.625	11.239	65.543	-1.4787e-009
2199	59.063	8.4467	65.961	-1.6628e-009
2201	50.625	16.757	64.354	-1.2639e-009
2202	59.063	14.01	65.007	-1.5213e-009
2204	50.625	22.154	62.701	-9.1424e-010
2205	59.063	19.473	63.585	-1.221e-009
2207	50.625	27.391	60.597	-4.6167e-010
2208	59.063	24.795	61.705	-7.877e-010
2210	50.625	32.432	58.055	5.0411e-011
2211	59.063	29.939	59.38	-2.6127e-010
2213	50.625	37.238	55.096	5.7081e-010
2214	59.063	34.866	56.627	3.0755e-010
2216	50.625	41.777	51.739	1.0451e-009
2217	59.063	39.543	53.466	8.6105e-010
2219	50.625	46.014	48.01	1.4209e-009
2220	59.063	43.935	49.92	1.3399e-009
2222	50.625	49.92	43.935	1.6537e-009
2223	59.063	48.01	46.014	1.6893e-009
2225	50.625	53.466	39.543	1.7124e-009
2226	59.063	51.739	41.777	1.8652e-009
2228	50.625	56.627	34.866	1.584e-009
2229	59.063	55.096	37.238	1.8406e-009
2231	50.625	59.38	29.939	1.2759e-009
2232	59.063	58.055	32.432	1.61e-009
2234	50.625	61.705	24.795	8.1727e-010
2235	59.063	60.597	27.391	1.1916e-009
2237	50.625	63.585	19.473	2.5591e-010
2238	59.063	62.701	22.154	6.2699e-010
2240	50.625	65.007	14.01	-3.4544e-010
2241	59.063	64.354	16.757	-2.2257e-011
2243	50.625	65.961	8.4467	-9.1842e-010
2244	59.063	65.543	11.239	-6.8264e-010
2246	50.625	66.44	2.8223	-1.3912e-009
2247	59.063	66.26	5.6396	-1.2743e-009
2249	50.625	66.44	-2.8223	-1.7106e-009
2250	59.063	66.5	-1.9429e-013	-1.7299e-009
2251	50.625	65.961	-8.4467	-1.8375e-009
2252	59.063	66.26	-5.6396	-1.9819e-009
2254	50.625	65.007	-14.01	-1.756e-009
2255	59.063	65.543	-11.239	-2.0114e-009
2257	50.625	63.585	-19.473	-1.4753e-009
2258	59.063	64.354	-16.757	-1.8113e-009
2260	50.625	61.705	-24.795	-1.0266e-009
2261	59.063	62.701	-22.154	-1.4036e-009
2263	50.625	59.38	-29.939	-4.606e-010
2264	59.063	60.597	-27.391	-8.3507e-010
2266	50.625	56.627	-34.866	1.596e-010
2267	59.063	58.055	-32.432	-1.7053e-010
2269	50.625	53.466	-39.543	7.6604e-010
2270	59.063	55.096	-37.238	5.1537e-010
2272	50.625	49.92	-43.935	1.2939e-009
2273	59.063	51.739	-41.777	1.1473e-009
2275	50.625	46.014	-48.01	1.6885e-009
2276	59.063	48.01	-46.014	1.6581e-009
2278	50.625	41.777	-51.739	1.9111e-009
2279	59.063	43.935	-49.92	1.9958e-009
2281	50.625	37.238	-55.096	1.9418e-009
2282	59.063	39.543	-53.466	2.1285e-009
2284	50.625	32.432	-58.055	1.7806e-009
2285	59.063	34.866	-56.627	2.0467e-009
2287	50.625	27.391	-60.597	1.4465e-009
2288	59.063	29.939	-59.38	1.7629e-009
2290	50.625	22.154	-62.701	9.7428e-010
2291	59.063	24.795	-61.705	1.3088e-009
2293	50.625	16.757	-64.354	4.1114e-010
2294	59.063	19.473	-63.585	7.3135e-010
2296	50.625	11.239	-65.543	-1.8872e-010
2297	59.063	14.01	-65.007	8.7723e-011
2299	50.625	5.6396	-66.26	-7.6731e-010
2300	59.063	8.4467	-65.961	-5.5941e-010
2302	50.625	1.8838e-014	-66.5	-1.2719e-009
2303	59.063	2.8223	-66.44	-1.1503e-009
2305	50.625	-5.6396	-66.26	-1.647e-009
2306	59.063	-2.8223	-66.44	-1.6238e-009
2308	50.625	-11.239	-65.543	-1.8645e-009
2309	59.063	-8.4467	-65.961	-1.9374e-009
2311	50.625	-16.757	-64.354	-1.9037e-009
2312	59.063	-14.01	-65.007	-2.0644e-009
2314	50.625	-22.154	-62.701	-1.7602e-009
2315	59.063	-19.473	-63.585	-1.9924e-009
2317	50.625	-27.391	-60.597	-1.4481e-009
2318	59.063	-24.795	-61.705	-1.7279e-009
2320	50.625	-32.432	-58.055	-9.9963e-010
2321	59.063	-29.939	-59.38	-1.2969e-009
2323	50.625	-37.238	-55.096	-4.579e-010
2324	59.063	-34.866	-56.627	-7.4389e-010
2326	50.625	-41.777	-51.739	1.1447e-010
2327	59.063	-39.543	-53.466	-1.2442e-010
2329	50.625	-46.014	-48.01	6.5355e-010
2330	59.063	-43.935	-49.92	4.8787e-010
2332	50.625	-49.92	-43.935	1.0982e-009
2333	59.063	-48.01	-46.014	1.0253e-009
2335	50.625	-53.466	-39.543	1.3978e-009
2336	59.063	-51.739	-41.777	1.4257e-009
2338	50.625	-56.627	-34.866	1.519e-009
2339	59.063	-55.096	-37.238	1.6433e-009
2341	50.625	-59.38	-29.939	1.4508e-009
2342	59.063	-58.055	-32.432	1.6543e-009
2344	50.625	-61.705	-24.795	1.2063e-009
2345	59.062	-60.597	-27.391	1.4612e-009
2347	50.625	-63.585	-19.473	8.2171e-010
2348	59.063	-62.701	-22.154	1.0928e-009
2350	50.625	-65.007	-14.01	3.5184e-010
2351	59.063	-64.354	-16.757	6.0149e-010
2353	50.625	-65.961	-8.4467	-1.3751e-010
2354	59.063	-65.543	-11.239	5.5827e-011
2356	59.063	-66.26	-5.6396	-4.6869e-010
2357	50.625	-66.44	-2.8223	-5.7859e-010
2359	67.5	-65.961	8.4467	-1.3772e-009
2360	75.938	-66.26	5.6396	-1.4049e-009
2361	67.5	-66.44	2.8223	-1.1887e-009
2363	67.5	-65.007	14.01	-1.357e-009
2364	75.938	-65.543	11.239	-1.4738e-009
2366	67.5	-63.585	19.473	-1.1354e-009
2367	75.938	-64.354	16.757	-1.3285e-009
2369	67.5	-61.705	24.795	-7.4742e-010
2370	75.938	-62.701	22.154	-9.9344e-010
2372	67.5	-59.38	29.939	-2.5026e-010
2373	75.938	-60.597	27.391	-5.1888e-010
2375	67.5	-56.627	34.866	2.8539e-010
2376	75.938	-58.055	32.432	2.729e-011
2378	67.5	-53.466	39.543	7.8575e-010
2379	75.938	-55.096	37.238	5.6967e-010
2381	67.5	-49.92	43.935	1.1842e-009
2382	75.938	-51.739	41.777	1.0361e-009
2384	67.5	-46.014	48.01	1.43e-009
2385	75.938	-48.01	46.014	1.3675e-009
2387	67.5	-41.777	51.739	1.4936e-009
2388	75.938	-43.935	49.92	1.5247e-009
2390	67.5	-37.238	55.096	1.3698e-009
2391	75.938	-39.543	53.466	1.492e-009
2393	67.5	-32.432	58.055	1.0761e-009
2394	75.938	-34.866	56.627	1.278e-009
2396	67.5	-27.391	60.597	6.494e-010
2397	75.938	-29.939	59.38	9.1186e-010
2399	67.5	-22.154	62.701	1.4018e-010
2400	75.938	-24.795	61.705	4.3854e-010
2402	67.5	-16.757	64.354	-3.9408e-010
2403	75.938	-19.473	63.585	-8.7755e-011
2405	67.5	-11.239	65.543	-8.953e-010
2406	75.938	-14.01	65.007	-6.0996e-010
2408	67.5	-5.6396	66.26	-1.3105e-009
2409	75.938	-8.4467	65.961	-1.0739e-009
2411	67.5	3.4369e-013	66.5	-1.5964e-009
2412	75.938	-2.8223	66.44	-1.433e-009
2414	67.5	5.6396	66.26	-1.7217e-009
2415	75.938	2.8223	66.44	-1.6501e-009
2417	67.5	11.239	65.543	-1.6752e-009
2418	75.938	8.4467	65.961	-1.7049e-009
2420	67.5	16.757	64.354	-1.4579e-009
2421	75.938	14.01	65.007	-1.5902e-009
2423	67.5	22.154	62.701	-1.0864e-009
2424	75.938	19.473	63.585	-1.3126e-009
2426	67.5	27.391	60.597	-5.9283e-010
2427	75.938	24.795	61.705	-8.9336e-010
2429	67.5	32.432	58.055	-2.2389e-011
2430	75.938	29.939	59.38	-3.6814e-010
2432	67.5	37.238	55.096	5.6936e-010
2433	75.938	34.866	56.627	2.1483e-010
2435	67.5	41.777	51.739	1.1211e-009
2436	75.938	39.543	53.466	7.9792e-010
2438	67.5	46.014	48.01	1.5718e-009
2439	75.938	43.935	49.92	1.3189e-009
2441	67.5	49.92	43.935	1.8668e-009
2442	75.938	48.01	46.014	1.7171e-009
2444	67.5	53.466	39.543	1.9658e-009
2445	75.938	51.739	41.777	1.9411e-009
2447	67.5	56.627	34.866	1.848e-009
2448	75.938	55.096	37.238	1.9554e-009
2450	67.5	59.38	29.939	1.517e-009
2451	75.938	58.055	32.432	1.7472e-009
2453	67.5	61.705	24.795	1.0027e-009
2454	75.938	60.597	27.391	1.3301e-009
2456	67.5	63.585	19.473	3.5861e-010
2457	75.938	62.701	22.154	7.444e-010
2459	67.5	65.007	14.01	-3.4234e-010
2460	75.938	64.354	16.757	5.461e-011
2462	67.5	65.961	8.4467	-1.0187e-009
2463	75.938	65.543	11.239	-6.5923e-010
2465	67.5	66.44	2.8223	-1.5841e-009
2466	75.938	66.26	5.6396	-1.3083e-009
2468	67.5	66.44	-2.8223	-1.9709e-009
2469	75.938	66.5	-1.9429e-013	-1.8151e-009
2470	67.5	65.961	-8.4467	-2.131e-009
2471	75.938	66.26	-5.6396	-2.1025e-009
2473	67.5	65.007	-14.01	-2.0445e-009
2474	75.938	65.543	-11.239	-2.1472e-009
2476	67.5	63.585	-19.473	-1.7211e-009
2477	75.938	64.354	-16.757	-1.9396e-009
2479	67.5	61.705	-24.795	-1.1983e-009
2480	75.938	62.701	-22.154	-1.504e-009
2482	67.5	59.38	-29.939	-5.3746e-010
2483	75.938	60.597	-27.391	-8.9256e-010
2485	67.5	56.627	-34.866	1.8518e-010
2486	75.938	58.055	-32.432	-1.7839e-010
2488	67.5	53.466	-39.543	8.8779e-010
2489	75.938	55.096	-37.238	5.5489e-010
2491	67.5	49.92	-43.935	1.4932e-009
2492	75.938	51.739	-41.777	1.2237e-009
2494	67.5	46.014	-48.01	1.9376e-009
2495	75.938	48.01	-46.014	1.7547e-009
2497	67.5	41.777	-51.739	2.1772e-009
2498	75.938	43.935	-49.92	2.0932e-009
2500	67.5	37.238	-55.096	2.1918e-009
2501	75.938	39.543	-53.466	2.208e-009
2503	67.5	32.432	-58.055	1.985e-009
2504	75.938	34.866	-56.627	2.0932e-009
2506	67.5	27.391	-60.597	1.5831e-009
2507	75.938	29.939	-59.38	1.7673e-009
2509	67.5	22.154	-62.701	1.0299e-009
2510	75.938	24.795	-61.705	1.2693e-009
2512	67.5	16.757	-64.354	3.8256e-010
2513	75.938	19.473	-63.585	6.5299e-010
2515	67.5	11.239	-65.543	-2.9549e-010
2516	75.938	14.01	-65.007	-1.8752e-011
2518	67.5	5.6396	-66.26	-9.3823e-010
2519	75.938	8.4467	-65.961	-6.7959e-010
2521	67.5	1.8838e-014	-66.5	-1.487e-009
2522	75.938	2.8223	-66.44	-1.2682e-009
2524	67.5	-5.6396	-66.26	-1.8825e-009
2525	75.938	-2.8223	-66.44	-1.7245e-009
2527	67.5	-11.239	-65.543	-2.0951e-009
2528	75.938	-8.4467	-65.961	-2.0082e-009
2530	67.5	-16.757	-64.354	-2.1048e-009
2531	75.938	-14.01	-65.007	-2.0959e-009
2533	67.5	-22.154	-62.701	-1.9099e-009
2534	75.938	-19.473	-63.585	-1.9787e-009
2536	67.5	-27.391	-60.597	-1.5292e-009
2537	75.938	-24.795	-61.705	-1.6675e-009
2539	67.5	-32.432	-58.055	-1.0016e-009
2540	75.938	-29.939	-59.38	-1.1921e-009
2542	67.5	-37.238	-55.096	-3.773e-010
2543	75.938	-34.866	-56.627	-6.0106e-010
2545	67.5	-41.777	-51.739	2.7125e-010
2546	75.938	-39.543	-53.466	4.6617e-011
2548	67.5	-46.014	-48.01	8.7138e-010
2549	75.938	-43.935	-49.92	6.7375e-010
2551	67.5	-49.92	-43.935	1.3541e-009
2552	75.938	-48.01	-46.014	1.2102e-009
2554	67.5	-53.466	-39.543	1.6632e-009
2555	75.938	-51.739	-41.777	1.5926e-009
2557	67.5	-56.627	-34.866	1.7625e-009
2558	75.938	-55.096	-37.238	1.7751e-009
2560	67.5	-59.38	-29.939	1.6423e-009
2561	75.938	-58.055	-32.432	1.736e-009
2563	67.5	-61.705	-24.795	1.3209e-009
2564	75.938	-60.597	-27.391	1.4816e-009
2566	67.5	-63.585	-19.473	8.4358e-010
2567	75.938	-62.701	-22.154	1.0467e-009
2569	67.5	-65.007	-14.01	2.7629e-010
2570	75.938	-64.354	-16.757	4.9054e-010
2572	67.5	-65.961	-8.4467	-3.0274e-010
2573	75.938	-65.543	-11.239	-1.1099e-010
2575	75.938	-66.26	-5.6396	-6.7577e-010
2576	67.5	-66.44	-2.8223	-8.1415e-010
2578	84.375	-65.961	8.4467	-1.5211e-009
2579	92.813	-66.26	5.6396	-1.5125e-009
2580	84.375	-66.44	2.8223	-1.3676e-009
2582	84.375	-65.007	14.01	-1.4588e-009
2583	92.813	-65.543	11.239	-1.53e-009
2585	84.375	-63.585	19.473	-1.1935e-009
2586	92.813	-64.354	16.757	-1.3409e-009
2588	84.375	-61.705	24.795	-7.6596e-010
2589	92.813	-62.701	22.154	-9.7508e-010
2591	84.375	-59.38	29.939	-2.3791e-010
2592	92.813	-60.597	27.391	-4.8615e-010
2594	84.375	-56.627	34.866	3.174e-010
2595	92.813	-58.055	32.432	5.7634e-011
2597	84.375	-53.466	39.543	8.2608e-010
2598	92.813	-55.096	37.238	5.8368e-010
2600	84.375	-49.92	43.935	1.2238e-009
2601	92.813	-51.739	41.777	1.0255e-009
2603	84.375	-46.014	48.01	1.4639e-009
2604	92.813	-48.01	46.014	1.3315e-009
2606	84.375	-41.777	51.739	1.5221e-009
2607	92.813	-43.935	49.92	1.4705e-009
2609	84.375	-37.238	55.096	1.3978e-009
2610	92.813	-39.543	53.466	1.4345e-009
2612	84.375	-32.432	58.055	1.1119e-009
2613	92.813	-34.866	56.627	1.2363e-009
2615	84.375	-27.391	60.597	7.0223e-010
2616	92.813	-29.939	59.38	9.0623e-010
2618	84.375	-22.154	62.701	2.1718e-010
2619	92.813	-24.795	61.705	4.8597e-010
2621	84.375	-16.757	64.354	-2.9031e-010
2622	92.813	-19.473	63.585	2.2496e-011
2624	84.375	-11.239	65.543	-7.6844e-010
2625	92.813	-14.01	65.007	-4.3732e-010
2627	84.375	-5.6396	66.26	-1.1709e-009
2628	92.813	-8.4467	65.961	-8.5059e-010
2630	84.375	3.4369e-013	66.5	-1.4599e-009
2631	92.813	-2.8223	66.44	-1.1812e-009
2633	84.375	5.6396	66.26	-1.6064e-009
2634	92.813	2.8223	66.44	-1.3994e-009
2636	84.375	11.239	65.543	-1.5984e-009
2637	92.813	8.4467	65.961	-1.4867e-009
2639	84.375	16.757	64.354	-1.4322e-009
2640	92.813	14.01	65.007	-1.4332e-009
2642	84.375	22.154	62.701	-1.1177e-009
2643	92.813	19.473	63.585	-1.2382e-009
2645	84.375	27.391	60.597	-6.7829e-010
2646	92.813	24.795	61.705	-9.1199e-010
2648	84.375	32.432	58.055	-1.5064e-010
2649	92.813	29.939	59.38	-4.776e-010
2651	84.375	37.238	55.096	4.1647e-010
2652	92.813	34.866	56.627	2.9134e-011
2654	84.375	41.777	51.739	9.6547e-010
2655	92.813	39.543	53.466	5.6054e-010
2657	84.375	46.014	48.01	1.4351e-009
2658	92.813	43.935	49.92	1.0604e-009
2660	84.375	49.92	43.935	1.7671e-009
2661	92.813	48.01	46.014	1.4693e-009
2663	84.375	53.466	39.543	1.9142e-009
2664	92.813	51.739	41.777	1.7323e-009
2666	84.375	56.627	34.866	1.8471e-009
2667	92.813	55.096	37.238	1.8067e-009
2669	84.375	59.38	29.939	1.5615e-009
2670	92.813	58.055	32.432	1.6702e-009
2672	84.375	61.705	24.795	1.0804e-009
2673	92.813	60.597	27.391	1.3262e-009
2675	84.375	63.585	19.473	4.5364e-010
2676	92.813	62.701	22.154	8.0654e-010
2678	84.375	65.007	14.01	-2.4608e-010
2679	92.813	64.354	16.757	1.6924e-010
2681	84.375	65.961	8.4467	-9.3441e-010
2682	92.813	65.543	11.239	-5.0866e-010
2684	84.375	66.44	2.8223	-1.5202e-009
2685	92.813	66.26	5.6396	-1.139e-009
2687	84.375	66.44	-2.8223	-1.9284e-009
2688	92.813	66.5	-1.9429e-013	-1.6412e-009
2689	84.375	65.961	-8.4467	-2.1068e-009
2690	92.813	66.26	-5.6396	-1.9357e-009
2692	84.375	65.007	-14.01	-2.0322e-009
2693	92.813	65.543	-11.239	-1.9958e-009
2695	84.375	63.585	-19.473	-1.7138e-009
2696	92.813	64.354	-16.757	-1.8104e-009
2698	84.375	61.705	-24.795	-1.1907e-009
2699	92.813	62.701	-22.154	-1.4028e-009
2701	84.375	59.38	-29.939	-5.2785e-010
2702	92.813	60.597	-27.391	-8.2561e-010
2704	84.375	56.627	-34.866	1.9395e-010
2705	92.813	58.055	-32.432	-1.5264e-010
2707	84.375	53.466	-39.543	8.8886e-010
2708	92.813	55.096	-37.238	5.3209e-010
2710	84.375	49.92	-43.935	1.4772e-009
2711	92.813	51.739	-41.777	1.1459e-009
2713	84.375	46.014	-48.01	1.8952e-009
2714	92.813	48.01	-46.014	1.6184e-009
2716	84.375	41.777	-51.739	2.1015e-009
2717	92.813	43.935	-49.92	1.8995e-009
2719	84.375	37.238	-55.096	2.0806e-009
2720	92.813	39.543	-53.466	1.9645e-009
2722	84.375	32.432	-58.055	1.8426e-009
2723	92.813	34.866	-56.627	1.8148e-009
2725	84.375	27.391	-60.597	1.4198e-009
2726	92.813	29.939	-59.38	1.4756e-009
2728	84.375	22.154	-62.701	8.6156e-010
2729	92.813	24.795	-61.705	9.9063e-010
2731	84.375	16.757	-64.354	2.2781e-010
2732	92.813	19.473	-63.585	4.1575e-010
2734	84.375	11.239	-65.543	-4.1745e-010
2735	92.813	14.01	-65.007	-1.879e-010
2737	84.375	5.6396	-66.26	-1.0109e-009
2738	92.813	8.4467	-65.961	-7.5949e-010
2740	84.375	1.8838e-014	-66.5	-1.4984e-009
2741	92.813	2.8223	-66.44	-1.2458e-009
2743	84.375	-5.6396	-66.26	-1.8292e-009
2744	92.813	-2.8223	-66.44	-1.5983e-009
2746	84.375	-11.239	-65.543	-1.9791e-009
2747	92.813	-8.4467	-65.961	-1.7881e-009
2749	84.375	-16.757	-64.354	-1.9343e-009
2750	92.813	-14.01	-65.007	-1.7998e-009
2752	84.375	-22.154	-62.701	-1.6983e-009
2753	92.813	-19.473	-63.585	-1.6322e-009
2755	84.375	-27.391	-60.597	-1.2933e-009
2756	92.813	-24.795	-61.705	-1.3006e-009
2758	84.375	-32.432	-58.055	-7.5997e-010
2759	92.813	-29.939	-59.38	-8.3585e-010
2761	84.375	-37.238	-55.096	-1.4837e-010
2762	92.813	-34.866	-56.627	-2.8449e-010
2764	84.375	-41.777	-51.739	4.7078e-010
2765	92.813	-39.543	-53.466	2.9895e-010
2767	84.375	-46.014	-48.01	1.0275e-009
2768	92.813	-43.935	-49.92	8.4494e-010
2770	84.375	-49.92	-43.935	1.4565e-009
2771	92.813	-48.01	-46.014	1.2913e-009
2773	84.375	-53.466	-39.543	1.7054e-009
2774	92.813	-51.739	-41.777	1.5828e-009
2776	84.375	-56.627	-34.866	1.7427e-009
2777	92.813	-55.096	-37.238	1.6816e-009
2779	84.375	-59.38	-29.939	1.563e-009
2780	92.813	-58.055	-32.432	1.5723e-009
2782	84.375	-61.705	-24.795	1.1893e-009
2783	92.813	-60.597	-27.391	1.2663e-009
2785	84.375	-63.585	-19.473	6.7087e-010
2786	92.813	-62.701	-22.154	8.0159e-010
2788	84.375	-65.007	-14.01	7.7095e-011
2789	92.813	-64.354	-16.757	2.3831e-010
2791	84.375	-65.961	-8.4467	-5.1173e-010
2792	92.813	-65.543	-11.239	-3.4883e-010
2794	92.813	-66.26	-5.6396	-8.8102e-010
2795	84.375	-66.44	-2.8223	-1.0159e-009
2797	101.25	-65.961	8.4467	-1.5537e-009
2798	109.69	-66.26	5.6396	-1.5493e-009
2799	101.25	-66.44	2.8223	-1.4659e-009
2801	101.25	-65.007	14.01	-1.4387e-009
2802	109.69	-65.543	11.239	-1.5019e-009
2804	101.25	-63.585	19.473	-1.1403e-009
2805	109.69	-64.354	16.757	-1.2697e-009
2807	101.25	-61.705	24.795	-7.0295e-010
2808	109.69	-62.701	22.154	-8.88e-010
2810	101.25	-59.38	29.939	-1.8821e-010
2811	109.69	-60.597	27.391	-4.1113e-010
2813	101.25	-56.627	34.866	3.3473e-010
2814	109.69	-58.055	32.432	9.6216e-011
2816	101.25	-53.466	39.543	7.9959e-010
2817	109.69	-55.096	37.238	5.6926e-010
2819	101.25	-49.92	43.935	1.1521e-009
2820	109.69	-51.739	41.777	9.5253e-010
2822	101.25	-46.014	48.01	1.3566e-009
2823	109.69	-48.01	46.014	1.207e-009
2825	101.25	-41.777	51.739	1.3987e-009
2826	109.69	-43.935	49.92	1.3139e-009
2828	101.25	-37.238	55.096	1.2849e-009
2829	109.69	-39.543	53.466	1.2744e-009
2831	101.25	-32.432	58.055	1.0388e-009
2832	109.69	-34.866	56.627	1.1068e-009
2834	101.25	-27.391	60.597	6.9549e-010
2835	109.69	-29.939	59.38	8.4079e-010
2837	101.25	-22.154	62.701	2.9559e-010
2838	109.69	-24.795	61.705	5.1158e-010
2840	101.25	-16.757	64.354	-1.2005e-010
2841	109.69	-19.473	63.585	1.5427e-010
2843	101.25	-11.239	65.543	-5.1413e-010
2844	109.69	-14.01	65.007	-1.9979e-010
2846	101.25	-5.6396	66.26	-8.5476e-010
2847	109.69	-8.4467	65.961	-5.2436e-010
2849	101.25	3.4369e-013	66.5	-1.1163e-009
2850	109.69	-2.8223	66.44	-7.9861e-010
2852	101.25	5.6396	66.26	-1.2762e-009
2853	109.69	2.8223	66.44	-1.0039e-009
2855	101.25	11.239	65.543	-1.322e-009
2856	109.69	8.4467	65.961	-1.1257e-009
2858	101.25	16.757	64.354	-1.2451e-009
2859	109.69	14.01	65.007	-1.1511e-009
2861	101.25	22.154	62.701	-1.044e-009
2862	109.69	19.473	63.585	-1.0706e-009
2864	101.25	27.391	60.597	-7.2754e-010
2865	109.69	24.795	61.705	-8.8031e-010
2867	101.25	32.432	58.055	-3.1655e-010
2868	109.69	29.939	59.38	-5.8599e-010
2870	101.25	37.238	55.096	1.5511e-010
2871	109.69	34.866	56.627	-2.0578e-010
2873	101.25	41.777	51.739	6.4136e-010
2874	109.69	39.543	53.466	2.2811e-010
2876	101.25	46.014	48.01	1.0874e-009
2877	109.69	43.935	49.92	6.7046e-010
2879	101.25	49.92	43.935	1.436e-009
2880	109.69	48.01	46.014	1.0672e-009
2882	101.25	53.466	39.543	1.6352e-009
2883	109.69	51.739	41.777	1.3624e-009
2885	101.25	56.627	34.866	1.6472e-009
2886	109.69	55.096	37.238	1.5071e-009
2888	101.25	59.38	29.939	1.4564e-009
2889	109.69	58.055	32.432	1.4685e-009
2891	101.25	61.705	24.795	1.074e-009
2892	109.69	60.597	27.391	1.2375e-009
2894	101.25	63.585	19.473	5.3948e-010
2895	109.69	62.701	22.154	8.3315e-010
2897	101.25	65.007	14.01	-8.287e-011
2898	109.69	64.354	16.757	3.0197e-010
2900	101.25	65.961	8.4467	-7.1345e-010
2901	109.69	65.543	11.239	-2.8763e-010
2903	101.25	66.44	2.8223	-1.2644e-009
2904	109.69	66.26	5.6396	-8.5405e-010
2906	101.25	66.44	-2.8223	-1.6582e-009
2907	109.69	66.5	-1.9429e-013	-1.3182e-009
2908	101.25	65.961	-8.4467	-1.8424e-009
2909	109.69	66.26	-5.6396	-1.6024e-009
2911	101.25	65.007	-14.01	-1.792e-009
2912	109.69	65.543	-11.239	-1.6774e-009
2914	101.25	63.585	-19.473	-1.514e-009
2915	109.69	64.354	-16.757	-1.5307e-009
2917	101.25	61.705	-24.795	-1.046e-009
2918	109.69	62.701	-22.154	-1.1833e-009
2920	101.25	59.38	-29.939	-4.5125e-010
2921	109.69	60.597	-27.391	-6.8505e-010
2923	101.25	56.627	-34.866	1.9178e-010
2924	109.69	58.055	-32.432	-1.0605e-010
2926	101.25	53.466	-39.543	8.007e-010
2927	109.69	55.096	-37.238	4.7443e-010
2929	101.25	49.92	-43.935	1.301e-009
2930	109.69	51.739	-41.777	9.8013e-010
2932	101.25	46.014	-48.01	1.6356e-009
2933	109.69	48.01	-46.014	1.3487e-009
2935	101.25	41.777	-51.739	1.7715e-009
2936	109.69	43.935	-49.92	1.5394e-009
2938	101.25	37.238	-55.096	1.7018e-009
2939	109.69	39.543	-53.466	1.5373e-009
2941	101.25	32.432	-58.055	1.4442e-009
2942	109.69	34.866	-56.627	1.3529e-009
2944	101.25	27.391	-60.597	1.0367e-009
2945	109.69	29.939	-59.38	1.0181e-009
2947	101.25	22.154	-62.701	5.3066e-010
2948	109.69	24.795	-61.705	5.7998e-010
2950	101.25	16.757	-64.354	-1.6116e-011
2951	109.69	19.473	-63.585	9.3088e-011
2953	101.25	11.239	-65.543	-5.4621e-010
2954	109.69	14.01	-65.007	-3.8753e-010
2956	101.25	5.6396	-66.26	-1.0068e-009
2957	109.69	8.4467	-65.961	-8.1207e-010
2959	101.25	1.8838e-014	-66.5	-1.3565e-009
2960	109.69	2.8223	-66.44	-1.141e-009
2962	101.25	-5.6396	-66.26	-1.5621e-009
2963	109.69	-2.8223	-66.44	-1.3429e-009
2965	101.25	-11.239	-65.543	-1.609e-009
2966	109.69	-8.4467	-65.961	-1.4048e-009
2968	101.25	-16.757	-64.354	-1.4938e-009
2969	109.69	-14.01	-65.007	-1.3223e-009
2971	101.25	-22.154	-62.701	-1.2266e-009
2972	109.69	-19.473	-63.585	-1.1036e-009
2974	101.25	-27.391	-60.597	-8.3213e-010
2975	109.69	-24.795	-61.705	-7.683e-010
2977	101.25	-32.432	-58.055	-3.484e-010
2978	109.69	-29.939	-59.38	-3.4656e-010
2980	101.25	-37.238	-55.096	1.8e-010
2981	109.69	-34.866	-56.627	1.2063e-010
2983	101.25	-41.777	-51.739	6.9236e-010
2984	109.69	-39.543	-53.466	5.8805e-010
2986	101.25	-46.014	-48.01	1.1301e-009
2987	109.69	-43.935	-49.92	1.0001e-009
2989	101.25	-49.92	-43.935	1.4396e-009
2990	109.69	-48.01	-46.014	1.308e-009
2992	101.25	-53.466	-39.543	1.5798e-009
2993	109.69	-51.739	-41.777	1.4703e-009
2995	101.25	-56.627	-34.866	1.5283e-009
2996	109.69	-55.096	-37.238	1.4606e-009
2998	101.25	-59.38	-29.939	1.2865e-009
2999	109.69	-58.055	-32.432	1.2725e-009
3001	101.25	-61.705	-24.795	8.8107e-010
3002	109.69	-60.597	-27.391	9.2278e-010
3004	101.25	-63.585	-19.473	3.6168e-010
3005	109.69	-62.701	-22.154	4.5068e-010
3007	101.25	-65.007	-14.01	-2.0495e-010
3008	109.69	-64.354	-16.757	-8.6149e-011
3010	101.25	-65.961	-8.4467	-7.4413e-010
3011	109.69	-65.543	-11.239	-6.1901e-010
3013	109.69	-66.26	-5.6396	-1.078e-009
3014	101.25	-66.44	-2.8223	-1.1839e-009
3016	118.13	-65.961	8.4467	-1.5521e-009
3017	126.56	-66.26	5.6396	-1.6181e-009
3018	118.13	-66.44	2.8223	-1.5386e-009
3020	118.13	-65.007	14.01	-1.3815e-009
3021	126.56	-65.543	11.239	-1.5062e-009
3023	118.13	-63.585	19.473	-1.0533e-009
3024	126.56	-64.354	16.757	-1.227e-009
3026	118.13	-61.705	24.795	-6.1494e-010
3027	126.56	-62.701	22.154	-8.2144e-010
3029	118.13	-59.38	29.939	-1.2657e-010
3030	126.56	-60.597	27.391	-3.4601e-010
3032	118.13	-56.627	34.866	3.4862e-010
3033	126.56	-58.055	32.432	1.3665e-010
3035	118.13	-53.466	39.543	7.5418e-010
3036	126.56	-55.096	37.238	5.6789e-010
3038	118.13	-49.92	43.935	1.0482e-009
3039	126.56	-51.739	41.777	9.0176e-010
3041	118.13	-46.014	48.01	1.2079e-009
3042	126.56	-48.01	46.014	1.1107e-009
3044	118.13	-41.777	51.739	1.2304e-009
3045	126.56	-43.935	49.92	1.1875e-009
3047	118.13	-37.238	55.096	1.13e-009
3048	126.56	-39.543	53.466	1.143e-009
3050	118.13	-32.432	58.055	9.3266e-010
3051	126.56	-34.866	56.627	1.0011e-009
3053	118.13	-27.391	60.597	6.7004e-010
3054	126.56	-29.939	59.38	7.9198e-010
3056	118.13	-22.154	62.701	3.7316e-010
3057	126.56	-24.795	61.705	5.4533e-010
3059	118.13	-16.757	64.354	6.8625e-011
3060	126.56	-19.473	63.585	2.8557e-010
3062	118.13	-11.239	65.543	-2.2318e-010
3063	126.56	-14.01	65.007	2.9391e-011
3065	118.13	-5.6396	66.26	-4.8714e-010
3066	126.56	-8.4467	65.961	-2.1305e-010
3068	118.13	3.4369e-013	66.5	-7.1165e-010
3069	126.56	-2.8223	66.44	-4.3622e-010
3071	118.13	5.6396	66.26	-8.8167e-010
3072	126.56	2.8223	66.44	-6.3239e-010
3074	118.13	11.239	65.543	-9.8546e-010
3075	126.56	8.4467	65.961	-7.9012e-010
3077	118.13	16.757	64.354	-1.0087e-009
3078	126.56	14.01	65.007	-8.9381e-010
3080	118.13	22.154	62.701	-9.3803e-010
3081	126.56	19.473	63.585	-9.2506e-010
3083	118.13	27.391	60.597	-7.6577e-010
3084	126.56	24.795	61.705	-8.6604e-010
3086	118.13	32.432	58.055	-4.9442e-010
3087	126.56	29.939	59.38	-7.0539e-010
3089	118.13	37.238	55.096	-1.4045e-010
3090	126.56	34.866	56.627	-4.4398e-010
3092	118.13	41.777	51.739	2.6399e-010
3093	126.56	39.543	53.466	-9.9183e-011
3095	118.13	46.014	48.01	6.728e-010
3096	126.56	43.935	49.92	2.9405e-010
3098	118.13	49.92	43.935	1.0311e-009
3099	126.56	48.01	46.014	6.86e-010
3101	118.13	53.466	39.543	1.2832e-009
3102	126.56	51.739	41.777	1.0189e-009
3104	118.13	56.627	34.866	1.3829e-009
3105	126.56	55.096	37.238	1.2365e-009
3107	118.13	59.38	29.939	1.3023e-009
3108	126.56	58.055	32.432	1.2951e-009
3110	118.13	61.705	24.795	1.0395e-009
3111	126.56	60.597	27.391	1.1727e-009
3113	118.13	63.585	19.473	6.2121e-010
3114	126.56	62.701	22.154	8.7584e-010
3116	118.13	65.007	14.01	1.0103e-010
3117	126.56	64.354	16.757	4.4034e-010
3119	118.13	65.961	8.4467	-4.487e-010
3120	126.56	65.543	11.239	-7.2638e-011
3122	118.13	66.44	2.8223	-9.4587e-010
3123	126.56	66.26	5.6396	-5.8629e-010
3125	118.13	66.44	-2.8223	-1.3132e-009
3126	126.56	66.5	-1.9429e-013	-1.0207e-009
3127	118.13	65.961	-8.4467	-1.4988e-009
3128	126.56	66.26	-5.6396	-1.2993e-009
3130	118.13	65.007	-14.01	-1.4761e-009
3131	126.56	65.543	-11.239	-1.3901e-009
3133	118.13	63.585	-19.473	-1.2497e-009
3134	126.56	64.354	-16.757	-1.2788e-009
3136	118.13	61.705	-24.795	-8.5479e-010
3137	126.56	62.701	-22.154	-9.8478e-010
3139	118.13	59.38	-29.939	-3.51e-010
3140	126.56	60.597	-27.391	-5.5593e-010
3142	118.13	56.627	-34.866	1.8758e-010
3143	126.56	58.055	-32.432	-6.0141e-011
3145	118.13	53.466	-39.543	6.846e-010
3146	126.56	55.096	-37.238	4.2674e-010
3148	118.13	49.92	-43.935	1.0732e-009
3149	126.56	51.739	-41.777	8.3352e-010
3151	118.13	46.014	-48.01	1.3058e-009
3152	126.56	48.01	-46.014	1.1048e-009
3154	118.13	41.777	-51.739	1.3592e-009
3155	126.56	43.935	-49.92	1.2086e-009
3157	118.13	37.238	-55.096	1.2365e-009
3158	126.56	39.543	-53.466	1.1395e-009
3160	118.13	32.432	-58.055	9.6365e-010
3161	126.56	34.866	-56.627	9.1724e-010
3163	118.13	27.391	-60.597	5.8375e-010
3164	126.56	29.939	-59.38	5.8113e-010
3166	118.13	22.154	-62.701	1.4904e-010
3167	126.56	24.795	-61.705	1.822e-010
3169	118.13	16.757	-64.354	-2.8677e-010
3170	126.56	19.473	-63.585	-2.2534e-010
3172	118.13	11.239	-65.543	-6.7515e-010
3173	126.56	14.01	-65.007	-5.9169e-010
3175	118.13	5.6396	-66.26	-9.7658e-010
3176	126.56	8.4467	-65.961	-8.7725e-010
3178	118.13	1.8838e-014	-66.5	-1.165e-009
3179	126.56	2.8223	-66.44	-1.0553e-009
3181	118.13	-5.6396	-66.26	-1.227e-009
3182	126.56	-2.8223	-66.44	-1.1109e-009
3184	118.13	-11.239	-65.543	-1.1592e-009
3185	126.56	-8.4467	-65.961	-1.0484e-009
3187	118.13	-16.757	-64.354	-9.7011e-010
3188	126.56	-14.01	-65.007	-8.7274e-010
3190	118.13	-22.154	-62.701	-6.7657e-010
3191	126.56	-19.473	-63.585	-6.0122e-010
3193	118.13	-27.391	-60.597	-3.0475e-010
3194	126.56	-24.795	-61.705	-2.5785e-010
3196	118.13	-32.432	-58.055	1.112e-010
3197	126.56	-29.939	-59.38	1.2779e-010
3199	118.13	-37.238	-55.096	5.3432e-010
3200	126.56	-34.866	-56.627	5.2009e-010
3202	118.13	-41.777	-51.739	9.165e-010
3203	126.56	-39.543	-53.466	8.818e-010
3205	118.13	-46.014	-48.01	1.2128e-009
3206	126.56	-43.935	-49.92	1.17e-009
3208	118.13	-49.92	-43.935	1.3841e-009
3209	126.56	-48.01	-46.014	1.3484e-009
3211	118.13	-53.466	-39.543	1.4022e-009
3212	126.56	-51.739	-41.777	1.3878e-009
3214	118.13	-56.627	-34.866	1.2552e-009
3215	126.56	-55.096	-37.238	1.2724e-009
3217	118.13	-59.38	-29.939	9.5178e-010
3218	126.56	-58.055	-32.432	1.0043e-009
3220	118.13	-61.705	-24.795	5.2177e-010
3221	126.56	-60.597	-27.391	6.0533e-010
3223	118.13	-63.585	-19.473	1.4064e-011
3224	126.56	-62.701	-22.154	1.1679e-010
3226	118.13	-65.007	-14.01	-5.0919e-010
3227	126.56	-64.354	-16.757	-4.0501e-010
3229	118.13	-65.961	-8.4467	-9.811e-010
3230	126.56	-65.543	-11.239	-8.9586e-010
3232	118.13	-66.44	-2.8223	-1.3399e-009
3233	126.56	-66.26	-5.6396	-1.2929e-009
3235	135.	-66.44	2.8223	-1.7452e-009
3236	135.	-65.961	8.4467	-1.6926e-009
3238	25.313	-66.5	-8.1439e-015	-3.0595e-010
3240	42.188	-66.5	-8.1439e-015	-6.1284e-010
3242	59.063	-66.5	-8.1439e-015	-9.0023e-010
3244	75.938	-66.5	-8.1439e-015	-1.1271e-009
3246	92.813	-66.5	-8.1439e-015	-1.2868e-009
3248	109.69	-66.5	-8.1439e-015	-1.4022e-009
3250	126.56	-66.5	-8.1439e-015	-1.5445e-009
3252	135.	-66.44	-2.8223	-1.6023e-009
3254	135.	-65.961	-8.4467	-1.2816e-009
3256	135.	-65.007	-14.01	-8.2495e-010
3258	135.	-63.585	-19.473	-2.9145e-010
3260	135.	-61.705	-24.795	2.522e-010
3262	135.	-59.38	-29.939	7.4199e-010
3264	135.	-56.627	-34.866	1.1254e-009
3266	135.	-53.466	-39.543	1.3676e-009
3268	135.	-49.92	-43.935	1.4539e-009
3270	135.	-46.014	-48.01	1.3886e-009
3272	135.	-41.777	-51.739	1.1919e-009
3274	135.	-37.238	-55.096	8.9388e-010
3276	135.	-32.432	-58.055	5.3098e-010
3278	135.	-27.391	-60.597	1.4347e-010
3280	135.	-22.154	-62.701	-2.364e-010
3282	135.	-16.757	-64.354	-5.7583e-010
3284	135.	-11.239	-65.543	-8.46e-010
3286	135.	-5.6396	-66.26	-1.0226e-009
3288	135.	4.072e-015	-66.5	-1.0853e-009
3290	135.	5.6396	-66.26	-1.0296e-009
3292	135.	11.239	-65.543	-8.5084e-010
3294	135.	16.757	-64.354	-5.6123e-010
3296	135.	22.154	-62.701	-1.9053e-010
3298	135.	27.391	-60.597	2.1719e-010
3300	135.	32.432	-58.055	6.0724e-010
3302	135.	37.238	-55.096	9.2142e-010
3304	135.	41.777	-51.739	1.1073e-009
3306	135.	46.014	-48.01	1.1278e-009
3308	135.	49.92	-43.935	9.6983e-010
3310	135.	53.466	-39.543	6.4848e-010
3312	135.	56.627	-34.866	2.0723e-010
3314	135.	59.38	-29.939	-2.878e-010
3316	135.	61.705	-24.795	-7.5806e-010
3318	135.	63.585	-19.473	-1.1259e-009
3320	135.	65.007	-14.01	-1.3283e-009
3322	135.	65.961	-8.4467	-1.3287e-009
3324	135.	66.44	-2.8223	-1.124e-009
3326	135.	66.44	2.8223	-7.4421e-010
3327	135.	65.961	8.4467	-2.4632e-010
3329	135.	65.007	14.01	2.8357e-010
3331	135.	63.585	19.473	7.6024e-010
3333	135.	61.705	24.795	1.1107e-009
3335	135.	59.38	29.939	1.2861e-009
3337	135.	56.627	34.866	1.2692e-009
3339	135.	53.466	39.543	1.0751e-009
3341	135.	49.92	43.935	7.4655e-010
3343	135.	46.014	48.01	3.4324e-010
3345	135.	41.777	51.739	-6.9883e-011
3347	135.	37.238	55.096	-4.3471e-010
3349	135.	32.432	58.055	-7.0911e-010
3351	135.	27.391	60.597	-8.7167e-010
3353	135.	22.154	62.701	-9.2155e-010
3355	135.	16.757	64.354	-8.7417e-010
3357	135.	11.239	65.543	-7.5408e-010
3359	135.	5.6396	66.26	-5.8756e-010
3361	135.	3.7322e-013	66.5	-3.9567e-010
3363	135.	-5.6396	66.26	-1.9026e-010
3365	135.	-11.239	65.543	1.9934e-011
3367	135.	-16.757	64.354	2.3756e-010
3369	135.	-22.154	62.701	4.6285e-010
3371	135.	-27.391	60.597	6.9014e-010
3373	135.	-32.432	58.055	9.0379e-010
3375	135.	-37.238	55.096	1.0782e-009
3377	135.	-41.777	51.739	1.1813e-009
3379	135.	-46.014	48.01	1.1809e-009
3381	135.	-49.92	43.935	1.0531e-009
3383	135.	-53.466	39.543	7.894e-010
3385	135.	-56.627	34.866	4.0245e-010
3387	135.	-59.38	29.939	-7.3244e-011
3389	135.	-61.705	24.795	-5.8443e-010
3391	135.	-63.585	19.473	-1.0666e-009
3393	135.	-65.007	14.01	-1.4545e-009
