節点番号	X 座標 (mm)	Y 座標 (mm)	Z 座標 (mm)	
80	0.	-66.5	-8.1439e-015	
81	0.	-66.26	-5.6396	
82	0.	-65.543	-11.239	
83	0.	-64.354	-16.757	
84	0.	-62.701	-22.154	
85	0.	-60.597	-27.391	
86	0.	-58.055	-32.432	
87	0.	-55.096	-37.238	
88	0.	-51.739	-41.777	
89	0.	-48.01	-46.014	
90	0.	-43.935	-49.92	
91	0.	-39.543	-53.466	
92	0.	-34.866	-56.627	
93	0.	-29.939	-59.38	
94	0.	-24.795	-61.705	
95	0.	-19.473	-63.585	
96	0.	-14.01	-65.007	
97	0.	-8.4467	-65.961	
98	0.	-2.8223	-66.44	
99	0.	2.8223	-66.44	
100	0.	8.4467	-65.961	
101	0.	14.01	-65.007	
102	0.	19.473	-63.585	
103	0.	24.795	-61.705	
104	0.	29.939	-59.38	
105	0.	34.866	-56.627	
106	0.	39.543	-53.466	
107	0.	43.935	-49.92	
108	0.	48.01	-46.014	
109	0.	51.739	-41.777	
110	0.	55.096	-37.238	
111	0.	58.055	-32.432	
112	0.	60.597	-27.391	
113	0.	62.701	-22.154	
114	0.	64.354	-16.757	
115	0.	65.543	-11.239	
116	0.	66.26	-5.6396	
117	0.	66.5	-1.9429e-013	
118	0.	66.26	5.6396	
119	0.	65.543	11.239	
120	0.	64.354	16.757	
121	0.	62.701	22.154	
122	0.	60.597	27.391	
123	0.	58.055	32.432	
124	0.	55.096	37.238	
125	0.	51.739	41.777	
126	0.	48.01	46.014	
127	0.	43.935	49.92	
128	0.	39.543	53.466	
129	0.	34.866	56.627	
130	0.	29.939	59.38	
131	0.	24.795	61.705	
132	0.	19.473	63.585	
133	0.	14.01	65.007	
134	0.	8.4467	65.961	
135	0.	2.8223	66.44	
136	0.	-2.8223	66.44	
137	0.	-8.4467	65.961	
138	0.	-14.01	65.007	
139	0.	-19.473	63.585	
140	0.	-24.795	61.705	
141	0.	-29.939	59.38	
142	0.	-34.866	56.627	
143	0.	-39.543	53.466	
144	0.	-43.935	49.92	
145	0.	-48.01	46.014	
146	0.	-51.739	41.777	
147	0.	-55.096	37.238	
148	0.	-58.055	32.432	
149	0.	-60.597	27.391	
150	0.	-62.701	22.154	
151	0.	-64.354	16.757	
152	0.	-66.26	5.6396	
153	0.	-65.543	11.239	
154	16.875	-66.26	5.6396	
155	16.875	-65.543	11.239	
156	16.875	-64.354	16.757	
157	16.875	-62.701	22.154	
158	16.875	-60.597	27.391	
159	16.875	-58.055	32.432	
160	16.875	-55.096	37.238	
161	16.875	-51.739	41.777	
162	16.875	-48.01	46.014	
163	16.875	-43.935	49.92	
164	16.875	-39.543	53.466	
165	16.875	-34.866	56.627	
166	16.875	-29.939	59.38	
167	16.875	-24.795	61.705	
168	16.875	-19.473	63.585	
169	16.875	-14.01	65.007	
170	16.875	-8.4467	65.961	
171	16.875	-2.8223	66.44	
172	16.875	2.8223	66.44	
173	16.875	8.4467	65.961	
174	16.875	14.01	65.007	
175	16.875	19.473	63.585	
176	16.875	24.795	61.705	
177	16.875	29.939	59.38	
178	16.875	34.866	56.627	
179	16.875	39.543	53.466	
180	16.875	43.935	49.92	
181	16.875	48.01	46.014	
182	16.875	51.739	41.777	
183	16.875	55.096	37.238	
184	16.875	58.055	32.432	
185	16.875	60.597	27.391	
186	16.875	62.701	22.154	
187	16.875	64.354	16.757	
188	16.875	65.543	11.239	
189	16.875	66.26	5.6396	
190	16.875	66.5	-1.9429e-013	
191	16.875	66.26	-5.6396	
192	16.875	65.543	-11.239	
193	16.875	64.354	-16.757	
194	16.875	62.701	-22.154	
195	16.875	60.597	-27.391	
196	16.875	58.055	-32.432	
197	16.875	55.096	-37.238	
198	16.875	51.739	-41.777	
199	16.875	48.01	-46.014	
200	16.875	43.935	-49.92	
201	16.875	39.543	-53.466	
202	16.875	34.866	-56.627	
203	16.875	29.939	-59.38	
204	16.875	24.795	-61.705	
205	16.875	19.473	-63.585	
206	16.875	14.01	-65.007	
207	16.875	8.4467	-65.961	
208	16.875	2.8223	-66.44	
209	16.875	-2.8223	-66.44	
210	16.875	-8.4467	-65.961	
211	16.875	-14.01	-65.007	
212	16.875	-19.473	-63.585	
213	16.875	-24.795	-61.705	
214	16.875	-29.939	-59.38	
215	16.875	-34.866	-56.627	
216	16.875	-39.543	-53.466	
217	16.875	-43.935	-49.92	
218	16.875	-48.01	-46.014	
219	16.875	-51.739	-41.777	
220	16.875	-55.096	-37.238	
221	16.875	-58.055	-32.432	
222	16.875	-60.597	-27.391	
223	16.875	-62.701	-22.154	
224	16.875	-64.354	-16.757	
225	16.875	-65.543	-11.239	
226	16.875	-66.26	-5.6396	
227	33.75	-66.26	5.6396	
228	33.75	-65.543	11.239	
229	33.75	-64.354	16.757	
230	33.75	-62.701	22.154	
231	33.75	-60.597	27.391	
232	33.75	-58.055	32.432	
233	33.75	-55.096	37.238	
234	33.75	-51.739	41.777	
235	33.75	-48.01	46.014	
236	33.75	-43.935	49.92	
237	33.75	-39.543	53.466	
238	33.75	-34.866	56.627	
239	33.75	-29.939	59.38	
240	33.75	-24.795	61.705	
241	33.75	-19.473	63.585	
242	33.75	-14.01	65.007	
243	33.75	-8.4467	65.961	
244	33.75	-2.8223	66.44	
245	33.75	2.8223	66.44	
246	33.75	8.4467	65.961	
247	33.75	14.01	65.007	
248	33.75	19.473	63.585	
249	33.75	24.795	61.705	
250	33.75	29.939	59.38	
251	33.75	34.866	56.627	
252	33.75	39.543	53.466	
253	33.75	43.935	49.92	
254	33.75	48.01	46.014	
255	33.75	51.739	41.777	
256	33.75	55.096	37.238	
257	33.75	58.055	32.432	
258	33.75	60.597	27.391	
259	33.75	62.701	22.154	
260	33.75	64.354	16.757	
261	33.75	65.543	11.239	
262	33.75	66.26	5.6396	
263	33.75	66.5	-1.9429e-013	
264	33.75	66.26	-5.6396	
265	33.75	65.543	-11.239	
266	33.75	64.354	-16.757	
267	33.75	62.701	-22.154	
268	33.75	60.597	-27.391	
269	33.75	58.055	-32.432	
270	33.75	55.096	-37.238	
271	33.75	51.739	-41.777	
272	33.75	48.01	-46.014	
273	33.75	43.935	-49.92	
274	33.75	39.543	-53.466	
275	33.75	34.866	-56.627	
276	33.75	29.939	-59.38	
277	33.75	24.795	-61.705	
278	33.75	19.473	-63.585	
279	33.75	14.01	-65.007	
280	33.75	8.4467	-65.961	
281	33.75	2.8223	-66.44	
282	33.75	-2.8223	-66.44	
283	33.75	-8.4467	-65.961	
284	33.75	-14.01	-65.007	
285	33.75	-19.473	-63.585	
286	33.75	-24.795	-61.705	
287	33.75	-29.939	-59.38	
288	33.75	-34.866	-56.627	
289	33.75	-39.543	-53.466	
290	33.75	-43.935	-49.92	
291	33.75	-48.01	-46.014	
292	33.75	-51.739	-41.777	
293	33.75	-55.096	-37.238	
294	33.75	-58.055	-32.432	
295	33.75	-60.597	-27.391	
296	33.75	-62.701	-22.154	
297	33.75	-64.354	-16.757	
298	33.75	-65.543	-11.239	
299	33.75	-66.26	-5.6396	
300	50.625	-66.26	5.6396	
301	50.625	-65.543	11.239	
302	50.625	-64.354	16.757	
303	50.625	-62.701	22.154	
304	50.625	-60.597	27.391	
305	50.625	-58.055	32.432	
306	50.625	-55.096	37.238	
307	50.625	-51.739	41.777	
308	50.625	-48.01	46.014	
309	50.625	-43.935	49.92	
310	50.625	-39.543	53.466	
311	50.625	-34.866	56.627	
312	50.625	-29.939	59.38	
313	50.625	-24.795	61.705	
314	50.625	-19.473	63.585	
315	50.625	-14.01	65.007	
316	50.625	-8.4467	65.961	
317	50.625	-2.8223	66.44	
318	50.625	2.8223	66.44	
319	50.625	8.4467	65.961	
320	50.625	14.01	65.007	
321	50.625	19.473	63.585	
322	50.625	24.795	61.705	
323	50.625	29.939	59.38	
324	50.625	34.866	56.627	
325	50.625	39.543	53.466	
326	50.625	43.935	49.92	
327	50.625	48.01	46.014	
328	50.625	51.739	41.777	
329	50.625	55.096	37.238	
330	50.625	58.055	32.432	
331	50.625	60.597	27.391	
332	50.625	62.701	22.154	
333	50.625	64.354	16.757	
334	50.625	65.543	11.239	
335	50.625	66.26	5.6396	
336	50.625	66.5	-1.9429e-013	
337	50.625	66.26	-5.6396	
338	50.625	65.543	-11.239	
339	50.625	64.354	-16.757	
340	50.625	62.701	-22.154	
341	50.625	60.597	-27.391	
342	50.625	58.055	-32.432	
343	50.625	55.096	-37.238	
344	50.625	51.739	-41.777	
345	50.625	48.01	-46.014	
346	50.625	43.935	-49.92	
347	50.625	39.543	-53.466	
348	50.625	34.866	-56.627	
349	50.625	29.939	-59.38	
350	50.625	24.795	-61.705	
351	50.625	19.473	-63.585	
352	50.625	14.01	-65.007	
353	50.625	8.4467	-65.961	
354	50.625	2.8223	-66.44	
355	50.625	-2.8223	-66.44	
356	50.625	-8.4467	-65.961	
357	50.625	-14.01	-65.007	
358	50.625	-19.473	-63.585	
359	50.625	-24.795	-61.705	
360	50.625	-29.939	-59.38	
361	50.625	-34.866	-56.627	
362	50.625	-39.543	-53.466	
363	50.625	-43.935	-49.92	
364	50.625	-48.01	-46.014	
365	50.625	-51.739	-41.777	
366	50.625	-55.096	-37.238	
367	50.625	-58.055	-32.432	
368	50.625	-60.597	-27.391	
369	50.625	-62.701	-22.154	
370	50.625	-64.354	-16.757	
371	50.625	-65.543	-11.239	
372	50.625	-66.26	-5.6396	
373	67.5	-66.26	5.6396	
374	67.5	-65.543	11.239	
375	67.5	-64.354	16.757	
376	67.5	-62.701	22.154	
377	67.5	-60.597	27.391	
378	67.5	-58.055	32.432	
379	67.5	-55.096	37.238	
380	67.5	-51.739	41.777	
381	67.5	-48.01	46.014	
382	67.5	-43.935	49.92	
383	67.5	-39.543	53.466	
384	67.5	-34.866	56.627	
385	67.5	-29.939	59.38	
386	67.5	-24.795	61.705	
387	67.5	-19.473	63.585	
388	67.5	-14.01	65.007	
389	67.5	-8.4467	65.961	
390	67.5	-2.8223	66.44	
391	67.5	2.8223	66.44	
392	67.5	8.4467	65.961	
393	67.5	14.01	65.007	
394	67.5	19.473	63.585	
395	67.5	24.795	61.705	
396	67.5	29.939	59.38	
397	67.5	34.866	56.627	
398	67.5	39.543	53.466	
399	67.5	43.935	49.92	
400	67.5	48.01	46.014	
401	67.5	51.739	41.777	
402	67.5	55.096	37.238	
403	67.5	58.055	32.432	
404	67.5	60.597	27.391	
405	67.5	62.701	22.154	
406	67.5	64.354	16.757	
407	67.5	65.543	11.239	
408	67.5	66.26	5.6396	
409	67.5	66.5	-1.9429e-013	
410	67.5	66.26	-5.6396	
411	67.5	65.543	-11.239	
412	67.5	64.354	-16.757	
413	67.5	62.701	-22.154	
414	67.5	60.597	-27.391	
415	67.5	58.055	-32.432	
416	67.5	55.096	-37.238	
417	67.5	51.739	-41.777	
418	67.5	48.01	-46.014	
419	67.5	43.935	-49.92	
420	67.5	39.543	-53.466	
421	67.5	34.866	-56.627	
422	67.5	29.939	-59.38	
423	67.5	24.795	-61.705	
424	67.5	19.473	-63.585	
425	67.5	14.01	-65.007	
426	67.5	8.4467	-65.961	
427	67.5	2.8223	-66.44	
428	67.5	-2.8223	-66.44	
429	67.5	-8.4467	-65.961	
430	67.5	-14.01	-65.007	
431	67.5	-19.473	-63.585	
432	67.5	-24.795	-61.705	
433	67.5	-29.939	-59.38	
434	67.5	-34.866	-56.627	
435	67.5	-39.543	-53.466	
436	67.5	-43.935	-49.92	
437	67.5	-48.01	-46.014	
438	67.5	-51.739	-41.777	
439	67.5	-55.096	-37.238	
440	67.5	-58.055	-32.432	
441	67.5	-60.597	-27.391	
442	67.5	-62.701	-22.154	
443	67.5	-64.354	-16.757	
444	67.5	-65.543	-11.239	
445	67.5	-66.26	-5.6396	
446	84.375	-66.26	5.6396	
447	84.375	-65.543	11.239	
448	84.375	-64.354	16.757	
449	84.375	-62.701	22.154	
450	84.375	-60.597	27.391	
451	84.375	-58.055	32.432	
452	84.375	-55.096	37.238	
453	84.375	-51.739	41.777	
454	84.375	-48.01	46.014	
455	84.375	-43.935	49.92	
456	84.375	-39.543	53.466	
457	84.375	-34.866	56.627	
458	84.375	-29.939	59.38	
459	84.375	-24.795	61.705	
460	84.375	-19.473	63.585	
461	84.375	-14.01	65.007	
462	84.375	-8.4467	65.961	
463	84.375	-2.8223	66.44	
464	84.375	2.8223	66.44	
465	84.375	8.4467	65.961	
466	84.375	14.01	65.007	
467	84.375	19.473	63.585	
468	84.375	24.795	61.705	
469	84.375	29.939	59.38	
470	84.375	34.866	56.627	
471	84.375	39.543	53.466	
472	84.375	43.935	49.92	
473	84.375	48.01	46.014	
474	84.375	51.739	41.777	
475	84.375	55.096	37.238	
476	84.375	58.055	32.432	
477	84.375	60.597	27.391	
478	84.375	62.701	22.154	
479	84.375	64.354	16.757	
480	84.375	65.543	11.239	
481	84.375	66.26	5.6396	
482	84.375	66.5	-1.9429e-013	
483	84.375	66.26	-5.6396	
484	84.375	65.543	-11.239	
485	84.375	64.354	-16.757	
486	84.375	62.701	-22.154	
487	84.375	60.597	-27.391	
488	84.375	58.055	-32.432	
489	84.375	55.096	-37.238	
490	84.375	51.739	-41.777	
491	84.375	48.01	-46.014	
492	84.375	43.935	-49.92	
493	84.375	39.543	-53.466	
494	84.375	34.866	-56.627	
495	84.375	29.939	-59.38	
496	84.375	24.795	-61.705	
497	84.375	19.473	-63.585	
498	84.375	14.01	-65.007	
499	84.375	8.4467	-65.961	
500	84.375	2.8223	-66.44	
501	84.375	-2.8223	-66.44	
502	84.375	-8.4467	-65.961	
503	84.375	-14.01	-65.007	
504	84.375	-19.473	-63.585	
505	84.375	-24.795	-61.705	
506	84.375	-29.939	-59.38	
507	84.375	-34.866	-56.627	
508	84.375	-39.543	-53.466	
509	84.375	-43.935	-49.92	
510	84.375	-48.01	-46.014	
511	84.375	-51.739	-41.777	
512	84.375	-55.096	-37.238	
513	84.375	-58.055	-32.432	
514	84.375	-60.597	-27.391	
515	84.375	-62.701	-22.154	
516	84.375	-64.354	-16.757	
517	84.375	-65.543	-11.239	
518	84.375	-66.26	-5.6396	
519	101.25	-66.26	5.6396	
520	101.25	-65.543	11.239	
521	101.25	-64.354	16.757	
522	101.25	-62.701	22.154	
523	101.25	-60.597	27.391	
524	101.25	-58.055	32.432	
525	101.25	-55.096	37.238	
526	101.25	-51.739	41.777	
527	101.25	-48.01	46.014	
528	101.25	-43.935	49.92	
529	101.25	-39.543	53.466	
530	101.25	-34.866	56.627	
531	101.25	-29.939	59.38	
532	101.25	-24.795	61.705	
533	101.25	-19.473	63.585	
534	101.25	-14.01	65.007	
535	101.25	-8.4467	65.961	
536	101.25	-2.8223	66.44	
537	101.25	2.8223	66.44	
538	101.25	8.4467	65.961	
539	101.25	14.01	65.007	
540	101.25	19.473	63.585	
541	101.25	24.795	61.705	
542	101.25	29.939	59.38	
543	101.25	34.866	56.627	
544	101.25	39.543	53.466	
545	101.25	43.935	49.92	
546	101.25	48.01	46.014	
547	101.25	51.739	41.777	
548	101.25	55.096	37.238	
549	101.25	58.055	32.432	
550	101.25	60.597	27.391	
551	101.25	62.701	22.154	
552	101.25	64.354	16.757	
553	101.25	65.543	11.239	
554	101.25	66.26	5.6396	
555	101.25	66.5	-1.9429e-013	
556	101.25	66.26	-5.6396	
557	101.25	65.543	-11.239	
558	101.25	64.354	-16.757	
559	101.25	62.701	-22.154	
560	101.25	60.597	-27.391	
561	101.25	58.055	-32.432	
562	101.25	55.096	-37.238	
563	101.25	51.739	-41.777	
564	101.25	48.01	-46.014	
565	101.25	43.935	-49.92	
566	101.25	39.543	-53.466	
567	101.25	34.866	-56.627	
568	101.25	29.939	-59.38	
569	101.25	24.795	-61.705	
570	101.25	19.473	-63.585	
571	101.25	14.01	-65.007	
572	101.25	8.4467	-65.961	
573	101.25	2.8223	-66.44	
574	101.25	-2.8223	-66.44	
575	101.25	-8.4467	-65.961	
576	101.25	-14.01	-65.007	
577	101.25	-19.473	-63.585	
578	101.25	-24.795	-61.705	
579	101.25	-29.939	-59.38	
580	101.25	-34.866	-56.627	
581	101.25	-39.543	-53.466	
582	101.25	-43.935	-49.92	
583	101.25	-48.01	-46.014	
584	101.25	-51.739	-41.777	
585	101.25	-55.096	-37.238	
586	101.25	-58.055	-32.432	
587	101.25	-60.597	-27.391	
588	101.25	-62.701	-22.154	
589	101.25	-64.354	-16.757	
590	101.25	-65.543	-11.239	
591	101.25	-66.26	-5.6396	
592	118.13	-66.26	5.6396	
593	118.13	-65.543	11.239	
594	118.13	-64.354	16.757	
595	118.13	-62.701	22.154	
596	118.13	-60.597	27.391	
597	118.13	-58.055	32.432	
598	118.13	-55.096	37.238	
599	118.13	-51.739	41.777	
600	118.13	-48.01	46.014	
601	118.13	-43.935	49.92	
602	118.13	-39.543	53.466	
603	118.13	-34.866	56.627	
604	118.13	-29.939	59.38	
605	118.13	-24.795	61.705	
606	118.13	-19.473	63.585	
607	118.13	-14.01	65.007	
608	118.13	-8.4467	65.961	
609	118.13	-2.8223	66.44	
610	118.13	2.8223	66.44	
611	118.13	8.4467	65.961	
612	118.13	14.01	65.007	
613	118.13	19.473	63.585	
614	118.13	24.795	61.705	
615	118.13	29.939	59.38	
616	118.13	34.866	56.627	
617	118.13	39.543	53.466	
618	118.13	43.935	49.92	
619	118.13	48.01	46.014	
620	118.13	51.739	41.777	
621	118.13	55.096	37.238	
622	118.13	58.055	32.432	
623	118.13	60.597	27.391	
624	118.13	62.701	22.154	
625	118.13	64.354	16.757	
626	118.13	65.543	11.239	
627	118.13	66.26	5.6396	
628	118.13	66.5	-1.9429e-013	
629	118.13	66.26	-5.6396	
630	118.13	65.543	-11.239	
631	118.13	64.354	-16.757	
632	118.13	62.701	-22.154	
633	118.13	60.597	-27.391	
634	118.13	58.055	-32.432	
635	118.13	55.096	-37.238	
636	118.13	51.739	-41.777	
637	118.13	48.01	-46.014	
638	118.13	43.935	-49.92	
639	118.13	39.543	-53.466	
640	118.13	34.866	-56.627	
641	118.13	29.939	-59.38	
642	118.13	24.795	-61.705	
643	118.13	19.473	-63.585	
644	118.13	14.01	-65.007	
645	118.13	8.4467	-65.961	
646	118.13	2.8223	-66.44	
647	118.13	-2.8223	-66.44	
648	118.13	-8.4467	-65.961	
649	118.13	-14.01	-65.007	
650	118.13	-19.473	-63.585	
651	118.13	-24.795	-61.705	
652	118.13	-29.939	-59.38	
653	118.13	-34.866	-56.627	
654	118.13	-39.543	-53.466	
655	118.13	-43.935	-49.92	
656	118.13	-48.01	-46.014	
657	118.13	-51.739	-41.777	
658	118.13	-55.096	-37.238	
659	118.13	-58.055	-32.432	
660	118.13	-60.597	-27.391	
661	118.13	-62.701	-22.154	
662	118.13	-64.354	-16.757	
663	118.13	-65.543	-11.239	
664	118.13	-66.26	-5.6396	
665	135.	-66.26	5.6396	
666	16.875	-66.5	-8.1439e-015	
667	33.75	-66.5	-8.1439e-015	
668	50.625	-66.5	-8.1439e-015	
669	67.5	-66.5	-8.1439e-015	
670	84.375	-66.5	-8.1439e-015	
671	101.25	-66.5	-8.1439e-015	
672	118.13	-66.5	-8.1439e-015	
673	135.	-66.5	-8.1439e-015	
674	135.	-66.26	-5.6396	
675	135.	-65.543	-11.239	
676	135.	-64.354	-16.757	
677	135.	-62.701	-22.154	
678	135.	-60.597	-27.391	
679	135.	-58.055	-32.432	
680	135.	-55.096	-37.238	
681	135.	-51.739	-41.777	
682	135.	-48.01	-46.014	
683	135.	-43.935	-49.92	
684	135.	-39.543	-53.466	
685	135.	-34.866	-56.627	
686	135.	-29.939	-59.38	
687	135.	-24.795	-61.705	
688	135.	-19.473	-63.585	
689	135.	-14.01	-65.007	
690	135.	-8.4467	-65.961	
691	135.	-2.8223	-66.44	
692	135.	2.8223	-66.44	
693	135.	8.4467	-65.961	
694	135.	14.01	-65.007	
695	135.	19.473	-63.585	
696	135.	24.795	-61.705	
697	135.	29.939	-59.38	
698	135.	34.866	-56.627	
699	135.	39.543	-53.466	
700	135.	43.935	-49.92	
701	135.	48.01	-46.014	
702	135.	51.739	-41.777	
703	135.	55.096	-37.238	
704	135.	58.055	-32.432	
705	135.	60.597	-27.391	
706	135.	62.701	-22.154	
707	135.	64.354	-16.757	
708	135.	65.543	-11.239	
709	135.	66.26	-5.6396	
710	135.	66.5	-1.9429e-013	
711	135.	66.26	5.6396	
712	135.	65.543	11.239	
713	135.	64.354	16.757	
714	135.	62.701	22.154	
715	135.	60.597	27.391	
716	135.	58.055	32.432	
717	135.	55.096	37.238	
718	135.	51.739	41.777	
719	135.	48.01	46.014	
720	135.	43.935	49.92	
721	135.	39.543	53.466	
722	135.	34.866	56.627	
723	135.	29.939	59.38	
724	135.	24.795	61.705	
725	135.	19.473	63.585	
726	135.	14.01	65.007	
727	135.	8.4467	65.961	
728	135.	2.8223	66.44	
729	135.	-2.8223	66.44	
730	135.	-8.4467	65.961	
731	135.	-14.01	65.007	
732	135.	-19.473	63.585	
733	135.	-24.795	61.705	
734	135.	-29.939	59.38	
735	135.	-34.866	56.627	
736	135.	-39.543	53.466	
737	135.	-43.935	49.92	
738	135.	-48.01	46.014	
739	135.	-51.739	41.777	
740	135.	-55.096	37.238	
741	135.	-58.055	32.432	
742	135.	-60.597	27.391	
743	135.	-62.701	22.154	
744	135.	-64.354	16.757	
745	135.	-65.543	11.239	
1554	0.	-66.44	-2.8223	
1555	0.	-66.44	2.8223	
1556	8.4375	-66.5	-8.1439e-015	
1557	0.	-65.961	-8.4467	
1558	8.4375	-66.26	-5.6396	
1559	0.	-65.007	-14.01	
1560	8.4375	-65.543	-11.239	
1561	0.	-63.585	-19.473	
1562	8.4375	-64.354	-16.757	
1563	0.	-61.705	-24.795	
1564	8.4375	-62.701	-22.154	
1565	0.	-59.38	-29.939	
1566	8.4375	-60.597	-27.391	
1567	0.	-56.627	-34.866	
1568	8.4375	-58.055	-32.432	
1569	0.	-53.466	-39.543	
1570	8.4375	-55.096	-37.238	
1571	0.	-49.92	-43.935	
1572	8.4375	-51.739	-41.777	
1573	0.	-46.014	-48.01	
1574	8.4375	-48.01	-46.014	
1575	0.	-41.777	-51.739	
1576	8.4375	-43.935	-49.92	
1577	0.	-37.238	-55.096	
1578	8.4375	-39.543	-53.466	
1579	0.	-32.432	-58.055	
1580	8.4375	-34.866	-56.627	
1581	0.	-27.391	-60.597	
1582	8.4375	-29.939	-59.38	
1583	0.	-22.154	-62.701	
1584	8.4375	-24.795	-61.705	
1585	0.	-16.757	-64.354	
1586	8.4375	-19.473	-63.585	
1587	0.	-11.239	-65.543	
1588	8.4375	-14.01	-65.007	
1589	0.	-5.6396	-66.26	
1590	8.4375	-8.4467	-65.961	
1591	0.	4.072e-015	-66.5	
1592	8.4375	-2.8223	-66.44	
1593	0.	5.6396	-66.26	
1594	8.4375	2.8223	-66.44	
1595	0.	11.239	-65.543	
1596	8.4375	8.4467	-65.961	
1597	0.	16.757	-64.354	
1598	8.4375	14.01	-65.007	
1599	0.	22.154	-62.701	
1600	8.4375	19.473	-63.585	
1601	0.	27.391	-60.597	
1602	8.4375	24.795	-61.705	
1603	0.	32.432	-58.055	
1604	8.4375	29.939	-59.38	
1605	0.	37.238	-55.096	
1606	8.4375	34.866	-56.627	
1607	0.	41.777	-51.739	
1608	8.4375	39.543	-53.466	
1609	0.	46.014	-48.01	
1610	8.4375	43.935	-49.92	
1611	0.	49.92	-43.935	
1612	8.4375	48.01	-46.014	
1613	0.	53.466	-39.543	
1614	8.4375	51.739	-41.777	
1615	0.	56.627	-34.866	
1616	8.4375	55.096	-37.238	
1617	0.	59.38	-29.939	
1618	8.4375	58.055	-32.432	
1619	0.	61.705	-24.795	
1620	8.4375	60.597	-27.391	
1621	0.	63.585	-19.473	
1622	8.4375	62.701	-22.154	
1623	0.	65.007	-14.01	
1624	8.4375	64.354	-16.757	
1625	0.	65.961	-8.4467	
1626	8.4375	65.543	-11.239	
1627	0.	66.44	-2.8223	
1628	8.4375	66.26	-5.6396	
1629	0.	66.44	2.8223	
1630	8.4375	66.5	-1.9429e-013	
1631	0.	65.961	8.4467	
1632	8.4375	66.26	5.6396	
1633	0.	65.007	14.01	
1634	8.4375	65.543	11.239	
1635	0.	63.585	19.473	
1636	8.4375	64.354	16.757	
1637	0.	61.705	24.795	
1638	8.4375	62.701	22.154	
1639	0.	59.38	29.939	
1640	8.4375	60.597	27.391	
1641	0.	56.627	34.866	
1642	8.4375	58.055	32.432	
1643	0.	53.466	39.543	
1644	8.4375	55.096	37.238	
1645	0.	49.92	43.935	
1646	8.4375	51.739	41.777	
1647	0.	46.014	48.01	
1648	8.4375	48.01	46.014	
1649	0.	41.777	51.739	
1650	8.4375	43.935	49.92	
1651	0.	37.238	55.096	
1652	8.4375	39.543	53.466	
1653	0.	32.432	58.055	
1654	8.4375	34.866	56.627	
1655	0.	27.391	60.597	
1656	8.4375	29.939	59.38	
1657	0.	22.154	62.701	
1658	8.4375	24.795	61.705	
1659	0.	16.757	64.354	
1660	8.4375	19.473	63.585	
1661	0.	11.239	65.543	
1662	8.4375	14.01	65.007	
1663	0.	5.6396	66.26	
1664	8.4375	8.4467	65.961	
1665	0.	3.7322e-013	66.5	
1666	8.4375	2.8223	66.44	
1667	0.	-5.6396	66.26	
1668	8.4375	-2.8223	66.44	
1669	0.	-11.239	65.543	
1670	8.4375	-8.4467	65.961	
1671	0.	-16.757	64.354	
1672	8.4375	-14.01	65.007	
1673	0.	-22.154	62.701	
1674	8.4375	-19.473	63.585	
1675	0.	-27.391	60.597	
1676	8.4375	-24.795	61.705	
1677	0.	-32.432	58.055	
1678	8.4375	-29.939	59.38	
1679	0.	-37.238	55.096	
1680	8.4375	-34.866	56.627	
1681	0.	-41.777	51.739	
1682	8.4375	-39.543	53.466	
1683	0.	-46.014	48.01	
1684	8.4375	-43.935	49.92	
1685	0.	-49.92	43.935	
1686	8.4375	-48.01	46.014	
1687	0.	-53.466	39.543	
1688	8.4375	-51.739	41.777	
1689	0.	-56.627	34.866	
1690	8.4375	-55.096	37.238	
1691	0.	-59.38	29.939	
1692	8.4375	-58.055	32.432	
1693	0.	-61.705	24.795	
1694	8.4375	-60.597	27.391	
1695	0.	-63.585	19.473	
1696	8.4375	-62.701	22.154	
1697	0.	-65.007	14.01	
1698	8.4375	-64.354	16.757	
1699	0.	-65.961	8.4467	
1700	8.4375	-66.26	5.6396	
1701	8.4375	-65.543	11.239	
1702	16.875	-65.961	8.4467	
1703	25.313	-66.26	5.6396	
1704	16.875	-66.44	2.8223	
1706	16.875	-65.007	14.01	
1707	25.313	-65.543	11.239	
1709	16.875	-63.585	19.473	
1710	25.313	-64.354	16.757	
1712	16.875	-61.705	24.795	
1713	25.313	-62.701	22.154	
1715	16.875	-59.38	29.939	
1716	25.313	-60.597	27.391	
1718	16.875	-56.627	34.866	
1719	25.313	-58.055	32.432	
1721	16.875	-53.466	39.543	
1722	25.313	-55.096	37.238	
1724	16.875	-49.92	43.935	
1725	25.313	-51.739	41.777	
1727	16.875	-46.014	48.01	
1728	25.313	-48.01	46.014	
1730	16.875	-41.777	51.739	
1731	25.313	-43.935	49.92	
1733	16.875	-37.238	55.096	
1734	25.313	-39.543	53.466	
1736	16.875	-32.432	58.055	
1737	25.313	-34.866	56.627	
1739	16.875	-27.391	60.597	
1740	25.313	-29.939	59.38	
1742	16.875	-22.154	62.701	
1743	25.313	-24.795	61.705	
1745	16.875	-16.757	64.354	
1746	25.313	-19.473	63.585	
1748	16.875	-11.239	65.543	
1749	25.313	-14.01	65.007	
1751	16.875	-5.6396	66.26	
1752	25.313	-8.4467	65.961	
1754	16.875	3.4369e-013	66.5	
1755	25.313	-2.8223	66.44	
1757	16.875	5.6396	66.26	
1758	25.313	2.8223	66.44	
1760	16.875	11.239	65.543	
1761	25.313	8.4467	65.961	
1763	16.875	16.757	64.354	
1764	25.313	14.01	65.007	
1766	16.875	22.154	62.701	
1767	25.313	19.473	63.585	
1769	16.875	27.391	60.597	
1770	25.313	24.795	61.705	
1772	16.875	32.432	58.055	
1773	25.313	29.939	59.38	
1775	16.875	37.238	55.096	
1776	25.313	34.866	56.627	
1778	16.875	41.777	51.739	
1779	25.313	39.543	53.466	
1781	16.875	46.014	48.01	
1782	25.313	43.935	49.92	
1784	16.875	49.92	43.935	
1785	25.313	48.01	46.014	
1787	16.875	53.466	39.543	
1788	25.313	51.739	41.777	
1790	16.875	56.627	34.866	
1791	25.313	55.096	37.238	
1793	16.875	59.38	29.939	
1794	25.313	58.055	32.432	
1796	16.875	61.705	24.795	
1797	25.313	60.597	27.391	
1799	16.875	63.585	19.473	
1800	25.313	62.701	22.154	
1802	16.875	65.007	14.01	
1803	25.313	64.354	16.757	
1805	16.875	65.961	8.4467	
1806	25.313	65.543	11.239	
1808	16.875	66.44	2.8223	
1809	25.313	66.26	5.6396	
1811	16.875	66.44	-2.8223	
1812	25.313	66.5	-1.9429e-013	
1813	16.875	65.961	-8.4467	
1814	25.313	66.26	-5.6396	
1816	16.875	65.007	-14.01	
1817	25.313	65.543	-11.239	
1819	16.875	63.585	-19.473	
1820	25.313	64.354	-16.757	
1822	16.875	61.705	-24.795	
1823	25.313	62.701	-22.154	
1825	16.875	59.38	-29.939	
1826	25.313	60.597	-27.391	
1828	16.875	56.627	-34.866	
1829	25.313	58.055	-32.432	
1831	16.875	53.466	-39.543	
1832	25.313	55.096	-37.238	
1834	16.875	49.92	-43.935	
1835	25.313	51.739	-41.777	
1837	16.875	46.014	-48.01	
1838	25.313	48.01	-46.014	
1840	16.875	41.777	-51.739	
1841	25.313	43.935	-49.92	
1843	16.875	37.238	-55.096	
1844	25.313	39.543	-53.466	
1846	16.875	32.432	-58.055	
1847	25.313	34.866	-56.627	
1849	16.875	27.391	-60.597	
1850	25.313	29.939	-59.38	
1852	16.875	22.154	-62.701	
1853	25.313	24.795	-61.705	
1855	16.875	16.757	-64.354	
1856	25.313	19.473	-63.585	
1858	16.875	11.239	-65.543	
1859	25.313	14.01	-65.007	
1861	16.875	5.6396	-66.26	
1862	25.312	8.4467	-65.961	
1864	16.875	1.8838e-014	-66.5	
1865	25.313	2.8223	-66.44	
1867	16.875	-5.6396	-66.26	
1868	25.313	-2.8223	-66.44	
1870	16.875	-11.239	-65.543	
1871	25.313	-8.4467	-65.961	
1873	16.875	-16.757	-64.354	
1874	25.313	-14.01	-65.007	
1876	16.875	-22.154	-62.701	
1877	25.312	-19.473	-63.585	
1879	16.875	-27.391	-60.597	
1880	25.312	-24.795	-61.705	
1882	16.875	-32.432	-58.055	
1883	25.313	-29.939	-59.38	
1885	16.875	-37.238	-55.096	
1886	25.313	-34.866	-56.627	
1888	16.875	-41.777	-51.739	
1889	25.313	-39.543	-53.466	
1891	16.875	-46.014	-48.01	
1892	25.312	-43.935	-49.92	
1894	16.875	-49.92	-43.935	
1895	25.312	-48.01	-46.014	
1897	16.875	-53.466	-39.543	
1898	25.313	-51.739	-41.777	
1900	16.875	-56.627	-34.866	
1901	25.313	-55.096	-37.238	
1903	16.875	-59.38	-29.939	
1904	25.312	-58.055	-32.432	
1906	16.875	-61.705	-24.795	
1907	25.313	-60.597	-27.391	
1909	16.875	-63.585	-19.473	
1910	25.313	-62.701	-22.154	
1912	16.875	-65.007	-14.01	
1913	25.313	-64.354	-16.757	
1915	16.875	-65.961	-8.4467	
1916	25.313	-65.543	-11.239	
1918	25.313	-66.26	-5.6396	
1919	16.875	-66.44	-2.8223	
1921	33.75	-65.961	8.4467	
1922	42.188	-66.26	5.6396	
1923	33.75	-66.44	2.8223	
1925	33.75	-65.007	14.01	
1926	42.188	-65.543	11.239	
1928	33.75	-63.585	19.473	
1929	42.188	-64.354	16.757	
1931	33.75	-61.705	24.795	
1932	42.188	-62.701	22.154	
1934	33.75	-59.38	29.939	
1935	42.188	-60.597	27.391	
1937	33.75	-56.627	34.866	
1938	42.188	-58.055	32.432	
1940	33.75	-53.466	39.543	
1941	42.188	-55.096	37.238	
1943	33.75	-49.92	43.935	
1944	42.188	-51.739	41.777	
1946	33.75	-46.014	48.01	
1947	42.188	-48.01	46.014	
1949	33.75	-41.777	51.739	
1950	42.188	-43.935	49.92	
1952	33.75	-37.238	55.096	
1953	42.188	-39.543	53.466	
1955	33.75	-32.432	58.055	
1956	42.188	-34.866	56.627	
1958	33.75	-27.391	60.597	
1959	42.188	-29.939	59.38	
1961	33.75	-22.154	62.701	
1962	42.188	-24.795	61.705	
1964	33.75	-16.757	64.354	
1965	42.188	-19.473	63.585	
1967	33.75	-11.239	65.543	
1968	42.188	-14.01	65.007	
1970	33.75	-5.6396	66.26	
1971	42.188	-8.4467	65.961	
1973	33.75	3.4369e-013	66.5	
1974	42.188	-2.8223	66.44	
1976	33.75	5.6396	66.26	
1977	42.188	2.8223	66.44	
1979	33.75	11.239	65.543	
1980	42.188	8.4467	65.961	
1982	33.75	16.757	64.354	
1983	42.188	14.01	65.007	
1985	33.75	22.154	62.701	
1986	42.188	19.473	63.585	
1988	33.75	27.391	60.597	
1989	42.188	24.795	61.705	
1991	33.75	32.432	58.055	
1992	42.188	29.939	59.38	
1994	33.75	37.238	55.096	
1995	42.188	34.866	56.627	
1997	33.75	41.777	51.739	
1998	42.188	39.543	53.466	
2000	33.75	46.014	48.01	
2001	42.188	43.935	49.92	
2003	33.75	49.92	43.935	
2004	42.188	48.01	46.014	
2006	33.75	53.466	39.543	
2007	42.188	51.739	41.777	
2009	33.75	56.627	34.866	
2010	42.188	55.096	37.238	
2012	33.75	59.38	29.939	
2013	42.188	58.055	32.432	
2015	33.75	61.705	24.795	
2016	42.188	60.597	27.391	
2018	33.75	63.585	19.473	
2019	42.188	62.701	22.154	
2021	33.75	65.007	14.01	
2022	42.188	64.354	16.757	
2024	33.75	65.961	8.4467	
2025	42.188	65.543	11.239	
2027	33.75	66.44	2.8223	
2028	42.188	66.26	5.6396	
2030	33.75	66.44	-2.8223	
2031	42.188	66.5	-1.9429e-013	
2032	33.75	65.961	-8.4467	
2033	42.188	66.26	-5.6396	
2035	33.75	65.007	-14.01	
2036	42.188	65.543	-11.239	
2038	33.75	63.585	-19.473	
2039	42.188	64.354	-16.757	
2041	33.75	61.705	-24.795	
2042	42.188	62.701	-22.154	
2044	33.75	59.38	-29.939	
2045	42.188	60.597	-27.391	
2047	33.75	56.627	-34.866	
2048	42.188	58.055	-32.432	
2050	33.75	53.466	-39.543	
2051	42.188	55.096	-37.238	
2053	33.75	49.92	-43.935	
2054	42.188	51.739	-41.777	
2056	33.75	46.014	-48.01	
2057	42.188	48.01	-46.014	
2059	33.75	41.777	-51.739	
2060	42.188	43.935	-49.92	
2062	33.75	37.238	-55.096	
2063	42.188	39.543	-53.466	
2065	33.75	32.432	-58.055	
2066	42.188	34.866	-56.627	
2068	33.75	27.391	-60.597	
2069	42.188	29.939	-59.38	
2071	33.75	22.154	-62.701	
2072	42.188	24.795	-61.705	
2074	33.75	16.757	-64.354	
2075	42.188	19.473	-63.585	
2077	33.75	11.239	-65.543	
2078	42.188	14.01	-65.007	
2080	33.75	5.6396	-66.26	
2081	42.188	8.4467	-65.961	
2083	33.75	1.8838e-014	-66.5	
2084	42.188	2.8223	-66.44	
2086	33.75	-5.6396	-66.26	
2087	42.188	-2.8223	-66.44	
2089	33.75	-11.239	-65.543	
2090	42.188	-8.4467	-65.961	
2092	33.75	-16.757	-64.354	
2093	42.188	-14.01	-65.007	
2095	33.75	-22.154	-62.701	
2096	42.188	-19.473	-63.585	
2098	33.75	-27.391	-60.597	
2099	42.188	-24.795	-61.705	
2101	33.75	-32.432	-58.055	
2102	42.188	-29.939	-59.38	
2104	33.75	-37.238	-55.096	
2105	42.188	-34.866	-56.627	
2107	33.75	-41.777	-51.739	
2108	42.188	-39.543	-53.466	
2110	33.75	-46.014	-48.01	
2111	42.187	-43.935	-49.92	
2113	33.75	-49.92	-43.935	
2114	42.188	-48.01	-46.014	
2116	33.75	-53.466	-39.543	
2117	42.188	-51.739	-41.777	
2119	33.75	-56.627	-34.866	
2120	42.188	-55.096	-37.238	
2122	33.75	-59.38	-29.939	
2123	42.187	-58.055	-32.432	
2125	33.75	-61.705	-24.795	
2126	42.187	-60.597	-27.391	
2128	33.75	-63.585	-19.473	
2129	42.188	-62.701	-22.154	
2131	33.75	-65.007	-14.01	
2132	42.188	-64.354	-16.757	
2134	33.75	-65.961	-8.4467	
2135	42.188	-65.543	-11.239	
2137	42.188	-66.26	-5.6396	
2138	33.75	-66.44	-2.8223	
2140	50.625	-65.961	8.4467	
2141	59.063	-66.26	5.6396	
2142	50.625	-66.44	2.8223	
2144	50.625	-65.007	14.01	
2145	59.063	-65.543	11.239	
2147	50.625	-63.585	19.473	
2148	59.063	-64.354	16.757	
2150	50.625	-61.705	24.795	
2151	59.063	-62.701	22.154	
2153	50.625	-59.38	29.939	
2154	59.063	-60.597	27.391	
2156	50.625	-56.627	34.866	
2157	59.063	-58.055	32.432	
2159	50.625	-53.466	39.543	
2160	59.063	-55.096	37.238	
2162	50.625	-49.92	43.935	
2163	59.063	-51.739	41.777	
2165	50.625	-46.014	48.01	
2166	59.063	-48.01	46.014	
2168	50.625	-41.777	51.739	
2169	59.063	-43.935	49.92	
2171	50.625	-37.238	55.096	
2172	59.063	-39.543	53.466	
2174	50.625	-32.432	58.055	
2175	59.063	-34.866	56.627	
2177	50.625	-27.391	60.597	
2178	59.063	-29.939	59.38	
2180	50.625	-22.154	62.701	
2181	59.063	-24.795	61.705	
2183	50.625	-16.757	64.354	
2184	59.063	-19.473	63.585	
2186	50.625	-11.239	65.543	
2187	59.063	-14.01	65.007	
2189	50.625	-5.6396	66.26	
2190	59.063	-8.4467	65.961	
2192	50.625	3.4369e-013	66.5	
2193	59.063	-2.8223	66.44	
2195	50.625	5.6396	66.26	
2196	59.063	2.8223	66.44	
2198	50.625	11.239	65.543	
2199	59.063	8.4467	65.961	
2201	50.625	16.757	64.354	
2202	59.063	14.01	65.007	
2204	50.625	22.154	62.701	
2205	59.063	19.473	63.585	
2207	50.625	27.391	60.597	
2208	59.063	24.795	61.705	
2210	50.625	32.432	58.055	
2211	59.063	29.939	59.38	
2213	50.625	37.238	55.096	
2214	59.063	34.866	56.627	
2216	50.625	41.777	51.739	
2217	59.063	39.543	53.466	
2219	50.625	46.014	48.01	
2220	59.063	43.935	49.92	
2222	50.625	49.92	43.935	
2223	59.063	48.01	46.014	
2225	50.625	53.466	39.543	
2226	59.063	51.739	41.777	
2228	50.625	56.627	34.866	
2229	59.063	55.096	37.238	
2231	50.625	59.38	29.939	
2232	59.063	58.055	32.432	
2234	50.625	61.705	24.795	
2235	59.063	60.597	27.391	
2237	50.625	63.585	19.473	
2238	59.063	62.701	22.154	
2240	50.625	65.007	14.01	
2241	59.063	64.354	16.757	
2243	50.625	65.961	8.4467	
2244	59.063	65.543	11.239	
2246	50.625	66.44	2.8223	
2247	59.063	66.26	5.6396	
2249	50.625	66.44	-2.8223	
2250	59.063	66.5	-1.9429e-013	
2251	50.625	65.961	-8.4467	
2252	59.063	66.26	-5.6396	
2254	50.625	65.007	-14.01	
2255	59.063	65.543	-11.239	
2257	50.625	63.585	-19.473	
2258	59.063	64.354	-16.757	
2260	50.625	61.705	-24.795	
2261	59.063	62.701	-22.154	
2263	50.625	59.38	-29.939	
2264	59.063	60.597	-27.391	
2266	50.625	56.627	-34.866	
2267	59.063	58.055	-32.432	
2269	50.625	53.466	-39.543	
2270	59.063	55.096	-37.238	
2272	50.625	49.92	-43.935	
2273	59.063	51.739	-41.777	
2275	50.625	46.014	-48.01	
2276	59.063	48.01	-46.014	
2278	50.625	41.777	-51.739	
2279	59.063	43.935	-49.92	
2281	50.625	37.238	-55.096	
2282	59.063	39.543	-53.466	
2284	50.625	32.432	-58.055	
2285	59.063	34.866	-56.627	
2287	50.625	27.391	-60.597	
2288	59.063	29.939	-59.38	
2290	50.625	22.154	-62.701	
2291	59.063	24.795	-61.705	
2293	50.625	16.757	-64.354	
2294	59.063	19.473	-63.585	
2296	50.625	11.239	-65.543	
2297	59.063	14.01	-65.007	
2299	50.625	5.6396	-66.26	
2300	59.063	8.4467	-65.961	
2302	50.625	1.8838e-014	-66.5	
2303	59.063	2.8223	-66.44	
2305	50.625	-5.6396	-66.26	
2306	59.063	-2.8223	-66.44	
2308	50.625	-11.239	-65.543	
2309	59.063	-8.4467	-65.961	
2311	50.625	-16.757	-64.354	
2312	59.063	-14.01	-65.007	
2314	50.625	-22.154	-62.701	
2315	59.063	-19.473	-63.585	
2317	50.625	-27.391	-60.597	
2318	59.063	-24.795	-61.705	
2320	50.625	-32.432	-58.055	
2321	59.063	-29.939	-59.38	
2323	50.625	-37.238	-55.096	
2324	59.063	-34.866	-56.627	
2326	50.625	-41.777	-51.739	
2327	59.063	-39.543	-53.466	
2329	50.625	-46.014	-48.01	
2330	59.063	-43.935	-49.92	
2332	50.625	-49.92	-43.935	
2333	59.063	-48.01	-46.014	
2335	50.625	-53.466	-39.543	
2336	59.063	-51.739	-41.777	
2338	50.625	-56.627	-34.866	
2339	59.063	-55.096	-37.238	
2341	50.625	-59.38	-29.939	
2342	59.063	-58.055	-32.432	
2344	50.625	-61.705	-24.795	
2345	59.062	-60.597	-27.391	
2347	50.625	-63.585	-19.473	
2348	59.063	-62.701	-22.154	
2350	50.625	-65.007	-14.01	
2351	59.063	-64.354	-16.757	
2353	50.625	-65.961	-8.4467	
2354	59.063	-65.543	-11.239	
2356	59.063	-66.26	-5.6396	
2357	50.625	-66.44	-2.8223	
2359	67.5	-65.961	8.4467	
2360	75.938	-66.26	5.6396	
2361	67.5	-66.44	2.8223	
2363	67.5	-65.007	14.01	
2364	75.938	-65.543	11.239	
2366	67.5	-63.585	19.473	
2367	75.938	-64.354	16.757	
2369	67.5	-61.705	24.795	
2370	75.938	-62.701	22.154	
2372	67.5	-59.38	29.939	
2373	75.938	-60.597	27.391	
2375	67.5	-56.627	34.866	
2376	75.938	-58.055	32.432	
2378	67.5	-53.466	39.543	
2379	75.938	-55.096	37.238	
2381	67.5	-49.92	43.935	
2382	75.938	-51.739	41.777	
2384	67.5	-46.014	48.01	
2385	75.938	-48.01	46.014	
2387	67.5	-41.777	51.739	
2388	75.938	-43.935	49.92	
2390	67.5	-37.238	55.096	
2391	75.938	-39.543	53.466	
2393	67.5	-32.432	58.055	
2394	75.938	-34.866	56.627	
2396	67.5	-27.391	60.597	
2397	75.938	-29.939	59.38	
2399	67.5	-22.154	62.701	
2400	75.938	-24.795	61.705	
2402	67.5	-16.757	64.354	
2403	75.938	-19.473	63.585	
2405	67.5	-11.239	65.543	
2406	75.938	-14.01	65.007	
2408	67.5	-5.6396	66.26	
2409	75.938	-8.4467	65.961	
2411	67.5	3.4369e-013	66.5	
2412	75.938	-2.8223	66.44	
2414	67.5	5.6396	66.26	
2415	75.938	2.8223	66.44	
2417	67.5	11.239	65.543	
2418	75.938	8.4467	65.961	
2420	67.5	16.757	64.354	
2421	75.938	14.01	65.007	
2423	67.5	22.154	62.701	
2424	75.938	19.473	63.585	
2426	67.5	27.391	60.597	
2427	75.938	24.795	61.705	
2429	67.5	32.432	58.055	
2430	75.938	29.939	59.38	
2432	67.5	37.238	55.096	
2433	75.938	34.866	56.627	
2435	67.5	41.777	51.739	
2436	75.938	39.543	53.466	
2438	67.5	46.014	48.01	
2439	75.938	43.935	49.92	
2441	67.5	49.92	43.935	
2442	75.938	48.01	46.014	
2444	67.5	53.466	39.543	
2445	75.938	51.739	41.777	
2447	67.5	56.627	34.866	
2448	75.938	55.096	37.238	
2450	67.5	59.38	29.939	
2451	75.938	58.055	32.432	
2453	67.5	61.705	24.795	
2454	75.938	60.597	27.391	
2456	67.5	63.585	19.473	
2457	75.938	62.701	22.154	
2459	67.5	65.007	14.01	
2460	75.938	64.354	16.757	
2462	67.5	65.961	8.4467	
2463	75.938	65.543	11.239	
2465	67.5	66.44	2.8223	
2466	75.938	66.26	5.6396	
2468	67.5	66.44	-2.8223	
2469	75.938	66.5	-1.9429e-013	
2470	67.5	65.961	-8.4467	
2471	75.938	66.26	-5.6396	
2473	67.5	65.007	-14.01	
2474	75.938	65.543	-11.239	
2476	67.5	63.585	-19.473	
2477	75.938	64.354	-16.757	
2479	67.5	61.705	-24.795	
2480	75.938	62.701	-22.154	
2482	67.5	59.38	-29.939	
2483	75.938	60.597	-27.391	
2485	67.5	56.627	-34.866	
2486	75.938	58.055	-32.432	
2488	67.5	53.466	-39.543	
2489	75.938	55.096	-37.238	
2491	67.5	49.92	-43.935	
2492	75.938	51.739	-41.777	
2494	67.5	46.014	-48.01	
2495	75.938	48.01	-46.014	
2497	67.5	41.777	-51.739	
2498	75.938	43.935	-49.92	
2500	67.5	37.238	-55.096	
2501	75.938	39.543	-53.466	
2503	67.5	32.432	-58.055	
2504	75.938	34.866	-56.627	
2506	67.5	27.391	-60.597	
2507	75.938	29.939	-59.38	
2509	67.5	22.154	-62.701	
2510	75.938	24.795	-61.705	
2512	67.5	16.757	-64.354	
2513	75.938	19.473	-63.585	
2515	67.5	11.239	-65.543	
2516	75.938	14.01	-65.007	
2518	67.5	5.6396	-66.26	
2519	75.938	8.4467	-65.961	
2521	67.5	1.8838e-014	-66.5	
2522	75.938	2.8223	-66.44	
2524	67.5	-5.6396	-66.26	
2525	75.938	-2.8223	-66.44	
2527	67.5	-11.239	-65.543	
2528	75.938	-8.4467	-65.961	
2530	67.5	-16.757	-64.354	
2531	75.938	-14.01	-65.007	
2533	67.5	-22.154	-62.701	
2534	75.938	-19.473	-63.585	
2536	67.5	-27.391	-60.597	
2537	75.938	-24.795	-61.705	
2539	67.5	-32.432	-58.055	
2540	75.938	-29.939	-59.38	
2542	67.5	-37.238	-55.096	
2543	75.938	-34.866	-56.627	
2545	67.5	-41.777	-51.739	
2546	75.938	-39.543	-53.466	
2548	67.5	-46.014	-48.01	
2549	75.938	-43.935	-49.92	
2551	67.5	-49.92	-43.935	
2552	75.938	-48.01	-46.014	
2554	67.5	-53.466	-39.543	
2555	75.938	-51.739	-41.777	
2557	67.5	-56.627	-34.866	
2558	75.938	-55.096	-37.238	
2560	67.5	-59.38	-29.939	
2561	75.938	-58.055	-32.432	
2563	67.5	-61.705	-24.795	
2564	75.938	-60.597	-27.391	
2566	67.5	-63.585	-19.473	
2567	75.938	-62.701	-22.154	
2569	67.5	-65.007	-14.01	
2570	75.938	-64.354	-16.757	
2572	67.5	-65.961	-8.4467	
2573	75.938	-65.543	-11.239	
2575	75.938	-66.26	-5.6396	
2576	67.5	-66.44	-2.8223	
2578	84.375	-65.961	8.4467	
2579	92.813	-66.26	5.6396	
2580	84.375	-66.44	2.8223	
2582	84.375	-65.007	14.01	
2583	92.813	-65.543	11.239	
2585	84.375	-63.585	19.473	
2586	92.813	-64.354	16.757	
2588	84.375	-61.705	24.795	
2589	92.813	-62.701	22.154	
2591	84.375	-59.38	29.939	
2592	92.813	-60.597	27.391	
2594	84.375	-56.627	34.866	
2595	92.813	-58.055	32.432	
2597	84.375	-53.466	39.543	
2598	92.813	-55.096	37.238	
2600	84.375	-49.92	43.935	
2601	92.813	-51.739	41.777	
2603	84.375	-46.014	48.01	
2604	92.813	-48.01	46.014	
2606	84.375	-41.777	51.739	
2607	92.813	-43.935	49.92	
2609	84.375	-37.238	55.096	
2610	92.813	-39.543	53.466	
2612	84.375	-32.432	58.055	
2613	92.813	-34.866	56.627	
2615	84.375	-27.391	60.597	
2616	92.813	-29.939	59.38	
2618	84.375	-22.154	62.701	
2619	92.813	-24.795	61.705	
2621	84.375	-16.757	64.354	
2622	92.813	-19.473	63.585	
2624	84.375	-11.239	65.543	
2625	92.813	-14.01	65.007	
2627	84.375	-5.6396	66.26	
2628	92.813	-8.4467	65.961	
2630	84.375	3.4369e-013	66.5	
2631	92.813	-2.8223	66.44	
2633	84.375	5.6396	66.26	
2634	92.813	2.8223	66.44	
2636	84.375	11.239	65.543	
2637	92.813	8.4467	65.961	
2639	84.375	16.757	64.354	
2640	92.813	14.01	65.007	
2642	84.375	22.154	62.701	
2643	92.813	19.473	63.585	
2645	84.375	27.391	60.597	
2646	92.813	24.795	61.705	
2648	84.375	32.432	58.055	
2649	92.813	29.939	59.38	
2651	84.375	37.238	55.096	
2652	92.813	34.866	56.627	
2654	84.375	41.777	51.739	
2655	92.813	39.543	53.466	
2657	84.375	46.014	48.01	
2658	92.813	43.935	49.92	
2660	84.375	49.92	43.935	
2661	92.813	48.01	46.014	
2663	84.375	53.466	39.543	
2664	92.813	51.739	41.777	
2666	84.375	56.627	34.866	
2667	92.813	55.096	37.238	
2669	84.375	59.38	29.939	
2670	92.813	58.055	32.432	
2672	84.375	61.705	24.795	
2673	92.813	60.597	27.391	
2675	84.375	63.585	19.473	
2676	92.813	62.701	22.154	
2678	84.375	65.007	14.01	
2679	92.813	64.354	16.757	
2681	84.375	65.961	8.4467	
2682	92.813	65.543	11.239	
2684	84.375	66.44	2.8223	
2685	92.813	66.26	5.6396	
2687	84.375	66.44	-2.8223	
2688	92.813	66.5	-1.9429e-013	
2689	84.375	65.961	-8.4467	
2690	92.813	66.26	-5.6396	
2692	84.375	65.007	-14.01	
2693	92.813	65.543	-11.239	
2695	84.375	63.585	-19.473	
2696	92.813	64.354	-16.757	
2698	84.375	61.705	-24.795	
2699	92.813	62.701	-22.154	
2701	84.375	59.38	-29.939	
2702	92.813	60.597	-27.391	
2704	84.375	56.627	-34.866	
2705	92.813	58.055	-32.432	
2707	84.375	53.466	-39.543	
2708	92.813	55.096	-37.238	
2710	84.375	49.92	-43.935	
2711	92.813	51.739	-41.777	
2713	84.375	46.014	-48.01	
2714	92.813	48.01	-46.014	
2716	84.375	41.777	-51.739	
2717	92.813	43.935	-49.92	
2719	84.375	37.238	-55.096	
2720	92.813	39.543	-53.466	
2722	84.375	32.432	-58.055	
2723	92.813	34.866	-56.627	
2725	84.375	27.391	-60.597	
2726	92.813	29.939	-59.38	
2728	84.375	22.154	-62.701	
2729	92.813	24.795	-61.705	
2731	84.375	16.757	-64.354	
2732	92.813	19.473	-63.585	
2734	84.375	11.239	-65.543	
2735	92.813	14.01	-65.007	
2737	84.375	5.6396	-66.26	
2738	92.813	8.4467	-65.961	
2740	84.375	1.8838e-014	-66.5	
2741	92.813	2.8223	-66.44	
2743	84.375	-5.6396	-66.26	
2744	92.813	-2.8223	-66.44	
2746	84.375	-11.239	-65.543	
2747	92.813	-8.4467	-65.961	
2749	84.375	-16.757	-64.354	
2750	92.813	-14.01	-65.007	
2752	84.375	-22.154	-62.701	
2753	92.813	-19.473	-63.585	
2755	84.375	-27.391	-60.597	
2756	92.813	-24.795	-61.705	
2758	84.375	-32.432	-58.055	
2759	92.813	-29.939	-59.38	
2761	84.375	-37.238	-55.096	
2762	92.813	-34.866	-56.627	
2764	84.375	-41.777	-51.739	
2765	92.813	-39.543	-53.466	
2767	84.375	-46.014	-48.01	
2768	92.813	-43.935	-49.92	
2770	84.375	-49.92	-43.935	
2771	92.813	-48.01	-46.014	
2773	84.375	-53.466	-39.543	
2774	92.813	-51.739	-41.777	
2776	84.375	-56.627	-34.866	
2777	92.813	-55.096	-37.238	
2779	84.375	-59.38	-29.939	
2780	92.813	-58.055	-32.432	
2782	84.375	-61.705	-24.795	
2783	92.813	-60.597	-27.391	
2785	84.375	-63.585	-19.473	
2786	92.813	-62.701	-22.154	
2788	84.375	-65.007	-14.01	
2789	92.813	-64.354	-16.757	
2791	84.375	-65.961	-8.4467	
2792	92.813	-65.543	-11.239	
2794	92.813	-66.26	-5.6396	
2795	84.375	-66.44	-2.8223	
2797	101.25	-65.961	8.4467	
2798	109.69	-66.26	5.6396	
2799	101.25	-66.44	2.8223	
2801	101.25	-65.007	14.01	
2802	109.69	-65.543	11.239	
2804	101.25	-63.585	19.473	
2805	109.69	-64.354	16.757	
2807	101.25	-61.705	24.795	
2808	109.69	-62.701	22.154	
2810	101.25	-59.38	29.939	
2811	109.69	-60.597	27.391	
2813	101.25	-56.627	34.866	
2814	109.69	-58.055	32.432	
2816	101.25	-53.466	39.543	
2817	109.69	-55.096	37.238	
2819	101.25	-49.92	43.935	
2820	109.69	-51.739	41.777	
2822	101.25	-46.014	48.01	
2823	109.69	-48.01	46.014	
2825	101.25	-41.777	51.739	
2826	109.69	-43.935	49.92	
2828	101.25	-37.238	55.096	
2829	109.69	-39.543	53.466	
2831	101.25	-32.432	58.055	
2832	109.69	-34.866	56.627	
2834	101.25	-27.391	60.597	
2835	109.69	-29.939	59.38	
2837	101.25	-22.154	62.701	
2838	109.69	-24.795	61.705	
2840	101.25	-16.757	64.354	
2841	109.69	-19.473	63.585	
2843	101.25	-11.239	65.543	
2844	109.69	-14.01	65.007	
2846	101.25	-5.6396	66.26	
2847	109.69	-8.4467	65.961	
2849	101.25	3.4369e-013	66.5	
2850	109.69	-2.8223	66.44	
2852	101.25	5.6396	66.26	
2853	109.69	2.8223	66.44	
2855	101.25	11.239	65.543	
2856	109.69	8.4467	65.961	
2858	101.25	16.757	64.354	
2859	109.69	14.01	65.007	
2861	101.25	22.154	62.701	
2862	109.69	19.473	63.585	
2864	101.25	27.391	60.597	
2865	109.69	24.795	61.705	
2867	101.25	32.432	58.055	
2868	109.69	29.939	59.38	
2870	101.25	37.238	55.096	
2871	109.69	34.866	56.627	
2873	101.25	41.777	51.739	
2874	109.69	39.543	53.466	
2876	101.25	46.014	48.01	
2877	109.69	43.935	49.92	
2879	101.25	49.92	43.935	
2880	109.69	48.01	46.014	
2882	101.25	53.466	39.543	
2883	109.69	51.739	41.777	
2885	101.25	56.627	34.866	
2886	109.69	55.096	37.238	
2888	101.25	59.38	29.939	
2889	109.69	58.055	32.432	
2891	101.25	61.705	24.795	
2892	109.69	60.597	27.391	
2894	101.25	63.585	19.473	
2895	109.69	62.701	22.154	
2897	101.25	65.007	14.01	
2898	109.69	64.354	16.757	
2900	101.25	65.961	8.4467	
2901	109.69	65.543	11.239	
2903	101.25	66.44	2.8223	
2904	109.69	66.26	5.6396	
2906	101.25	66.44	-2.8223	
2907	109.69	66.5	-1.9429e-013	
2908	101.25	65.961	-8.4467	
2909	109.69	66.26	-5.6396	
2911	101.25	65.007	-14.01	
2912	109.69	65.543	-11.239	
2914	101.25	63.585	-19.473	
2915	109.69	64.354	-16.757	
2917	101.25	61.705	-24.795	
2918	109.69	62.701	-22.154	
2920	101.25	59.38	-29.939	
2921	109.69	60.597	-27.391	
2923	101.25	56.627	-34.866	
2924	109.69	58.055	-32.432	
2926	101.25	53.466	-39.543	
2927	109.69	55.096	-37.238	
2929	101.25	49.92	-43.935	
2930	109.69	51.739	-41.777	
2932	101.25	46.014	-48.01	
2933	109.69	48.01	-46.014	
2935	101.25	41.777	-51.739	
2936	109.69	43.935	-49.92	
2938	101.25	37.238	-55.096	
2939	109.69	39.543	-53.466	
2941	101.25	32.432	-58.055	
2942	109.69	34.866	-56.627	
2944	101.25	27.391	-60.597	
2945	109.69	29.939	-59.38	
2947	101.25	22.154	-62.701	
2948	109.69	24.795	-61.705	
2950	101.25	16.757	-64.354	
2951	109.69	19.473	-63.585	
2953	101.25	11.239	-65.543	
2954	109.69	14.01	-65.007	
2956	101.25	5.6396	-66.26	
2957	109.69	8.4467	-65.961	
2959	101.25	1.8838e-014	-66.5	
2960	109.69	2.8223	-66.44	
2962	101.25	-5.6396	-66.26	
2963	109.69	-2.8223	-66.44	
2965	101.25	-11.239	-65.543	
2966	109.69	-8.4467	-65.961	
2968	101.25	-16.757	-64.354	
2969	109.69	-14.01	-65.007	
2971	101.25	-22.154	-62.701	
2972	109.69	-19.473	-63.585	
2974	101.25	-27.391	-60.597	
2975	109.69	-24.795	-61.705	
2977	101.25	-32.432	-58.055	
2978	109.69	-29.939	-59.38	
2980	101.25	-37.238	-55.096	
2981	109.69	-34.866	-56.627	
2983	101.25	-41.777	-51.739	
2984	109.69	-39.543	-53.466	
2986	101.25	-46.014	-48.01	
2987	109.69	-43.935	-49.92	
2989	101.25	-49.92	-43.935	
2990	109.69	-48.01	-46.014	
2992	101.25	-53.466	-39.543	
2993	109.69	-51.739	-41.777	
2995	101.25	-56.627	-34.866	
2996	109.69	-55.096	-37.238	
2998	101.25	-59.38	-29.939	
2999	109.69	-58.055	-32.432	
3001	101.25	-61.705	-24.795	
3002	109.69	-60.597	-27.391	
3004	101.25	-63.585	-19.473	
3005	109.69	-62.701	-22.154	
3007	101.25	-65.007	-14.01	
3008	109.69	-64.354	-16.757	
3010	101.25	-65.961	-8.4467	
3011	109.69	-65.543	-11.239	
3013	109.69	-66.26	-5.6396	
3014	101.25	-66.44	-2.8223	
3016	118.13	-65.961	8.4467	
3017	126.56	-66.26	5.6396	
3018	118.13	-66.44	2.8223	
3020	118.13	-65.007	14.01	
3021	126.56	-65.543	11.239	
3023	118.13	-63.585	19.473	
3024	126.56	-64.354	16.757	
3026	118.13	-61.705	24.795	
3027	126.56	-62.701	22.154	
3029	118.13	-59.38	29.939	
3030	126.56	-60.597	27.391	
3032	118.13	-56.627	34.866	
3033	126.56	-58.055	32.432	
3035	118.13	-53.466	39.543	
3036	126.56	-55.096	37.238	
3038	118.13	-49.92	43.935	
3039	126.56	-51.739	41.777	
3041	118.13	-46.014	48.01	
3042	126.56	-48.01	46.014	
3044	118.13	-41.777	51.739	
3045	126.56	-43.935	49.92	
3047	118.13	-37.238	55.096	
3048	126.56	-39.543	53.466	
3050	118.13	-32.432	58.055	
3051	126.56	-34.866	56.627	
3053	118.13	-27.391	60.597	
3054	126.56	-29.939	59.38	
3056	118.13	-22.154	62.701	
3057	126.56	-24.795	61.705	
3059	118.13	-16.757	64.354	
3060	126.56	-19.473	63.585	
3062	118.13	-11.239	65.543	
3063	126.56	-14.01	65.007	
3065	118.13	-5.6396	66.26	
3066	126.56	-8.4467	65.961	
3068	118.13	3.4369e-013	66.5	
3069	126.56	-2.8223	66.44	
3071	118.13	5.6396	66.26	
3072	126.56	2.8223	66.44	
3074	118.13	11.239	65.543	
3075	126.56	8.4467	65.961	
3077	118.13	16.757	64.354	
3078	126.56	14.01	65.007	
3080	118.13	22.154	62.701	
3081	126.56	19.473	63.585	
3083	118.13	27.391	60.597	
3084	126.56	24.795	61.705	
3086	118.13	32.432	58.055	
3087	126.56	29.939	59.38	
3089	118.13	37.238	55.096	
3090	126.56	34.866	56.627	
3092	118.13	41.777	51.739	
3093	126.56	39.543	53.466	
3095	118.13	46.014	48.01	
3096	126.56	43.935	49.92	
3098	118.13	49.92	43.935	
3099	126.56	48.01	46.014	
3101	118.13	53.466	39.543	
3102	126.56	51.739	41.777	
3104	118.13	56.627	34.866	
3105	126.56	55.096	37.238	
3107	118.13	59.38	29.939	
3108	126.56	58.055	32.432	
3110	118.13	61.705	24.795	
3111	126.56	60.597	27.391	
3113	118.13	63.585	19.473	
3114	126.56	62.701	22.154	
3116	118.13	65.007	14.01	
3117	126.56	64.354	16.757	
3119	118.13	65.961	8.4467	
3120	126.56	65.543	11.239	
3122	118.13	66.44	2.8223	
3123	126.56	66.26	5.6396	
3125	118.13	66.44	-2.8223	
3126	126.56	66.5	-1.9429e-013	
3127	118.13	65.961	-8.4467	
3128	126.56	66.26	-5.6396	
3130	118.13	65.007	-14.01	
3131	126.56	65.543	-11.239	
3133	118.13	63.585	-19.473	
3134	126.56	64.354	-16.757	
3136	118.13	61.705	-24.795	
3137	126.56	62.701	-22.154	
3139	118.13	59.38	-29.939	
3140	126.56	60.597	-27.391	
3142	118.13	56.627	-34.866	
3143	126.56	58.055	-32.432	
3145	118.13	53.466	-39.543	
3146	126.56	55.096	-37.238	
3148	118.13	49.92	-43.935	
3149	126.56	51.739	-41.777	
3151	118.13	46.014	-48.01	
3152	126.56	48.01	-46.014	
3154	118.13	41.777	-51.739	
3155	126.56	43.935	-49.92	
3157	118.13	37.238	-55.096	
3158	126.56	39.543	-53.466	
3160	118.13	32.432	-58.055	
3161	126.56	34.866	-56.627	
3163	118.13	27.391	-60.597	
3164	126.56	29.939	-59.38	
3166	118.13	22.154	-62.701	
3167	126.56	24.795	-61.705	
3169	118.13	16.757	-64.354	
3170	126.56	19.473	-63.585	
3172	118.13	11.239	-65.543	
3173	126.56	14.01	-65.007	
3175	118.13	5.6396	-66.26	
3176	126.56	8.4467	-65.961	
3178	118.13	1.8838e-014	-66.5	
3179	126.56	2.8223	-66.44	
3181	118.13	-5.6396	-66.26	
3182	126.56	-2.8223	-66.44	
3184	118.13	-11.239	-65.543	
3185	126.56	-8.4467	-65.961	
3187	118.13	-16.757	-64.354	
3188	126.56	-14.01	-65.007	
3190	118.13	-22.154	-62.701	
3191	126.56	-19.473	-63.585	
3193	118.13	-27.391	-60.597	
3194	126.56	-24.795	-61.705	
3196	118.13	-32.432	-58.055	
3197	126.56	-29.939	-59.38	
3199	118.13	-37.238	-55.096	
3200	126.56	-34.866	-56.627	
3202	118.13	-41.777	-51.739	
3203	126.56	-39.543	-53.466	
3205	118.13	-46.014	-48.01	
3206	126.56	-43.935	-49.92	
3208	118.13	-49.92	-43.935	
3209	126.56	-48.01	-46.014	
3211	118.13	-53.466	-39.543	
3212	126.56	-51.739	-41.777	
3214	118.13	-56.627	-34.866	
3215	126.56	-55.096	-37.238	
3217	118.13	-59.38	-29.939	
3218	126.56	-58.055	-32.432	
3220	118.13	-61.705	-24.795	
3221	126.56	-60.597	-27.391	
3223	118.13	-63.585	-19.473	
3224	126.56	-62.701	-22.154	
3226	118.13	-65.007	-14.01	
3227	126.56	-64.354	-16.757	
3229	118.13	-65.961	-8.4467	
3230	126.56	-65.543	-11.239	
3232	118.13	-66.44	-2.8223	
3233	126.56	-66.26	-5.6396	
3235	135.	-66.44	2.8223	
3236	135.	-65.961	8.4467	
3238	25.313	-66.5	-8.1439e-015	
3240	42.188	-66.5	-8.1439e-015	
3242	59.063	-66.5	-8.1439e-015	
3244	75.938	-66.5	-8.1439e-015	
3246	92.813	-66.5	-8.1439e-015	
3248	109.69	-66.5	-8.1439e-015	
3250	126.56	-66.5	-8.1439e-015	
3252	135.	-66.44	-2.8223	
3254	135.	-65.961	-8.4467	
3256	135.	-65.007	-14.01	
3258	135.	-63.585	-19.473	
3260	135.	-61.705	-24.795	
3262	135.	-59.38	-29.939	
3264	135.	-56.627	-34.866	
3266	135.	-53.466	-39.543	
3268	135.	-49.92	-43.935	
3270	135.	-46.014	-48.01	
3272	135.	-41.777	-51.739	
3274	135.	-37.238	-55.096	
3276	135.	-32.432	-58.055	
3278	135.	-27.391	-60.597	
3280	135.	-22.154	-62.701	
3282	135.	-16.757	-64.354	
3284	135.	-11.239	-65.543	
3286	135.	-5.6396	-66.26	
3288	135.	4.072e-015	-66.5	
3290	135.	5.6396	-66.26	
3292	135.	11.239	-65.543	
3294	135.	16.757	-64.354	
3296	135.	22.154	-62.701	
3298	135.	27.391	-60.597	
3300	135.	32.432	-58.055	
3302	135.	37.238	-55.096	
3304	135.	41.777	-51.739	
3306	135.	46.014	-48.01	
3308	135.	49.92	-43.935	
3310	135.	53.466	-39.543	
3312	135.	56.627	-34.866	
3314	135.	59.38	-29.939	
3316	135.	61.705	-24.795	
3318	135.	63.585	-19.473	
3320	135.	65.007	-14.01	
3322	135.	65.961	-8.4467	
3324	135.	66.44	-2.8223	
3326	135.	66.44	2.8223	
3327	135.	65.961	8.4467	
3329	135.	65.007	14.01	
3331	135.	63.585	19.473	
3333	135.	61.705	24.795	
3335	135.	59.38	29.939	
3337	135.	56.627	34.866	
3339	135.	53.466	39.543	
3341	135.	49.92	43.935	
3343	135.	46.014	48.01	
3345	135.	41.777	51.739	
3347	135.	37.238	55.096	
3349	135.	32.432	58.055	
3351	135.	27.391	60.597	
3353	135.	22.154	62.701	
3355	135.	16.757	64.354	
3357	135.	11.239	65.543	
3359	135.	5.6396	66.26	
3361	135.	3.7322e-013	66.5	
3363	135.	-5.6396	66.26	
3365	135.	-11.239	65.543	
3367	135.	-16.757	64.354	
3369	135.	-22.154	62.701	
3371	135.	-27.391	60.597	
3373	135.	-32.432	58.055	
3375	135.	-37.238	55.096	
3377	135.	-41.777	51.739	
3379	135.	-46.014	48.01	
3381	135.	-49.92	43.935	
3383	135.	-53.466	39.543	
3385	135.	-56.627	34.866	
3387	135.	-59.38	29.939	
3389	135.	-61.705	24.795	
3391	135.	-63.585	19.473	
3393	135.	-65.007	14.01	
