節点番号	X 座標 (mm)	Y 座標 (mm)	Z 座標 (mm)	
99	0.	2.8223	-66.44	
100	0.	8.4467	-65.961	
101	0.	14.01	-65.007	
102	0.	19.473	-63.585	
103	0.	24.795	-61.705	
104	0.	29.939	-59.38	
105	0.	34.866	-56.627	
106	0.	39.543	-53.466	
107	0.	43.935	-49.92	
200	16.875	43.935	-49.92	
201	16.875	39.543	-53.466	
202	16.875	34.866	-56.627	
203	16.875	29.939	-59.38	
204	16.875	24.795	-61.705	
205	16.875	19.473	-63.585	
206	16.875	14.01	-65.007	
207	16.875	8.4467	-65.961	
208	16.875	2.8223	-66.44	
273	33.75	43.935	-49.92	
274	33.75	39.543	-53.466	
275	33.75	34.866	-56.627	
276	33.75	29.939	-59.38	
277	33.75	24.795	-61.705	
278	33.75	19.473	-63.585	
279	33.75	14.01	-65.007	
280	33.75	8.4467	-65.961	
281	33.75	2.8223	-66.44	
346	50.625	43.935	-49.92	
347	50.625	39.543	-53.466	
348	50.625	34.866	-56.627	
349	50.625	29.939	-59.38	
350	50.625	24.795	-61.705	
351	50.625	19.473	-63.585	
352	50.625	14.01	-65.007	
353	50.625	8.4467	-65.961	
354	50.625	2.8223	-66.44	
419	67.5	43.935	-49.92	
420	67.5	39.543	-53.466	
421	67.5	34.866	-56.627	
422	67.5	29.939	-59.38	
423	67.5	24.795	-61.705	
424	67.5	19.473	-63.585	
425	67.5	14.01	-65.007	
426	67.5	8.4467	-65.961	
427	67.5	2.8223	-66.44	
492	84.375	43.935	-49.92	
493	84.375	39.543	-53.466	
494	84.375	34.866	-56.627	
495	84.375	29.939	-59.38	
496	84.375	24.795	-61.705	
497	84.375	19.473	-63.585	
498	84.375	14.01	-65.007	
499	84.375	8.4467	-65.961	
500	84.375	2.8223	-66.44	
565	101.25	43.935	-49.92	
566	101.25	39.543	-53.466	
567	101.25	34.866	-56.627	
568	101.25	29.939	-59.38	
569	101.25	24.795	-61.705	
570	101.25	19.473	-63.585	
571	101.25	14.01	-65.007	
572	101.25	8.4467	-65.961	
573	101.25	2.8223	-66.44	
638	118.13	43.935	-49.92	
639	118.13	39.543	-53.466	
640	118.13	34.866	-56.627	
641	118.13	29.939	-59.38	
642	118.13	24.795	-61.705	
643	118.13	19.473	-63.585	
644	118.13	14.01	-65.007	
645	118.13	8.4467	-65.961	
646	118.13	2.8223	-66.44	
692	135.	2.8223	-66.44	
693	135.	8.4467	-65.961	
694	135.	14.01	-65.007	
695	135.	19.473	-63.585	
696	135.	24.795	-61.705	
697	135.	29.939	-59.38	
698	135.	34.866	-56.627	
699	135.	39.543	-53.466	
700	135.	43.935	-49.92	
1593	0.	5.6396	-66.26	
1594	8.4375	2.8223	-66.44	
1595	0.	11.239	-65.543	
1596	8.4375	8.4467	-65.961	
1597	0.	16.757	-64.354	
1598	8.4375	14.01	-65.007	
1599	0.	22.154	-62.701	
1600	8.4375	19.473	-63.585	
1601	0.	27.391	-60.597	
1602	8.4375	24.795	-61.705	
1603	0.	32.432	-58.055	
1604	8.4375	29.939	-59.38	
1605	0.	37.238	-55.096	
1606	8.4375	34.866	-56.627	
1607	0.	41.777	-51.739	
1608	8.4375	39.543	-53.466	
1609	0.	46.014	-48.01	
1610	8.4375	43.935	-49.92	
1837	16.875	46.014	-48.01	
1840	16.875	41.777	-51.739	
1841	25.313	43.935	-49.92	
1843	16.875	37.238	-55.096	
1844	25.313	39.543	-53.466	
1846	16.875	32.432	-58.055	
1847	25.313	34.866	-56.627	
1849	16.875	27.391	-60.597	
1850	25.313	29.939	-59.38	
1852	16.875	22.154	-62.701	
1853	25.313	24.795	-61.705	
1855	16.875	16.757	-64.354	
1856	25.313	19.473	-63.585	
1858	16.875	11.239	-65.543	
1859	25.313	14.01	-65.007	
1861	16.875	5.6396	-66.26	
1862	25.312	8.4467	-65.961	
1865	25.313	2.8223	-66.44	
2056	33.75	46.014	-48.01	
2059	33.75	41.777	-51.739	
2060	42.188	43.935	-49.92	
2062	33.75	37.238	-55.096	
2063	42.188	39.543	-53.466	
2065	33.75	32.432	-58.055	
2066	42.188	34.866	-56.627	
2068	33.75	27.391	-60.597	
2069	42.188	29.939	-59.38	
2071	33.75	22.154	-62.701	
2072	42.188	24.795	-61.705	
2074	33.75	16.757	-64.354	
2075	42.188	19.473	-63.585	
2077	33.75	11.239	-65.543	
2078	42.188	14.01	-65.007	
2080	33.75	5.6396	-66.26	
2081	42.188	8.4467	-65.961	
2084	42.188	2.8223	-66.44	
2275	50.625	46.014	-48.01	
2278	50.625	41.777	-51.739	
2279	59.063	43.935	-49.92	
2281	50.625	37.238	-55.096	
2282	59.063	39.543	-53.466	
2284	50.625	32.432	-58.055	
2285	59.063	34.866	-56.627	
2287	50.625	27.391	-60.597	
2288	59.063	29.939	-59.38	
2290	50.625	22.154	-62.701	
2291	59.063	24.795	-61.705	
2293	50.625	16.757	-64.354	
2294	59.063	19.473	-63.585	
2296	50.625	11.239	-65.543	
2297	59.063	14.01	-65.007	
2299	50.625	5.6396	-66.26	
2300	59.063	8.4467	-65.961	
2303	59.063	2.8223	-66.44	
2494	67.5	46.014	-48.01	
2497	67.5	41.777	-51.739	
2498	75.938	43.935	-49.92	
2500	67.5	37.238	-55.096	
2501	75.938	39.543	-53.466	
2503	67.5	32.432	-58.055	
2504	75.938	34.866	-56.627	
2506	67.5	27.391	-60.597	
2507	75.938	29.939	-59.38	
2509	67.5	22.154	-62.701	
2510	75.938	24.795	-61.705	
2512	67.5	16.757	-64.354	
2513	75.938	19.473	-63.585	
2515	67.5	11.239	-65.543	
2516	75.938	14.01	-65.007	
2518	67.5	5.6396	-66.26	
2519	75.938	8.4467	-65.961	
2522	75.938	2.8223	-66.44	
2713	84.375	46.014	-48.01	
2716	84.375	41.777	-51.739	
2717	92.813	43.935	-49.92	
2719	84.375	37.238	-55.096	
2720	92.813	39.543	-53.466	
2722	84.375	32.432	-58.055	
2723	92.813	34.866	-56.627	
2725	84.375	27.391	-60.597	
2726	92.813	29.939	-59.38	
2728	84.375	22.154	-62.701	
2729	92.813	24.795	-61.705	
2731	84.375	16.757	-64.354	
2732	92.813	19.473	-63.585	
2734	84.375	11.239	-65.543	
2735	92.813	14.01	-65.007	
2737	84.375	5.6396	-66.26	
2738	92.813	8.4467	-65.961	
2741	92.813	2.8223	-66.44	
2932	101.25	46.014	-48.01	
2935	101.25	41.777	-51.739	
2936	109.69	43.935	-49.92	
2938	101.25	37.238	-55.096	
2939	109.69	39.543	-53.466	
2941	101.25	32.432	-58.055	
2942	109.69	34.866	-56.627	
2944	101.25	27.391	-60.597	
2945	109.69	29.939	-59.38	
2947	101.25	22.154	-62.701	
2948	109.69	24.795	-61.705	
2950	101.25	16.757	-64.354	
2951	109.69	19.473	-63.585	
2953	101.25	11.239	-65.543	
2954	109.69	14.01	-65.007	
2956	101.25	5.6396	-66.26	
2957	109.69	8.4467	-65.961	
2960	109.69	2.8223	-66.44	
3151	118.13	46.014	-48.01	
3154	118.13	41.777	-51.739	
3155	126.56	43.935	-49.92	
3157	118.13	37.238	-55.096	
3158	126.56	39.543	-53.466	
3160	118.13	32.432	-58.055	
3161	126.56	34.866	-56.627	
3163	118.13	27.391	-60.597	
3164	126.56	29.939	-59.38	
3166	118.13	22.154	-62.701	
3167	126.56	24.795	-61.705	
3169	118.13	16.757	-64.354	
3170	126.56	19.473	-63.585	
3172	118.13	11.239	-65.543	
3173	126.56	14.01	-65.007	
3175	118.13	5.6396	-66.26	
3176	126.56	8.4467	-65.961	
3179	126.56	2.8223	-66.44	
3290	135.	5.6396	-66.26	
3292	135.	11.239	-65.543	
3294	135.	16.757	-64.354	
3296	135.	22.154	-62.701	
3298	135.	27.391	-60.597	
3300	135.	32.432	-58.055	
3302	135.	37.238	-55.096	
3304	135.	41.777	-51.739	
3306	135.	46.014	-48.01	
