節点番号	X 座標 (mm)	Y 座標 (mm)	Z 座標 (mm)	
108	0.	48.01	-46.014	
109	0.	51.739	-41.777	
110	0.	55.096	-37.238	
111	0.	58.055	-32.432	
112	0.	60.597	-27.391	
113	0.	62.701	-22.154	
114	0.	64.354	-16.757	
115	0.	65.543	-11.239	
116	0.	66.26	-5.6396	
117	0.	66.5	-1.9429e-013	
190	16.875	66.5	-1.9429e-013	
191	16.875	66.26	-5.6396	
192	16.875	65.543	-11.239	
193	16.875	64.354	-16.757	
194	16.875	62.701	-22.154	
195	16.875	60.597	-27.391	
196	16.875	58.055	-32.432	
197	16.875	55.096	-37.238	
198	16.875	51.739	-41.777	
199	16.875	48.01	-46.014	
263	33.75	66.5	-1.9429e-013	
264	33.75	66.26	-5.6396	
265	33.75	65.543	-11.239	
266	33.75	64.354	-16.757	
267	33.75	62.701	-22.154	
268	33.75	60.597	-27.391	
269	33.75	58.055	-32.432	
270	33.75	55.096	-37.238	
271	33.75	51.739	-41.777	
272	33.75	48.01	-46.014	
336	50.625	66.5	-1.9429e-013	
337	50.625	66.26	-5.6396	
338	50.625	65.543	-11.239	
339	50.625	64.354	-16.757	
340	50.625	62.701	-22.154	
341	50.625	60.597	-27.391	
342	50.625	58.055	-32.432	
343	50.625	55.096	-37.238	
344	50.625	51.739	-41.777	
345	50.625	48.01	-46.014	
409	67.5	66.5	-1.9429e-013	
410	67.5	66.26	-5.6396	
411	67.5	65.543	-11.239	
412	67.5	64.354	-16.757	
413	67.5	62.701	-22.154	
414	67.5	60.597	-27.391	
415	67.5	58.055	-32.432	
416	67.5	55.096	-37.238	
417	67.5	51.739	-41.777	
418	67.5	48.01	-46.014	
482	84.375	66.5	-1.9429e-013	
483	84.375	66.26	-5.6396	
484	84.375	65.543	-11.239	
485	84.375	64.354	-16.757	
486	84.375	62.701	-22.154	
487	84.375	60.597	-27.391	
488	84.375	58.055	-32.432	
489	84.375	55.096	-37.238	
490	84.375	51.739	-41.777	
491	84.375	48.01	-46.014	
555	101.25	66.5	-1.9429e-013	
556	101.25	66.26	-5.6396	
557	101.25	65.543	-11.239	
558	101.25	64.354	-16.757	
559	101.25	62.701	-22.154	
560	101.25	60.597	-27.391	
561	101.25	58.055	-32.432	
562	101.25	55.096	-37.238	
563	101.25	51.739	-41.777	
564	101.25	48.01	-46.014	
628	118.13	66.5	-1.9429e-013	
629	118.13	66.26	-5.6396	
630	118.13	65.543	-11.239	
631	118.13	64.354	-16.757	
632	118.13	62.701	-22.154	
633	118.13	60.597	-27.391	
634	118.13	58.055	-32.432	
635	118.13	55.096	-37.238	
636	118.13	51.739	-41.777	
637	118.13	48.01	-46.014	
701	135.	48.01	-46.014	
702	135.	51.739	-41.777	
703	135.	55.096	-37.238	
704	135.	58.055	-32.432	
705	135.	60.597	-27.391	
706	135.	62.701	-22.154	
707	135.	64.354	-16.757	
708	135.	65.543	-11.239	
709	135.	66.26	-5.6396	
710	135.	66.5	-1.9429e-013	
1611	0.	49.92	-43.935	
1612	8.4375	48.01	-46.014	
1613	0.	53.466	-39.543	
1614	8.4375	51.739	-41.777	
1615	0.	56.627	-34.866	
1616	8.4375	55.096	-37.238	
1617	0.	59.38	-29.939	
1618	8.4375	58.055	-32.432	
1619	0.	61.705	-24.795	
1620	8.4375	60.597	-27.391	
1621	0.	63.585	-19.473	
1622	8.4375	62.701	-22.154	
1623	0.	65.007	-14.01	
1624	8.4375	64.354	-16.757	
1625	0.	65.961	-8.4467	
1626	8.4375	65.543	-11.239	
1627	0.	66.44	-2.8223	
1628	8.4375	66.26	-5.6396	
1630	8.4375	66.5	-1.9429e-013	
1811	16.875	66.44	-2.8223	
1812	25.313	66.5	-1.9429e-013	
1813	16.875	65.961	-8.4467	
1814	25.313	66.26	-5.6396	
1816	16.875	65.007	-14.01	
1817	25.313	65.543	-11.239	
1819	16.875	63.585	-19.473	
1820	25.313	64.354	-16.757	
1822	16.875	61.705	-24.795	
1823	25.313	62.701	-22.154	
1825	16.875	59.38	-29.939	
1826	25.313	60.597	-27.391	
1828	16.875	56.627	-34.866	
1829	25.313	58.055	-32.432	
1831	16.875	53.466	-39.543	
1832	25.313	55.096	-37.238	
1834	16.875	49.92	-43.935	
1835	25.313	51.739	-41.777	
1838	25.313	48.01	-46.014	
2030	33.75	66.44	-2.8223	
2031	42.188	66.5	-1.9429e-013	
2032	33.75	65.961	-8.4467	
2033	42.188	66.26	-5.6396	
2035	33.75	65.007	-14.01	
2036	42.188	65.543	-11.239	
2038	33.75	63.585	-19.473	
2039	42.188	64.354	-16.757	
2041	33.75	61.705	-24.795	
2042	42.188	62.701	-22.154	
2044	33.75	59.38	-29.939	
2045	42.188	60.597	-27.391	
2047	33.75	56.627	-34.866	
2048	42.188	58.055	-32.432	
2050	33.75	53.466	-39.543	
2051	42.188	55.096	-37.238	
2053	33.75	49.92	-43.935	
2054	42.188	51.739	-41.777	
2057	42.188	48.01	-46.014	
2249	50.625	66.44	-2.8223	
2250	59.063	66.5	-1.9429e-013	
2251	50.625	65.961	-8.4467	
2252	59.063	66.26	-5.6396	
2254	50.625	65.007	-14.01	
2255	59.063	65.543	-11.239	
2257	50.625	63.585	-19.473	
2258	59.063	64.354	-16.757	
2260	50.625	61.705	-24.795	
2261	59.063	62.701	-22.154	
2263	50.625	59.38	-29.939	
2264	59.063	60.597	-27.391	
2266	50.625	56.627	-34.866	
2267	59.063	58.055	-32.432	
2269	50.625	53.466	-39.543	
2270	59.063	55.096	-37.238	
2272	50.625	49.92	-43.935	
2273	59.063	51.739	-41.777	
2276	59.063	48.01	-46.014	
2468	67.5	66.44	-2.8223	
2469	75.938	66.5	-1.9429e-013	
2470	67.5	65.961	-8.4467	
2471	75.938	66.26	-5.6396	
2473	67.5	65.007	-14.01	
2474	75.938	65.543	-11.239	
2476	67.5	63.585	-19.473	
2477	75.938	64.354	-16.757	
2479	67.5	61.705	-24.795	
2480	75.938	62.701	-22.154	
2482	67.5	59.38	-29.939	
2483	75.938	60.597	-27.391	
2485	67.5	56.627	-34.866	
2486	75.938	58.055	-32.432	
2488	67.5	53.466	-39.543	
2489	75.938	55.096	-37.238	
2491	67.5	49.92	-43.935	
2492	75.938	51.739	-41.777	
2495	75.938	48.01	-46.014	
2687	84.375	66.44	-2.8223	
2688	92.813	66.5	-1.9429e-013	
2689	84.375	65.961	-8.4467	
2690	92.813	66.26	-5.6396	
2692	84.375	65.007	-14.01	
2693	92.813	65.543	-11.239	
2695	84.375	63.585	-19.473	
2696	92.813	64.354	-16.757	
2698	84.375	61.705	-24.795	
2699	92.813	62.701	-22.154	
2701	84.375	59.38	-29.939	
2702	92.813	60.597	-27.391	
2704	84.375	56.627	-34.866	
2705	92.813	58.055	-32.432	
2707	84.375	53.466	-39.543	
2708	92.813	55.096	-37.238	
2710	84.375	49.92	-43.935	
2711	92.813	51.739	-41.777	
2714	92.813	48.01	-46.014	
2906	101.25	66.44	-2.8223	
2907	109.69	66.5	-1.9429e-013	
2908	101.25	65.961	-8.4467	
2909	109.69	66.26	-5.6396	
2911	101.25	65.007	-14.01	
2912	109.69	65.543	-11.239	
2914	101.25	63.585	-19.473	
2915	109.69	64.354	-16.757	
2917	101.25	61.705	-24.795	
2918	109.69	62.701	-22.154	
2920	101.25	59.38	-29.939	
2921	109.69	60.597	-27.391	
2923	101.25	56.627	-34.866	
2924	109.69	58.055	-32.432	
2926	101.25	53.466	-39.543	
2927	109.69	55.096	-37.238	
2929	101.25	49.92	-43.935	
2930	109.69	51.739	-41.777	
2933	109.69	48.01	-46.014	
3125	118.13	66.44	-2.8223	
3126	126.56	66.5	-1.9429e-013	
3127	118.13	65.961	-8.4467	
3128	126.56	66.26	-5.6396	
3130	118.13	65.007	-14.01	
3131	126.56	65.543	-11.239	
3133	118.13	63.585	-19.473	
3134	126.56	64.354	-16.757	
3136	118.13	61.705	-24.795	
3137	126.56	62.701	-22.154	
3139	118.13	59.38	-29.939	
3140	126.56	60.597	-27.391	
3142	118.13	56.627	-34.866	
3143	126.56	58.055	-32.432	
3145	118.13	53.466	-39.543	
3146	126.56	55.096	-37.238	
3148	118.13	49.92	-43.935	
3149	126.56	51.739	-41.777	
3152	126.56	48.01	-46.014	
3308	135.	49.92	-43.935	
3310	135.	53.466	-39.543	
3312	135.	56.627	-34.866	
3314	135.	59.38	-29.939	
3316	135.	61.705	-24.795	
3318	135.	63.585	-19.473	
3320	135.	65.007	-14.01	
3322	135.	65.961	-8.4467	
3324	135.	66.44	-2.8223	
