節点番号	X 座標 (mm)	Y 座標 (mm)	Z 座標 (mm)	各方向での変形量 (mm)
137	5.5556	5.5556	3.	3.6837
138	5.5556	11.111	3.	2.5099
139	5.5556	16.667	3.	1.4401
140	5.5556	22.222	3.	0.47017
141	5.5556	27.778	3.	-0.47017
142	5.5556	33.333	3.	-1.4401
143	5.5556	38.889	3.	-2.5099
144	5.5556	44.444	3.	-3.6837
145	11.111	5.5556	3.	12.705
146	11.111	11.111	3.	8.9016
147	11.111	16.667	3.	5.2347
148	11.111	22.222	3.	1.7249
149	11.111	27.778	3.	-1.7249
150	11.111	33.333	3.	-5.2347
151	11.111	38.889	3.	-8.9016
152	11.111	44.444	3.	-12.705
153	16.667	5.5556	3.	25.094
154	16.667	11.111	3.	17.777
155	16.667	16.667	3.	10.565
156	16.667	22.222	3.	3.5013
157	16.667	27.778	3.	-3.5013
158	16.667	33.333	3.	-10.565
159	16.667	38.889	3.	-17.777
160	16.667	44.444	3.	-25.094
161	22.222	5.5556	3.	39.434
162	22.222	11.111	3.	28.064
163	22.222	16.667	3.	16.767
164	22.222	22.222	3.	5.5742
165	22.222	27.778	3.	-5.5742
166	22.222	33.333	3.	-16.767
167	22.222	38.889	3.	-28.064
168	22.222	44.444	3.	-39.434
169	27.778	5.5556	3.	54.784
170	27.778	11.111	3.	39.078
171	27.778	16.667	3.	23.41
172	27.778	22.222	3.	7.7954
173	27.778	27.778	3.	-7.7954
174	27.778	33.333	3.	-23.41
175	27.778	38.889	3.	-39.078
176	27.778	44.444	3.	-54.784
177	33.333	5.5556	3.	70.483
178	33.333	11.111	3.	50.337
179	33.333	16.667	3.	30.197
180	33.333	22.222	3.	10.064
181	33.333	27.778	3.	-10.064
182	33.333	33.333	3.	-30.197
183	33.333	38.889	3.	-50.337
184	33.333	44.444	3.	-70.483
185	38.889	5.5556	3.	86.058
186	38.889	11.111	3.	61.501
187	38.889	16.667	3.	36.922
188	38.889	22.222	3.	12.311
189	38.889	27.778	3.	-12.311
190	38.889	33.333	3.	-36.922
191	38.889	38.889	3.	-61.501
192	38.889	44.444	3.	-86.058
193	44.444	5.5556	3.	101.16
194	44.444	11.111	3.	72.321
195	44.444	16.667	3.	43.435
196	44.444	22.222	3.	14.487
197	44.444	27.778	3.	-14.487
198	44.444	33.333	3.	-43.435
199	44.444	38.889	3.	-72.321
200	44.444	44.444	3.	-101.16
201	50.	5.5556	3.	115.52
202	50.	11.111	3.	82.607
203	50.	16.667	3.	49.624
204	50.	22.222	3.	16.554
205	50.	27.778	3.	-16.554
206	50.	33.333	3.	-49.624
207	50.	38.889	3.	-82.607
208	50.	44.444	3.	-115.52
209	55.556	5.5556	3.	128.94
210	55.556	11.111	3.	92.213
211	55.556	16.667	3.	55.403
212	55.556	22.222	3.	18.483
213	55.556	27.778	3.	-18.483
214	55.556	33.333	3.	-55.403
215	55.556	38.889	3.	-92.213
216	55.556	44.444	3.	-128.94
217	61.111	5.5556	3.	141.25
218	61.111	11.111	3.	101.03
219	61.111	16.667	3.	60.704
220	61.111	22.222	3.	20.253
221	61.111	27.778	3.	-20.253
222	61.111	33.333	3.	-60.704
223	61.111	38.889	3.	-101.03
224	61.111	44.444	3.	-141.25
225	66.667	5.5556	3.	152.33
226	66.667	11.111	3.	108.97
227	66.667	16.667	3.	65.481
228	66.667	22.222	3.	21.847
229	66.667	27.778	3.	-21.847
230	66.667	33.333	3.	-65.481
231	66.667	38.889	3.	-108.97
232	66.667	44.444	3.	-152.33
233	72.222	5.5556	3.	162.12
234	72.222	11.111	3.	115.98
235	72.222	16.667	3.	69.705
236	72.222	22.222	3.	23.258
237	72.222	27.778	3.	-23.258
238	72.222	33.333	3.	-69.705
239	72.222	38.889	3.	-115.98
240	72.222	44.444	3.	-162.12
241	77.778	5.5556	3.	170.58
242	77.778	11.111	3.	122.07
243	77.778	16.667	3.	73.374
244	77.778	22.222	3.	24.485
245	77.778	27.778	3.	-24.485
246	77.778	33.333	3.	-73.374
247	77.778	38.889	3.	-122.07
248	77.778	44.444	3.	-170.58
249	83.333	5.5556	3.	177.75
250	83.333	11.111	3.	127.25
251	83.333	16.667	3.	76.519
252	83.333	22.222	3.	25.539
253	83.333	27.778	3.	-25.539
254	83.333	33.333	3.	-76.519
255	83.333	38.889	3.	-127.25
256	83.333	44.444	3.	-177.75
257	88.889	5.5556	3.	183.76
258	88.889	11.111	3.	131.66
259	88.889	16.667	3.	79.218
260	88.889	22.222	3.	26.448
261	88.889	27.778	3.	-26.448
262	88.889	33.333	3.	-79.218
263	88.889	38.889	3.	-131.66
264	88.889	44.444	3.	-183.76
265	94.444	5.5556	3.	188.88
266	94.444	11.111	3.	135.52
267	94.444	16.667	3.	81.616
268	94.444	22.222	3.	27.262
269	94.444	27.778	3.	-27.262
270	94.444	33.333	3.	-81.616
271	94.444	38.889	3.	-135.52
272	94.444	44.444	3.	-188.88
273	0.	44.444	3.	0.
274	0.	38.889	3.	0.
275	0.	33.333	3.	0.
276	0.	27.778	3.	0.
277	0.	22.222	3.	0.
278	0.	16.667	3.	0.
279	0.	11.111	3.	0.
280	0.	5.5556	3.	0.
281	0.	0.	3.	0.
282	5.5556	0.	3.	4.4381
283	11.111	0.	3.	16.184
284	16.667	0.	3.	32.206
285	22.222	0.	3.	50.698
286	27.778	0.	3.	70.454
287	33.333	0.	3.	90.64
288	38.889	0.	3.	110.66
289	44.444	0.	3.	130.07
290	50.	0.	3.	148.52
291	55.556	0.	3.	165.76
292	61.111	0.	3.	181.57
293	66.667	0.	3.	195.8
294	72.222	0.	3.	208.35
295	77.778	0.	3.	219.16
296	83.333	0.	3.	228.26
297	88.889	0.	3.	235.77
298	94.444	0.	3.	241.96
299	100.	0.	3.	247.28
300	100.	5.5556	3.	193.59
301	100.	11.111	3.	139.19
302	100.	16.667	3.	83.94
303	100.	22.222	3.	28.058
304	100.	27.778	3.	-28.058
305	100.	33.333	3.	-83.94
306	100.	38.889	3.	-139.19
307	100.	44.444	3.	-193.59
308	100.	50.	3.	-247.28
309	94.444	50.	3.	-241.96
310	88.889	50.	3.	-235.77
311	83.333	50.	3.	-228.26
312	77.778	50.	3.	-219.16
313	72.222	50.	3.	-208.35
314	66.667	50.	3.	-195.8
315	61.111	50.	3.	-181.57
316	55.556	50.	3.	-165.76
317	50.	50.	3.	-148.52
318	44.444	50.	3.	-130.07
319	38.889	50.	3.	-110.66
320	33.333	50.	3.	-90.64
321	27.778	50.	3.	-70.454
322	22.222	50.	3.	-50.698
323	16.667	50.	3.	-32.206
324	11.111	50.	3.	-16.184
325	5.5556	50.	3.	-4.4381
326	0.	50.	3.	0.
814	5.5556	8.3333	3.	3.0915
815	8.3333	5.5556	3.	7.6425
816	2.7778	5.5556	3.	1.0709
817	5.5556	2.7778	3.	4.2418
818	5.5556	13.889	3.	1.9578
819	8.3333	11.111	3.	5.3017
820	2.7778	11.111	3.	0.68331
821	5.5556	19.444	3.	0.94793
822	8.3333	16.667	3.	3.088
823	2.7778	16.667	3.	0.38784
824	5.5556	25.	3.	-3.0726e-011
825	8.3333	22.222	3.	1.0131
826	2.7778	22.222	3.	0.1257
827	5.5556	30.556	3.	-0.94793
828	8.3333	27.778	3.	-1.0131
829	2.7778	27.778	3.	-0.1257
830	5.5556	36.111	3.	-1.9578
831	8.3333	33.333	3.	-3.088
832	2.7778	33.333	3.	-0.38784
833	5.5556	41.667	3.	-3.0915
834	8.3333	38.889	3.	-5.3017
835	2.7778	38.889	3.	-0.68331
836	8.3333	44.444	3.	-7.6425
837	2.7778	44.444	3.	-1.0709
838	5.5556	47.222	3.	-4.2418
839	11.111	8.3333	3.	10.799
840	13.889	5.5556	3.	18.585
841	11.111	2.7778	3.	14.533
842	11.111	13.889	3.	7.0447
843	13.889	11.111	3.	13.11
844	11.111	19.444	3.	3.464
845	13.889	16.667	3.	7.7565
846	11.111	25.	3.	-1.0771e-010
847	13.889	22.222	3.	2.5642
848	11.111	30.556	3.	-3.464
849	13.889	27.778	3.	-2.5642
850	11.111	36.111	3.	-7.0447
851	13.889	33.333	3.	-7.7565
852	11.111	41.667	3.	-10.799
853	13.889	38.889	3.	-13.11
854	13.889	44.444	3.	-18.585
855	11.111	47.222	3.	-14.533
856	16.667	8.3333	3.	21.435
857	19.444	5.5556	3.	32.085
858	16.667	2.7778	3.	28.709
859	16.667	13.889	3.	14.15
860	19.444	11.111	3.	22.791
861	16.667	19.444	3.	7.0181
862	19.444	16.667	3.	13.587
863	16.667	25.	3.	-2.1432e-010
864	19.444	22.222	3.	4.5109
865	16.667	30.556	3.	-7.0181
866	19.444	27.778	3.	-4.5109
867	16.667	36.111	3.	-14.15
868	19.444	33.333	3.	-13.587
869	16.667	41.667	3.	-21.435
870	19.444	38.889	3.	-22.791
871	19.444	44.444	3.	-32.085
872	16.667	47.222	3.	-28.709
873	22.222	8.3333	3.	33.747
874	25.	5.5556	3.	47.029
875	22.222	2.7778	3.	45.095
876	22.222	13.889	3.	22.402
877	25.	11.111	3.	33.515
878	22.222	19.444	3.	11.16
879	25.	16.667	3.	20.055
880	22.222	25.	3.	-3.3163e-010
881	25.	22.222	3.	6.6735
882	22.222	30.556	3.	-11.16
883	25.	27.778	3.	-6.6735
884	22.222	36.111	3.	-22.402
885	25.	33.333	3.	-20.055
886	22.222	41.667	3.	-33.747
887	25.	38.889	3.	-33.515
888	25.	44.444	3.	-47.029
889	22.222	47.222	3.	-45.095
890	27.778	8.3333	3.	46.93
891	30.556	5.5556	3.	62.622
892	27.778	2.7778	3.	62.629
893	27.778	13.889	3.	31.237
894	30.556	11.111	3.	44.701
895	27.778	19.444	3.	15.597
896	30.556	16.667	3.	26.8
897	27.778	25.	3.	-4.4191e-010
898	30.556	22.222	3.	8.9287
899	27.778	30.556	3.	-15.597
900	30.556	27.778	3.	-8.9287
901	27.778	36.111	3.	-31.237
902	30.556	33.333	3.	-26.8
903	27.778	41.667	3.	-46.93
904	30.556	38.889	3.	-44.701
905	30.556	44.444	3.	-62.622
906	27.778	47.222	3.	-62.629
907	33.333	8.3333	3.	60.409
908	36.111	5.5556	3.	78.31
909	33.333	2.7778	3.	80.558
910	33.333	13.889	3.	40.266
911	36.111	11.111	3.	55.948
912	33.333	19.444	3.	20.13
913	36.111	16.667	3.	33.577
914	33.333	25.	3.	-5.2844e-010
915	36.111	22.222	3.	11.194
916	33.333	30.556	3.	-20.13
917	36.111	27.778	3.	-11.194
918	33.333	36.111	3.	-40.266
919	36.111	33.333	3.	-33.577
920	33.333	41.667	3.	-60.409
921	36.111	38.889	3.	-55.948
922	36.111	44.444	3.	-78.31
923	33.333	47.222	3.	-80.558
924	38.889	8.3333	3.	73.78
925	41.667	5.5556	3.	93.686
926	38.889	2.7778	3.	98.345
927	38.889	13.889	3.	49.216
928	41.667	11.111	3.	66.967
929	38.889	19.444	3.	24.62
930	41.667	16.667	3.	40.213
931	38.889	25.	3.	-5.7457e-010
932	41.667	22.222	3.	13.411
933	38.889	30.556	3.	-24.62
934	41.667	27.778	3.	-13.411
935	38.889	36.111	3.	-49.216
936	41.667	33.333	3.	-40.213
937	38.889	41.667	3.	-73.78
938	41.667	38.889	3.	-66.967
939	41.667	44.444	3.	-93.686
940	38.889	47.222	3.	-98.345
941	44.444	8.3333	3.	86.742
942	47.222	5.5556	3.	108.45
943	44.444	2.7778	3.	115.59
944	44.444	13.889	3.	57.886
945	47.222	11.111	3.	77.54
946	44.444	19.444	3.	28.967
947	47.222	16.667	3.	46.576
948	44.444	25.	3.	-5.6404e-010
949	47.222	22.222	3.	15.536
950	44.444	30.556	3.	-28.967
951	47.222	27.778	3.	-15.536
952	44.444	36.111	3.	-57.886
953	47.222	33.333	3.	-46.576
954	44.444	41.667	3.	-86.742
955	47.222	38.889	3.	-77.54
956	47.222	44.444	3.	-108.45
957	44.444	47.222	3.	-115.59
958	50.	8.3333	3.	99.067
959	52.778	5.5556	3.	122.36
960	50.	2.7778	3.	131.99
961	50.	13.889	3.	66.127
962	52.778	11.111	3.	87.502
963	50.	19.444	3.	33.098
964	52.778	16.667	3.	52.569
965	50.	25.	3.	-4.8546e-010
966	52.778	22.222	3.	17.537
967	50.	30.556	3.	-33.098
968	52.778	27.778	3.	-17.537
969	50.	36.111	3.	-66.127
970	52.778	33.333	3.	-52.569
971	50.	41.667	3.	-99.067
972	52.778	38.889	3.	-87.502
973	52.778	44.444	3.	-122.36
974	50.	47.222	3.	-131.99
975	55.556	8.3333	3.	110.58
976	58.333	5.5556	3.	135.24
977	55.556	2.7778	3.	147.32
978	55.556	13.889	3.	73.823
979	58.333	11.111	3.	96.725
980	55.556	19.444	3.	36.954
981	58.333	16.667	3.	58.116
982	55.556	25.	3.	-3.3528e-010
983	58.333	22.222	3.	19.389
984	55.556	30.556	3.	-36.954
985	58.333	27.778	3.	-19.389
986	55.556	36.111	3.	-73.823
987	58.333	33.333	3.	-58.116
988	55.556	41.667	3.	-110.58
989	58.333	38.889	3.	-96.725
990	58.333	44.444	3.	-135.24
991	55.556	47.222	3.	-147.32
992	61.111	8.3333	3.	121.14
993	63.889	5.5556	3.	146.95
994	61.111	2.7778	3.	161.38
995	61.111	13.889	3.	80.883
996	63.889	11.111	3.	105.11
997	61.111	19.444	3.	40.491
998	63.889	16.667	3.	63.16
999	61.111	25.	3.	-1.155e-010
1000	63.889	22.222	3.	21.073
1001	61.111	30.556	3.	-40.491
1002	63.889	27.778	3.	-21.073
1003	61.111	36.111	3.	-80.883
1004	63.889	33.333	3.	-63.16
1005	61.111	41.667	3.	-121.14
1006	63.889	38.889	3.	-105.11
1007	63.889	44.444	3.	-146.95
1008	61.111	47.222	3.	-161.38
1009	66.667	8.3333	3.	130.66
1010	69.444	5.5556	3.	157.39
1011	66.667	2.7778	3.	174.03
1012	66.667	13.889	3.	87.244
1013	69.444	11.111	3.	112.59
1014	66.667	19.444	3.	43.679
1015	69.444	16.667	3.	67.663
1016	66.667	25.	3.	1.6588e-010
1017	69.444	22.222	3.	22.576
1018	66.667	30.556	3.	-43.679
1019	69.444	27.778	3.	-22.576
1020	66.667	36.111	3.	-87.244
1021	69.444	33.333	3.	-67.663
1022	66.667	41.667	3.	-130.66
1023	69.444	38.889	3.	-112.59
1024	69.444	44.444	3.	-157.39
1025	66.667	47.222	3.	-174.03
1026	72.222	8.3333	3.	139.06
1027	75.	5.5556	3.	166.51
1028	72.222	2.7778	3.	185.2
1029	72.222	13.889	3.	92.867
1030	75.	11.111	3.	119.14
1031	72.222	19.444	3.	46.498
1032	75.	16.667	3.	71.608
1033	72.222	25.	3.	4.9779e-010
1034	75.	22.222	3.	23.894
1035	72.222	30.556	3.	-46.498
1036	75.	27.778	3.	-23.894
1037	72.222	36.111	3.	-92.867
1038	75.	33.333	3.	-71.608
1039	72.222	41.667	3.	-139.06
1040	75.	38.889	3.	-119.14
1041	75.	44.444	3.	-166.51
1042	72.222	47.222	3.	-185.2
1043	77.778	8.3333	3.	146.34
1044	80.556	5.5556	3.	174.32
1045	77.778	2.7778	3.	194.83
1046	77.778	13.889	3.	97.747
1047	80.556	11.111	3.	124.77
1048	77.778	19.444	3.	48.949
1049	80.556	16.667	3.	75.008
1050	77.778	25.	3.	8.6597e-010
1051	80.556	22.222	3.	25.032
1052	77.778	30.556	3.	-48.949
1053	80.556	27.778	3.	-25.032
1054	77.778	36.111	3.	-97.747
1055	80.556	33.333	3.	-75.008
1056	77.778	41.667	3.	-146.34
1057	80.556	38.889	3.	-124.77
1058	80.556	44.444	3.	-174.32
1059	77.778	47.222	3.	-194.83
1060	83.333	8.3333	3.	152.52
1061	86.111	5.5556	3.	180.89
1062	83.333	2.7778	3.	202.98
1063	83.333	13.889	3.	101.92
1064	86.111	11.111	3.	129.54
1065	83.333	19.444	3.	51.052
1066	86.111	16.667	3.	77.916
1067	83.333	25.	3.	1.2578e-009
1068	86.111	22.222	3.	26.009
1069	83.333	30.556	3.	-51.052
1070	86.111	27.778	3.	-26.009
1071	83.333	36.111	3.	-101.92
1072	86.111	33.333	3.	-77.916
1073	83.333	41.667	3.	-152.52
1074	86.111	38.889	3.	-129.54
1075	86.111	44.444	3.	-180.89
1076	83.333	47.222	3.	-202.98
1077	88.889	8.3333	3.	157.75
1078	91.667	5.5556	3.	186.41
1079	88.889	2.7778	3.	209.75
1080	88.889	13.889	3.	105.49
1081	91.667	11.111	3.	133.64
1082	88.889	19.444	3.	52.863
1083	91.667	16.667	3.	80.442
1084	88.889	25.	3.	1.6639e-009
1085	91.667	22.222	3.	26.863
1086	88.889	30.556	3.	-52.863
1087	91.667	27.778	3.	-26.863
1088	88.889	36.111	3.	-105.49
1089	91.667	33.333	3.	-80.442
1090	88.889	41.667	3.	-157.75
1091	91.667	38.889	3.	-133.64
1092	91.667	44.444	3.	-186.41
1093	88.889	47.222	3.	-209.75
1094	94.444	8.3333	3.	162.26
1095	94.444	2.7778	3.	215.42
1096	97.222	5.5556	3.	191.24
1097	94.444	13.889	3.	108.63
1098	97.222	11.111	3.	137.35
1099	94.444	19.444	3.	54.48
1100	97.222	16.667	3.	82.769
1101	94.444	25.	3.	2.0783e-009
1102	97.222	22.222	3.	27.656
1103	94.444	30.556	3.	-54.48
1104	97.222	27.778	3.	-27.656
1105	94.444	36.111	3.	-108.63
1106	97.222	33.333	3.	-82.769
1107	94.444	41.667	3.	-162.26
1108	97.222	38.889	3.	-137.35
1109	97.222	44.444	3.	-191.24
1110	94.444	47.222	3.	-215.42
1111	0.	41.667	3.	0.
1112	0.	47.222	3.	0.
1114	0.	36.111	3.	0.
1116	0.	30.556	3.	0.
1118	0.	25.	3.	0.
1120	0.	19.444	3.	0.
1122	0.	13.889	3.	0.
1124	0.	8.3333	3.	0.
1126	0.	2.7778	3.	0.
1128	2.7778	0.	3.	1.1611
1130	8.3333	0.	3.	9.609
1132	13.889	0.	3.	23.794
1134	19.444	0.	3.	41.227
1136	25.	0.	3.	60.476
1138	30.556	0.	3.	80.534
1140	36.111	0.	3.	100.7
1142	41.667	0.	3.	120.46
1144	47.222	0.	3.	139.43
1146	52.778	0.	3.	157.31
1148	58.333	0.	3.	173.86
1150	63.889	0.	3.	188.89
1152	69.444	0.	3.	202.29
1154	75.	0.	3.	213.97
1156	80.556	0.	3.	223.92
1158	86.111	0.	3.	232.2
1160	91.667	0.	3.	239.01
1162	97.222	0.	3.	244.68
1164	100.	2.7778	3.	220.49
1166	100.	8.3333	3.	166.49
1168	100.	13.889	3.	111.66
1170	100.	19.444	3.	56.056
1172	100.	25.	3.	2.4959e-009
1174	100.	30.556	3.	-56.056
1176	100.	36.111	3.	-111.66
1178	100.	41.667	3.	-166.49
1180	100.	47.222	3.	-220.49
1182	97.222	50.	3.	-244.68
1184	91.667	50.	3.	-239.01
1186	86.111	50.	3.	-232.2
1188	80.556	50.	3.	-223.92
1190	75.	50.	3.	-213.97
1192	69.444	50.	3.	-202.29
1194	63.889	50.	3.	-188.89
1196	58.333	50.	3.	-173.86
1198	52.778	50.	3.	-157.31
1200	47.222	50.	3.	-139.43
1202	41.667	50.	3.	-120.46
1204	36.111	50.	3.	-100.7
1206	30.556	50.	3.	-80.534
1208	25.	50.	3.	-60.476
1210	19.444	50.	3.	-41.227
1212	13.889	50.	3.	-23.794
1214	8.3333	50.	3.	-9.609
1216	2.7778	50.	3.	-1.1611
